T	I	Q
0	0.00821790793741966	0.001381847481422301
1	0.008170855950781698	0.0011006453107358539
2	0.008210667056427336	0.00080225313381452
3	0.008329571390597265	0.00048485897605714853
4	0.00826829182849906	0.0001883669972194184
5	0.008510861341741838	-0.00014126986533374294
6	0.008402220647232752	-0.0004362348992828629
7	0.008629236693144776	-0.0007629332412281655
8	0.008441997403348068	-0.0010683086461067432
9	0.008821491014368804	-0.0013581295723866789
10	0.009347128137106484	-0.0015031214725873725
11	0.008877762414945756	-0.0020315462003723953
12	0.009003797711610969	-0.0022885208454928945
13	0.009182353440141741	-0.00253366675754296
14	0.009539203840772824	-0.002791801880778803
15	0.009615006384292064	-0.0030597705290972953
16	0.00981037964286952	-0.0033270876809299806
17	0.0100406657640684	-0.0036201728760606785
18	0.010111913559866662	-0.00383222819576913
19	0.010342495087026327	-0.004115914196807717
20	0.010744892964867176	-0.004249233451637701
21	0.01066200067828904	-0.0046355912269864345
22	0.010904515232283302	-0.004828644565858849
23	0.01129716471341817	-0.005072053153946763
24	0.011550176483879477	-0.005275666165026632
25	0.011734489193692571	-0.005618679064804019
26	0.012053245965194219	-0.005823343971251597
27	0.012478342012673237	-0.0059784001348736635
28	0.012458329976306413	-0.006300741594070132
29	0.012911695687242172	-0.006434970229411556
30	0.01333029280358387	-0.0065871218045344
31	0.013378031780828314	-0.006823893272173155
32	0.013832256230022176	-0.006920151877951139
33	0.014105472394220123	-0.007065327011538466
34	0.014338018714514329	-0.007346094851234375
35	0.014532766811639885	-0.007592828785968595
36	0.015080868527209532	-0.0077113332821681976
37	0.015251668131793121	-0.007919968245326163
38	0.015688965132443264	-0.008074230397606153
39	0.016116726703475432	-0.0081921716208024
40	0.01633648125867694	-0.008473523092766845
41	0.016826319300910837	-0.008452878797872836
42	0.017112959261559445	-0.008673865048574226
43	0.01751550827733372	-0.008656824343617336
44	0.017722718384060865	-0.008929244884588843
45	0.018189981914965757	-0.008858672885048146
46	0.018606305092399997	-0.00889631716636868
47	0.018892615297557494	-0.00918288061021958
48	0.01924234160559936	-0.009348163911384473
49	0.01959806534163581	-0.009376741533277527
50	0.020057167424135696	-0.009398430937117518
51	0.02041069966013747	-0.009546422435721616
52	0.020801652274474326	-0.009674957263233955
53	0.02124307121876336	-0.009652860674090335
54	0.02160734111794445	-0.009688143280649819
55	0.021956352955755574	-0.009790380723969429
56	0.02232844080803843	-0.009813352761515853
57	0.022753976529505598	-0.009891111581665609
58	0.023169138692814884	-0.00991440258103321
59	0.023551146689455345	-0.00991251595579306
60	0.02390039210407267	-0.009938155057078256
61	0.024203396180967684	-0.009843002638041798
62	0.02473173317678884	-0.010066085893056879
63	0.025084681470775104	-0.009874288042203989
64	0.0254107134727994	-0.009926441693177185
65	0.025839615448238328	-0.009926482411707547
66	0.026272385180791752	-0.009985850028976711
67	0.02662297022709172	-0.009860688053062767
68	0.026952237954872543	-0.009827258139634795
69	0.027411862150233356	-0.009807414642504592
70	0.027569066210714664	-0.009519914672455342
71	0.027990287631173123	-0.009557138195628796
72	0.028562935521112377	-0.009637672662264958
73	0.028859791032079373	-0.009463750246241397
74	0.029063208950658736	-0.00922292728483153
75	0.029464040489916805	-0.009184712944085913
76	0.02994431562290847	-0.009173440697597107
77	0.030348114961586542	-0.009032744602349704
78	0.03059655137460868	-0.008879642928185058
79	0.030853211065190407	-0.00865194490639551
80	0.03134077516851685	-0.008595183275069576
81	0.03147273232420994	-0.008338167911418714
82	0.03195891557641735	-0.008293805072588293
83	0.032270005532750654	-0.008083738174445899
84	0.03267966490130202	-0.008006162587682775
85	0.032759616868084415	-0.007696898563154537
86	0.03328137936380154	-0.0075401254348355
87	0.033447335684609426	-0.0073230142309403164
88	0.03389375592051365	-0.0071749820138058565
89	0.03407426270236683	-0.006837520407001284
90	0.034474929363879345	-0.0067136817833241364
91	0.03454204147622659	-0.006384811786426144
92	0.03478859553498696	-0.00611899443379516
93	0.034984738223043675	-0.005785760767726606
94	0.035259919180376166	-0.005557370530920889
95	0.03567284862421438	-0.005404438517299422
96	0.03618507569031353	-0.005224326884660695
97	0.036323414988740844	-0.004877513588716101
98	0.036378229969232054	-0.004584095858920773
99	0.03673986182448425	-0.004339506433452334
100	0.036976640006914384	-0.004059240788964235
101	0.037050148001807975	-0.0037681304425561395
102	0.03750974471754453	-0.003482652826181584
103	0.03766342451621458	-0.0031814714299303886
104	0.037826777142623905	-0.0028434058315920992
105	0.038178351455397205	-0.002589634377526818
106	0.038016468988885756	-0.002164946892263106
107	0.03839993340561196	-0.001821397865169274
108	0.03845910390654826	-0.0015438060708416743
109	0.03909502363134452	-0.001180739294860541
110	0.03872275716150398	-0.0008099699302190857
111	0.038916206846383285	-0.000488483560160239
112	0.039083557758122334	-0.00016592493546850164
113	0.039037014144533165	0.00025870147199966593
114	0.039254061956745134	0.0005281156281460426
115	0.03956526183157548	0.0009253248918364989
116	0.039651692119776996	0.0012614699328260032
117	0.03996385378145642	0.00162001695193685
118	0.039756272699801774	0.0019626023071454258
119	0.04004494615264557	0.002306273489830346
120	0.03998318569712283	0.0026605789953617204
121	0.04004182034538608	0.0030251998619183723
122	0.03994929645050506	0.0034163217053195696
123	0.04020376464105211	0.0037557853065336533
124	0.040113301717990546	0.004105774647846556
125	0.040236060069462835	0.004538884082473669
126	0.04005739442243503	0.00482983834118204
127	0.04020892394050679	0.005236480731073243
128	0.040065253594973184	0.005528296865340962
129	0.04032505283262654	0.005875564851541276
130	0.04034041394258747	0.006216602902596059
131	0.04040209195923744	0.0065877794525411445
132	0.04031236411612481	0.006905723310458416
133	0.0401338152575001	0.007285952946987527
134	0.04002104574944606	0.007513807056476799
135	0.039804094115918995	0.007916866215696063
136	0.04010869201102105	0.008282226802220976
137	0.03996519341313906	0.008560829773385922
138	0.03972347576824832	0.008930309717899218
139	0.03961830437630197	0.009198441240339162
140	0.03946509173124432	0.009501733213747502
141	0.039612574874643904	0.009857830334614846
142	0.039378853800412617	0.010116379429576045
143	0.03946360096162825	0.01048015877983853
144	0.03904170629037544	0.010711847217603645
145	0.03911516619592657	0.011090149510362244
146	0.03898287241483631	0.01133760959222127
147	0.03893615018368946	0.011702963392324454
148	0.03871396368174101	0.011888741687105358
149	0.03881122094190068	0.012212284342947532
150	0.03854431822137631	0.012446762000042508
151	0.03843126017726754	0.012679115507136884
152	0.03818499465456189	0.012912263025573339
153	0.03806189967769242	0.013218378150420176
154	0.03781100383829907	0.013420247051116167
155	0.037671888240486444	0.01371789950806924
156	0.03740888075670082	0.013893952860515129
157	0.037256815385955995	0.014178371795100246
158	0.037088495817461806	0.01438567661959969
159	0.036971782983326554	0.014680947042526532
160	0.03681945655615127	0.014908909734763437
161	0.03650003340376134	0.014979461375038954
162	0.036379439072699464	0.015236693904185085
163	0.036144879869928266	0.015437592346574092
164	0.035932476114216114	0.01562791754391219
165	0.03572828189625143	0.015782498658013355
166	0.035479048574125774	0.01602547970153246
167	0.035355630711671256	0.01622123403625228
168	0.03500950423440736	0.016321673077814194
169	0.034832033951034826	0.016559516800085838
170	0.03467183461150926	0.016810383665651896
171	0.03442354246651448	0.016840196416299295
172	0.034119020140379146	0.016955660595565133
173	0.03399253142991365	0.01711923371845478
174	0.033734264181312756	0.01727518568974483
175	0.03356081279298814	0.017304272293267423
176	0.03323390831289362	0.01751819387895084
177	0.0330526664510915	0.017625955469556358
178	0.03279779980599269	0.017733567758883875
179	0.03256034150286214	0.017868413958602468
180	0.03227826315984057	0.018080170675754924
181	0.03210624071197744	0.018092644118889438
182	0.03188129250779093	0.01815079696666944
183	0.03161718583903494	0.018317030366876135
184	0.03147346740415887	0.01830233776383684
185	0.03128356946071508	0.01841490414102518
186	0.03096751943220297	0.018533279695211968
187	0.030854722444524668	0.0185711479284495
188	0.03053652213541427	0.01866457659636726
189	0.030365124849003042	0.018739417255174338
190	0.030186850786620926	0.018772901459976128
191	0.029951048130851997	0.018872804374221595
192	0.029780516452604933	0.01891674645490493
193	0.02957284606217145	0.018925100540051063
194	0.029341666853184144	0.01899652762872938
195	0.02917086037869449	0.0189991811196247
196	0.028949299038197932	0.019092046514539107
197	0.028834001404712036	0.019100468463902506
198	0.028575273872404796	0.019113294800966834
199	0.028412141082989548	0.019158777399382234
200	0.02822894816786502	0.019164817314719404
201	0.02799407294941484	0.019195098328465974
202	0.027998737615632853	0.01916622889043865
203	0.027632241866886762	0.01924930147880077
204	0.027589277474357368	0.019180568599548132
205	0.027284638359818928	0.01923295298886005
206	0.02736922064328901	0.019203269180225472
207	0.026892194975866004	0.019240825238063555
208	0.026886884538477897	0.019213557395563838
209	0.02671494452948755	0.0192190204650542
210	0.026738604485974794	0.019132242490429052
211	0.02636733415251365	0.019154739478454575
212	0.026189176878534635	0.019169656033410865
213	0.02593163783997661	0.01915598818005237
214	0.02577780690337313	0.019174474392837145
215	0.025547424603489344	0.019143358649218133
216	0.025464326219729265	0.019118303180201475
217	0.02516388461779643	0.019087160290895553
218	0.02492034644779851	0.019066278471241094
219	0.02500170674532419	0.019005831812917314
220	0.02481376672510887	0.018969368368977304
221	0.024576741226060402	0.018961679353160434
222	0.024568648476716044	0.018915355238450865
223	0.024183081868734007	0.01889036084722975
224	0.024200620738917496	0.018820637150404947
225	0.02391320447888356	0.01879267709288906
226	0.02356108744353114	0.018783332190170768
227	0.023537695413380424	0.018707996122577605
228	0.023191259790343612	0.01866540453981797
229	0.02331096103361706	0.01857076788883278
230	0.022823589287660435	0.01854449086390523
231	0.022906399135365792	0.018483820253664452
232	0.022653435454246938	0.01842363826578803
233	0.02261006573725972	0.018349679841805484
234	0.022337777010380522	0.018300899042430683
235	0.02241444516206393	0.018215681944802782
236	0.022138240588727785	0.018165340268430738
237	0.02200657196908942	0.018090452104671566
238	0.02166333772227881	0.018013629810720157
239	0.021379267106498446	0.017894263438961208
240	0.02117944901869705	0.017812873883187422
241	0.02125083421261661	0.01770314423028103
242	0.02096983444484722	0.017640159450231296
243	0.02106755198871324	0.01751241863406103
244	0.02078002581018227	0.01742978037668945
245	0.020743986282966215	0.017315849928733952
246	0.02050166408634177	0.01725788031434058
247	0.02018186308911827	0.017137292386670742
248	0.0199069912775587	0.017040002244790232
249	0.02019483347176865	0.01690750414698923
250	0.01985445710588101	0.016803800836576555
251	0.01973798471845803	0.016672191760021816
252	0.019711082166308187	0.01654677190008224
253	0.01936347178933429	0.016455229857404628
254	0.01919220503113829	0.016361000391723064
255	0.019213604788530212	0.016170227290550974
256	0.019073005291007576	0.016084501211293536
257	0.01882519403943734	0.01593293326843923
258	0.018617633567500888	0.015785457537886394
259	0.018548178817185543	0.01564290196308575
260	0.018454308420715826	0.015522022219281643
261	0.018455105329819345	0.015349022756612976
262	0.01826485015126018	0.015194597730211536
263	0.01822527949232681	0.015033372709239485
264	0.017956673035098358	0.01487795007884415
265	0.018040094304443484	0.014753154569703475
266	0.01765558566199543	0.014610090013273293
267	0.01769112368606875	0.014426110120250087
268	0.017580854823822302	0.014294080285548261
269	0.017519485952945252	0.014140605358188623
270	0.017116208727128105	0.013933694146149355
271	0.01715961966355171	0.013733813667019422
272	0.01704551052381503	0.013581940335187392
273	0.017018875898001714	0.013396223118202034
274	0.016958935967586148	0.013206142232046114
275	0.016948658588113175	0.013050970699254686
276	0.01661855960169851	0.012848640321881249
277	0.01666360557576554	0.012699732656343986
278	0.016592385259591537	0.012553057723554957
279	0.016373750499078597	0.012346227948576415
280	0.01622090882894845	0.012134389794363232
281	0.016317554667468356	0.011955635446069937
282	0.016104869245607552	0.011752741795693146
283	0.015951443633461893	0.011541120806975232
284	0.016038045669315035	0.011384680213320826
285	0.016087399074484712	0.011261961349228659
286	0.015731469241266314	0.010968346813203243
287	0.015799536270556563	0.01080705392801392
288	0.015704408681276982	0.010581914387215511
289	0.015600370823831327	0.010421001541642909
290	0.015585469997576729	0.010266101465720568
291	0.015427427808555513	0.010038111627796753
292	0.015342247843257792	0.009780444767660082
293	0.015336985495212138	0.00961041775770791
294	0.015357066230639612	0.009390381606048322
295	0.015268890986297629	0.009215468372452598
296	0.015203544439809048	0.008945151622216508
297	0.015198955342557746	0.008778816425683908
298	0.015107194007249927	0.008517681704044662
299	0.015171613116419758	0.008398518924937525
300	0.015160628136622108	0.008172184973915137
301	0.015046202981206442	0.007988999092234007
302	0.015069059158684103	0.007802413213267573
303	0.015043242051692505	0.007586978255538997
304	0.015007436101282655	0.007332989635978447
305	0.015031391463730687	0.007188832465650194
306	0.01507324293147758	0.006975881338273757
307	0.015077481663519575	0.00670780410720763
308	0.015133285910484118	0.006532205445017462
309	0.015147953159932512	0.006307425584570592
310	0.015070419400084939	0.006135267638196092
311	0.015108719126396318	0.005984622648696677
312	0.015138781835335976	0.005790429190974101
313	0.01522095965168337	0.005574369882446626
314	0.015213938607685122	0.005454480956214684
315	0.0152776844660606	0.005201768183938839
316	0.015365468125756888	0.0050585203941220245
317	0.015435582387054456	0.004862080630807759
318	0.015539805731963861	0.004621868447353336
319	0.015618995139173057	0.004375168444727752
320	0.015627699310157186	0.004289455938313767
321	0.015637330918460066	0.004088428553911945
322	0.01570786424402759	0.00389518519523117
323	0.01588756037696512	0.0036960851545998594
324	0.01608356566690054	0.0033892167369413075
325	0.016096810845793515	0.0032319278405710064
326	0.016163297796688857	0.003125238504598383
327	0.01623682640130064	0.002944672181703936
328	0.016223698010810767	0.002839869470971462
329	0.01646181582492354	0.002569050525527564
330	0.016515394222323083	0.0024139536433751344
331	0.016744457500242425	0.0022135302505070283
332	0.01665124661475493	0.002137522327162878
333	0.01683615700639566	0.0019266003398828615
334	0.016963662462958745	0.0018012890626909212
335	0.01712827228217793	0.0015744664893041773
336	0.017221393858886585	0.0014535799590783426
337	0.01744283841098004	0.001188420889354893
338	0.01740456616429292	0.0011228504826271092
339	0.017723934357434336	0.0008482515002811851
340	0.01792021444361235	0.0007241210604697699
341	0.017962189569668406	0.0005561571227226523
342	0.018094517700288998	0.0004458641968129086
343	0.017980992502567825	0.00038394488497433486
344	0.018229016721226073	0.0002266831342909427
345	0.018425599083270936	-4.765117760762223e-05
346	0.01859380873326809	-6.718249933837796e-05
347	0.018792403977789945	-0.0003051890957314754
348	0.019160163789251963	-0.0005042687770976045
349	0.019077505079480035	-0.0005708978656148247
350	0.019085219983990827	-0.0006317177771335992
351	0.01917504400578837	-0.0007735336319659836
352	0.01933637000990857	-0.000838343959460326
353	0.019280895518435138	-0.0009045387169870083
354	0.0195859399574314	-0.0010377968940214488
355	0.0198456911057423	-0.0011760838095557118
356	0.02002173931855941	-0.0012662278493575285
357	0.020062635869363295	-0.001372991835969151
358	0.02027596019248813	-0.0015140815436767297
359	0.020481830667532633	-0.001586445158553397
360	0.020485478587653053	-0.0015997465451386232
361	0.02033737715270763	-0.0016131633008932113
362	0.020535883088450647	-0.0016823644432450238
363	0.020766409656361794	-0.001764364776974253
364	0.02051791828409114	-0.0017732210573281918
365	0.020967429977724533	-0.0018416485476031085
366	0.020969559648604627	-0.0018714884439374145
367	0.020562840599849006	-0.0017633468137151795
368	0.020908094599042668	-0.001881064084994432
369	0.021490222959351376	-0.0018513802763598505
370	0.02104230508392502	-0.0018554928479265073
371	0.020975873092278198	-0.0018251168242757558
372	0.021069606090626622	-0.001826121214691375
373	0.021134444264066406	-0.0018201559499932045
374	0.02110277399710758	-0.0017921348146817764
375	0.021107809638253094	-0.0016933041550691995
376	0.020897212667835993	-0.0016681672489918128
377	0.021022451055397687	-0.0015595302099834954
378	0.020887216954511678	-0.0015730487620639905
379	0.021079594934044873	-0.0014515650267261663
380	0.02118085734944034	-0.0014067135655313906
381	0.021079052211465752	-0.001341462120624783
382	0.021080536111175753	-0.0012149700060523174
383	0.020877042623629678	-0.0011503021934142453
384	0.02070153026348562	-0.001082716219433496
385	0.020893042634854645	-0.0008471730941273563
386	0.02047419133198855	-0.0008538645059503324
387	0.020506912694575295	-0.0006300754630756273
388	0.02056558169236887	-0.0005410579692805185
389	0.020482716885414993	-0.00033514436123514315
390	0.019952339527492587	-0.00032888728040270505
391	0.019959422400645417	-5.852302521452657e-05
392	0.020012471815277967	5.527223046374274e-06
393	0.020050008982016154	0.0002285426138441835
394	0.019790656288257016	0.00037715846324717857
395	0.019534731677624224	0.00040990973450243475
396	0.019623648871821206	0.0007698343972238945
397	0.019520105647612217	0.0009324777803369216
398	0.01908440933507518	0.0011004960094578564
399	0.018985304070184065	0.0012664511663737358
400	0.018950020232635142	0.0016139159588041366
401	0.018740652975403647	0.0016922516248007015
402	0.018600712988863233	0.0019056235103242216
403	0.01818122278473311	0.0020068429903847573
404	0.01796359103050563	0.0022610148433319407
405	0.017509091785069177	0.002292551345098036
406	0.01739226903243689	0.0026735274880171347
407	0.016900672294250397	0.0027027837520829053
408	0.016712217031080216	0.0030177212251750463
409	0.016431615717862585	0.003161844463394664
410	0.016255052262090612	0.003570387051369471
411	0.015886316923967386	0.0036172201477085763
412	0.01543161158134899	0.0037127526063617552
413	0.015187826094732737	0.003943613100676157
414	0.014842262949766155	0.004224930640531966
415	0.014427602289599599	0.004290087075534393
416	0.014170887639769352	0.0046227167500692305
417	0.013669975308958965	0.004630690795598639
418	0.013432874240943783	0.004954321674923267
419	0.012966984691251855	0.0050414932620085895
420	0.012583863769828894	0.005303231975181552
421	0.012114539267104556	0.005266178112551279
422	0.01175973609848079	0.005656668818731851
423	0.011240007094958855	0.005823424773411534
424	0.010867603226997017	0.0061093706528852635
425	0.010385411390213267	0.005890074221193936
426	0.009910357385830867	0.006037068115804141
427	0.009564856070018867	0.006331402012532635
428	0.009107141708544077	0.006362395600560558
429	0.008708577238287399	0.006606564267881913
430	0.008226921254176704	0.006390620328523801
431	0.007697746129815641	0.006766479509460624
432	0.007307164490406285	0.006857777240956057
433	0.006733115139629808	0.006927745248963038
434	0.006272254361177329	0.007104633331281366
435	0.005785404728081631	0.00736293132863866
436	0.005364045909501874	0.00721585599696773
437	0.004823294993421587	0.0073310894378948435
438	0.0043833118595000995	0.007432817899584916
439	0.003967084860750765	0.0074730613804269526
440	0.0035663426302715378	0.007252068343303835
441	0.002943901661174459	0.007548655332045746
442	0.0025443410545383815	0.007475321258862095
443	0.0020025665224544355	0.007639240489259828
444	0.0014178482075592911	0.007779800856072688
445	0.0010925100660475436	0.007715893122668058
446	0.0005183576666800946	0.007715770967076969
447	7.644408915439272e-05	0.00770576778145114
448	-0.0001087617084471276	0.007435016700224515
449	-0.0009678365919469797	0.007865920547790301
450	-0.0013462172781852132	0.007788928593295713
451	-0.0017497212109024985	0.007683155424256256
452	-0.0018923267209960614	0.007388923323853669
453	-0.0026387214052207126	0.007590215378702851
454	-0.002982106789964746	0.007546252938754333
455	-0.003269983333705022	0.007343549308185903
456	-0.003957970076566562	0.007458192330422753
457	-0.004167742658255884	0.007340373262817593
458	-0.004507122887764126	0.00724048392141558
459	-0.0052285798129734756	0.007276899860403501
460	-0.005820044375624275	0.007428169200701814
461	-0.0059630277305514024	0.007092709588306752
462	-0.0064451302585563095	0.00704078667567228
463	-0.006673643943990465	0.006938637455835123
464	-0.006871751425181719	0.006770150963615015
465	-0.007084313188733358	0.00654636192074031
466	-0.007820801468412537	0.006641521126198495
467	-0.008240800045591459	0.006614083623155602
468	-0.008315853769349632	0.006360366460464138
469	-0.008860231995832146	0.006348944912697334
470	-0.009140874528486165	0.006294483878336905
471	-0.009461245727913046	0.006106547501446766
472	-0.009494770869509376	0.005857960873581033
473	-0.010568495968004573	0.006022735193116387
474	-0.010314838426373171	0.0056838620105925655
475	-0.0105939558398808	0.005510604663898266
476	-0.010770409377155739	0.005362273844207812
477	-0.011253721008628054	0.005290955338277127
478	-0.011120767716555565	0.005041126795235323
479	-0.011719356371795584	0.005015684500180214
480	-0.011448675202935556	0.004716152204408718
481	-0.011928352654099581	0.004632984606142418
482	-0.012266674918073841	0.004494548389330157
483	-0.01240954835450393	0.004359485024116293
484	-0.012585321771078453	0.004130612951367948
485	-0.012654151359941898	0.0040355012508618525
486	-0.012759013606115331	0.003853496206561249
487	-0.01302047536103637	0.0037702268119690417
488	-0.013056514888252423	0.003545996651682071
489	-0.013399020925020159	0.0034503963288116213
490	-0.013105943862388813	0.003184551830493729
491	-0.01346801539162916	0.003064045339884615
492	-0.013434462770408573	0.0028988027572500867
493	-0.013525227969336993	0.0027286943102371878
494	-0.013423477790610924	0.002559094844853826
495	-0.013553600681384705	0.002425911318458384
496	-0.013689150797949697	0.002297193257559411
497	-0.013507929545865773	0.0021149778341852652
498	-0.013785446271260299	0.001995319646292046
499	-0.013821320920730795	0.0018491672679760087
500	-0.01378502033708428	0.0017477577681071126
501	-0.013571270079783426	0.0015023132535010519
502	-0.013595197962607199	0.0013757532747113146
503	-0.01372248358217621	0.001166141066824639
504	-0.013434078055668942	0.0011374684350274038
505	-0.013469767217675689	0.0009572278603758605
506	-0.013112971776293125	0.0008456794464465929
507	-0.013079625252254482	0.0007166356373047165
508	-0.013154637756576267	0.0005649387524375924
509	-0.013195032804237417	0.000434849834349734
510	-0.012671092548297748	0.0003374307504564058
511	-0.012690905357388692	0.00020288315329380566
512	-0.012603726249426109	3.4898856281506594e-05
513	-0.01257327882574682	-9.05617221884313e-05
514	-0.012286075532800896	-0.00019127900704115746
515	-0.01225960578473314	-0.00036485531555663326
516	-0.012055603924138267	-0.0004888703861986869
517	-0.011582968126690685	-0.0005592998708831146
518	-0.011435993356339895	-0.0006335026060478412
519	-0.011393358719301614	-0.0007983244305352855
520	-0.010966751292488334	-0.0009294041661953088
521	-0.010479468855310552	-0.0009275243273768866
522	-0.01052816961940407	-0.0010981553288627766
523	-0.01030122914245876	-0.0012192250924752443
524	-0.009924311746212333	-0.00122207538960065
525	-0.009682415483763907	-0.0012959863086311088
526	-0.009243318567724782	-0.0013674405429963373
527	-0.009086430522922455	-0.0015191102821765525
528	-0.008687495077738276	-0.00155460326780958
529	-0.008097988438315952	-0.001542401281544153
530	-0.008027139097069449	-0.001730140852204204
531	-0.007705627493235807	-0.001790594296949712
532	-0.007366899904803722	-0.0018810776578378863
533	-0.007163344588103064	-0.0020131617839135286
534	-0.006586382397155103	-0.0019708552308664367
535	-0.006438645067231118	-0.0021407804444927023
536	-0.005974740920391923	-0.0021528127702149505
537	-0.005568901219612598	-0.0021591037831560243
538	-0.005222431247045461	-0.0022803635665768524
539	-0.0049033859394890895	-0.0022547380381351106
540	-0.004300324975400872	-0.0022268119127278625
541	-0.004030110960153252	-0.002292633417059551
542	-0.0035172724724143335	-0.0023353471554102725
543	-0.0030837882696301677	-0.0023805990154869504
544	-0.0026880885502025193	-0.002457176998256182
545	-0.002237463931786624	-0.002476993349699478
546	-0.0017735803946656234	-0.0025269549864548025
547	-0.0013822087160588125	-0.00254516974237049
548	-0.0008527107061127026	-0.002518159783896408
549	-0.0005985241817143105	-0.002656772447673575
550	1.3481400070304517e-05	-0.002479870792511792
551	0.0004164769597387931	-0.002563486294612085
552	0.0010210767827855307	-0.0024991781623255518
553	0.0014843695079849568	-0.002536408471920731
554	0.0019737197868882504	-0.0026475429141246424
555	0.0024615449466451537	-0.0027355424446606777
556	0.00292906953398051	-0.0026963915777167132
557	0.003439709651778685	-0.002668757268443733
558	0.003952156554871908	-0.002617784454851062
559	0.004429003604737227	-0.002547911456748261
560	0.004958233688346809	-0.0024781538278148218
561	0.0055008669586888576	-0.0024660943564056652
562	0.006022038642484404	-0.0024438756116709555
563	0.006525163083047664	-0.002590122999891173
564	0.007101898567095487	-0.0024831282749408273
565	0.0075881161688332215	-0.002502958199227578
566	0.008133332523855643	-0.002466311521900934
567	0.00870984817090939	-0.0024674177086424606
568	0.009244498610404116	-0.0024711502405923968
569	0.009824888884478423	-0.0024534308934627915
570	0.010378775060954649	-0.0024658161131148517
571	0.010808123580287793	-0.0022954769277632294
572	0.01140349024958341	-0.0023530257840095148
573	0.01204573715786537	-0.002345784672026639
574	0.0123959580991439	-0.002228874984932918
575	0.0130543080672418	-0.0022672114812696234
576	0.013592846873569216	-0.0021542514916211074
577	0.014117405421054718	-0.0021626802274062355
578	0.014864672583349602	-0.0022478633929255013
579	0.015228138703521108	-0.0020637817035763875
580	0.015934701672381923	-0.0020757190193944554
581	0.01662682409869449	-0.002193232698021893
582	0.01702365735262283	-0.0020195817388674185
583	0.017578580884914846	-0.0019910448355047266
584	0.018018783855830407	-0.0018958109794075426
585	0.018721417238422147	-0.001895349502730096
586	0.019275983535598788	-0.0018441120186900662
587	0.019615171407737216	-0.0018021787188379676
588	0.020015199167985703	-0.0016764941884510336
589	0.020711436668031092	-0.001627089038277336
590	0.021094262183493265	-0.0015799166208518727
591	0.02203189444284435	-0.001629308198182116
592	0.0221452685026321	-0.0014953374468663241
593	0.022613280853298057	-0.0014081658597810019
594	0.023327716734509157	-0.0014797626090025005
595	0.023772117218030325	-0.0013424461517752206
596	0.023935009560733307	-0.0012194354715487862
597	0.02437877801289651	-0.0011415748550731224
598	0.02494698794351789	-0.0011801013712181884
599	0.025305308504046845	-0.0010450583652695058
600	0.02560967282234269	-0.001019174952802132
601	0.025846966247727688	-0.000899272453726735
602	0.02651278380371805	-0.00088663613647077
603	0.026563827205779673	-0.0007486274642273202
604	0.027000169289486804	-0.0007006542490380525
605	0.02753402281987801	-0.0005667717212047137
606	0.02788096681596362	-0.0005763134301530954
607	0.027912437855646566	-0.00044243090231975657
608	0.02843270271184156	-0.00043706284273357595
609	0.028754447892481404	-0.00033147290708075163
610	0.028901223435556313	-0.0002536190770268149
611	0.029241840248156223	-0.00016171735399766476
612	0.029435667777869094	-3.045438495100825e-05
613	0.029565502132588153	9.039142674446338e-05
614	0.029565989895918757	0.00012264728921363712
615	0.03007933675670647	0.0002471374093765917
616	0.030278124358598144	0.00028132740203800494
617	0.030598213891876367	0.0003952103450414143
618	0.030724022481641442	0.0004406725841916341
619	0.030704594387290125	0.0005615455415740144
620	0.03079696027433165	0.0006665246992713946
621	0.030914882211934308	0.00078127630425588
622	0.030973049706585154	0.0008235964301464264
623	0.031015017962735147	0.000912213525059633
624	0.031136086317315494	0.0010149531635870518
625	0.031323476745045625	0.0011409838014820707
626	0.03136969060314368	0.0011813697971803777
627	0.03156117549488845	0.0012550160457634775
628	0.03147376968002573	0.0013742738347747945
629	0.03160794581537775	0.0014864058809725975
630	0.031327241453569146	0.0015632010292370977
631	0.03140862923071909	0.0017209038973327552
632	0.031630987480319166	0.0018210307634952186
633	0.031496399150603246	0.0019232885660800093
634	0.03147357732265591	0.0020021807186582008
635	0.03156873239155975	0.0021402165365885595
636	0.03150384612877751	0.0022073885388439523
637	0.031156902132691903	0.002217466375108779
638	0.031248203184293378	0.0023631776360125514
639	0.031181908590767853	0.0025217355932458303
640	0.03097168946518432	0.0026215367111653903
641	0.030777037546743668	0.002704521076045057
642	0.03097366112822492	0.0029043811959098094
643	0.030506308288541187	0.0029155041411206184
644	0.030502557319829794	0.0030968984074657784
645	0.030385020096966763	0.003167022503172484
646	0.030205117866847285	0.0032571054651787563
647	0.029790766352453646	0.0032971589262124324
648	0.029688727637672854	0.003487083724668628
649	0.02946471374071116	0.0035710249750118238
650	0.029134917030163344	0.0037128883347962984
651	0.028982618082612318	0.0037702200255473146
652	0.028819808178782113	0.0038869871977847653
653	0.02851379508303071	0.003971905692856672
654	0.02853590931065337	0.004161009334283881
655	0.028036638887392475	0.004139353862552525
656	0.02791469118483583	0.004322057908291026
657	0.02745402963365923	0.004413871407837723
658	0.027198956891378474	0.004503235009140917
659	0.0269808167641022	0.0046810528312358655
660	0.026692658554213267	0.0046843849643038995
661	0.026263777188492533	0.0048317453256873704
662	0.02588655064647319	0.004798871898841026
663	0.025545872004718695	0.004916175198394921
664	0.025299654571355495	0.0051007319372649365
665	0.025027304015321716	0.005289855937957327
666	0.024686742161970324	0.005327635947712406
667	0.024196924729454623	0.005268078310634882
668	0.023834070030922885	0.005475641019159957
669	0.023508333434859377	0.005602954290761408
670	0.023109933842348256	0.00568988835308628
671	0.022703943003635506	0.005632909556265077
672	0.02234769028483206	0.005830964487950405
673	0.021946254193840286	0.005837126558878663
674	0.02154358838966291	0.005722402099581086
675	0.021065841382103098	0.005926211916891043
676	0.020707232285519423	0.006032928398550575
677	0.020194778512520134	0.006076585449521371
678	0.01977832480687066	0.006139604161679745
679	0.01929796723500622	0.006307439157414046
680	0.018898241750624583	0.0061502859894782885
681	0.01836195627348643	0.006176495150188566
682	0.017987807449384125	0.0062392899104299435
683	0.017603127059284452	0.006284324605011352
684	0.017151547523925545	0.006054862113572744
685	0.016580253005481063	0.006249299882477499
686	0.016089528745364807	0.006334286241766677
687	0.015645093912313314	0.0062399481933374775
688	0.01511020302610632	0.006270222420662322
689	0.01461084329406658	0.006395099366863724
690	0.014237828004464973	0.006255780915226933
691	0.013659759758640576	0.006342314578669903
692	0.01313568210457961	0.006330560496238468
693	0.012778790484512137	0.0062404911070756495
694	0.012299490878181678	0.006153753850980865
695	0.011727055955330433	0.006053219799514772
696	0.011336728502445477	0.00598864699678088
697	0.010768717799099978	0.005965885338307999
698	0.010212846219771018	0.005894716133655311
699	0.009730352107120416	0.005918719707304262
700	0.009383153924510407	0.005719287132008321
701	0.008392108145505336	0.006021092879058415
702	0.008320434415531054	0.005610242907696374
703	0.007707721233421762	0.005545323997454397
704	0.0073015174276210015	0.005376063853157393
705	0.00671537704217044	0.0053592606729609546
706	0.006479615605837898	0.00503535833676724
707	0.0057500041021296055	0.005083949116333679
708	0.005344466677217133	0.004915150448714121
709	0.004761074254192499	0.0048083118114635
710	0.004271387349892029	0.004641847672918084
711	0.003774267207229423	0.004530801454196626
712	0.0033449461675205384	0.004327093433212576
713	0.0027237005620787385	0.004268214438307769
714	0.002356105628362275	0.003932211912174534
715	0.0018125792702317995	0.003850591618062026
716	0.0014106073265669693	0.0036047127724654275
717	0.0009856418073031818	0.003406474607393466
718	0.0006490301499390626	0.0031190492879832163
719	-0.00014938346300841658	0.0030563834697546555
720	-0.00036367644288839074	0.002722444015826477
721	-0.0009082195471164596	0.0025958501049281038
722	-0.001451471109004342	0.002335543326739571
723	-0.001652230373936618	0.002002716845974646
724	-0.0022582591374448384	0.0018263038131772192
725	-0.002603739843538642	0.0016232744343658851
726	-0.00299945330277842	0.0012998471476930718
727	-0.0032592044510893173	0.000982744806069968
728	-0.003918193320451246	0.0008083541269472335
729	-0.004389551315370772	0.0005468868706433568
730	-0.004581152995518641	0.00016215105008741376
731	-0.004990633746512321	-0.00013349262603442184
732	-0.005412796344101662	-0.0004207822170101281
733	-0.00530324882199202	-0.0008779902351903729
734	-0.0060015198142325974	-0.0011056678977147385
735	-0.006569063363965688	-0.0013600297704702824
736	-0.006786921825093305	-0.0016603085726317659
737	-0.007183356624469888	-0.0020339689529289898
738	-0.0076811225383025886	-0.0022823519881429092
739	-0.007789151811171905	-0.0027310091149469373
740	-0.008337081779089931	-0.003047677125579503
741	-0.008713236615763162	-0.003491556611487613
742	-0.00885104693142348	-0.0038176509618991984
743	-0.008978861533759482	-0.00423697038757673
744	-0.009369367604202126	-0.0045540727291998335
745	-0.009835538820042712	-0.004872586646542186
746	-0.009840361494100216	-0.005282886917744326
747	-0.010081419628008735	-0.005683326518176909
748	-0.008545707086466427	-0.001580147359190596
749	-0.008202520928998274	-0.0017172602237660612
750	-0.008633270909168642	-0.0029689682063879447
751	-0.009203067788090994	-0.003422816945813247
752	-0.008990327406981668	-0.003795778324672574
753	-0.009498336350757017	-0.004514989726473141
754	-0.009791543941603595	-0.00498519374226089
755	-0.010301998571938021	-0.005397665668415721
756	-0.010235422312263836	-0.005854391850653337
757	-0.010390936375853197	-0.006249124070413382
758	-0.010245081400190975	-0.006613364897353312
759	-0.010482093159427313	-0.006955040872050449
760	-0.010355803676237701	-0.007392853296934482
761	-0.010541160611772647	-0.007816712838747481
762	-0.010723996291781805	-0.00815964430146414
763	-0.010456159264032613	-0.00851639291881729
764	-0.010539676712062646	-0.008983739851057907
765	-0.01043897075905843	-0.009291375134371628
766	-0.010238060356192727	-0.009653580034793413
767	-0.009879540568387893	-0.010023093911415345
768	-0.010084421776959061	-0.010386968271582009
769	-0.009891878919680313	-0.010738572781265976
770	-0.00966344080321287	-0.011004729454983316
771	-0.009627160829284548	-0.01142361454967031
772	-0.00967924158716196	-0.01175642745759178
773	-0.009284599833268294	-0.012099263910404261
774	-0.009225140796277264	-0.012483429671535123
775	-0.00886485544261377	-0.012771268962670728
776	-0.008678220704550767	-0.013120932555740728
777	-0.008545555948533002	-0.013397676047352433
778	-0.008107956672016007	-0.013639727351094916
779	-0.008128023667631351	-0.01404104918635203
780	-0.007592356482039031	-0.014300351574124943
781	-0.007387564582246705	-0.01453387234575639
782	-0.006743036865151225	-0.014626283050415077
783	-0.006832544871269783	-0.015104108217802423
784	-0.006520877842827031	-0.015394533135616076
785	-0.0062976127656264	-0.015713169208549517
786	-0.0058555274404490775	-0.01597129754536363
787	-0.005300775655808684	-0.016134456696527924
788	-0.005068476652132813	-0.01637954831720417
789	-0.004757173728711496	-0.016717912518098454
790	-0.004344841966700915	-0.016765213877536735
791	-0.003987311445369414	-0.0170395481894353
792	-0.003706332287318219	-0.01735162857898031
793	-0.0031531880606969933	-0.01745180973651659
794	-0.0028186305052462558	-0.01768281274568726
795	-0.0023739277458582364	-0.017935769829145284
796	-0.0019708634871291	-0.01809691341305661
797	-0.001463775110766437	-0.01822460672427478
798	-0.0012068200142239221	-0.01847962687993786
799	-0.0005812532378673495	-0.018342704035170753
800	-0.000280385701758496	-0.01866207304165073
801	0.00022293109617457958	-0.018764167970114067
802	0.0006542650183604565	-0.018984679171294556
803	0.0012789318370225373	-0.01900545240820138
804	0.0016985456994618288	-0.01926813443399442
805	0.0021530930342407374	-0.019338808229861025
806	0.00269671557105612	-0.01925104622408544
807	0.003156360376135126	-0.0193095383929518
808	0.00361568916553515	-0.019331702846312693
809	0.004212237458673917	-0.019251840235427517
810	0.004619952643808938	-0.019382092027636827
811	0.005183092583754478	-0.01934385732762603
812	0.005684204141840746	-0.019514087930230017
813	0.0062462242870977205	-0.01944100495465027
814	0.006784289069906663	-0.019322100059568765
815	0.007263987130788883	-0.019387799408309366
816	0.007847702439398562	-0.019314784296946892
817	0.008266691140385956	-0.019223995547080996
818	0.008754358292303368	-0.019092237169248256
819	0.009440318412875785	-0.019196863433015823
820	0.009891829249174044	-0.018886913979893144
821	0.010408068340415048	-0.01872762308911333
822	0.010971805962188228	-0.018701529297572416
823	0.011562061421371618	-0.018699642672332265
824	0.011907342900189542	-0.01831066533819685
825	0.012431269416317082	-0.018272267764064598
826	0.013099869284263696	-0.018131931349168736
827	0.013531656620249851	-0.017963594158226626
828	0.01397247101280518	-0.0176646047761933
829	0.01468740152725295	-0.01759566151786712
830	0.015012554181300947	-0.01720617520210217
831	0.015602548584053876	-0.017090181681941614
832	0.016263818262229324	-0.01703776336052106
833	0.016669067151087073	-0.016686260647162998
834	0.01714177851750137	-0.016415808168492366
835	0.017586646154634945	-0.016111423581185953
836	0.017909538609587616	-0.015672104570678493
837	0.01857132353071793	-0.015639027551180334
838	0.01899823323339806	-0.015200366823580407
839	0.019610932675695223	-0.014991630064096534
840	0.02013911853358295	-0.014767433835918201
841	0.02035187952441047	-0.014250104907657078
842	0.02110851723857777	-0.014079338177736645
843	0.021284125777406734	-0.013515040424701873
844	0.021719238147928262	-0.013197137285314966
845	0.022168426955976612	-0.012814505255494442
846	0.022781827128692384	-0.012512048011958541
847	0.023167510525077522	-0.0121770430898192
848	0.023716532808059857	-0.01188519980986457
849	0.024181584229211878	-0.01153269949251262
850	0.024587396450366943	-0.011051820435348055
851	0.024794077574327094	-0.010660732524055493
852	0.025169215664902732	-0.010125589238760585
853	0.02540472978461694	-0.009722475788167503
854	0.02611035844625294	-0.009455185782021727
855	0.026296223754836683	-0.009034434421359766
856	0.026935550953041093	-0.008599010816923693
857	0.027376997376954388	-0.008233066598130244
858	0.02751232078661924	-0.007769927247360465
859	0.027916422401164164	-0.007349596644845587
860	0.028273540728131773	-0.0068532241868779235
861	0.028500130839867778	-0.00640245648291675
862	0.0291873206736258	-0.006044940999908431
863	0.02932510350966186	-0.005560417634276382
864	0.029495085595423735	-0.0050893245972423755
865	0.030126993295078137	-0.0046361816456766975
866	0.029942982861131895	-0.004149893810395588
867	0.03034423346465992	-0.003789324437610048
868	0.03076250769541657	-0.003243112498478149
869	0.031160343955630377	-0.0028909243565256476
870	0.03143898047571347	-0.0024303095546383702
871	0.03179096698285066	-0.001957499552907393
872	0.03165403601516664	-0.0015355334227562707
873	0.031907590508207066	-0.0010628320037729283
874	0.0323668780781707	-0.0006155050156274229
875	0.032297814912501055	-0.00021538437701601652
876	0.03296572091993512	0.0003029625145041791
877	0.03273043350712105	0.000765036397062795
878	0.033007352550687936	0.0011357311110652517
879	0.03304899792125288	0.001631479218234017
880	0.033388460589633906	0.0020046034712147957
881	0.033545781438518316	0.0024489987251741694
882	0.03365240238064434	0.0028711209430250166
883	0.03382458970625303	0.003314070689156506
884	0.03400641551007066	0.0036935266736087217
885	0.03411516612307678	0.0040685171925644685
886	0.03439876958524474	0.004450233055451827
887	0.03453980875675552	0.004850842316427588
888	0.03466083589189948	0.005277484291148721
889	0.0346498165625715	0.005672963017298752
890	0.03494744150301776	0.006108094805600558
891	0.034513029862914844	0.0063847636465732644
892	0.034694587740395945	0.006828052713791112
893	0.0348634019421268	0.007209897518691287
894	0.03493789920349372	0.007540151945621619
895	0.034957375387187496	0.0079078538476424
896	0.034929023284857974	0.00824925836547045
897	0.03490679226883221	0.008587385041604284
898	0.03496634748450815	0.008906604746806261
899	0.03521924933647242	0.009296104635414668
900	0.03519931286907231	0.009638486397971428
901	0.03505280525233393	0.009932989955243101
902	0.034953816775845914	0.010221772558998782
903	0.03496748788891491	0.010612643304796075
904	0.034676258831015	0.010848464673393027
905	0.03482968444316066	0.01119626200048806
906	0.03470052333923595	0.011431581173877202
907	0.03476646069764611	0.011772578506401624
908	0.03459233605852714	0.011974976747992331
909	0.03444787567379608	0.012251604870434675
910	0.03440132519030085	0.012493744397659611
911	0.034471405102068094	0.012823537347912497
912	0.03420316961976714	0.0129823260434845
913	0.034005275105663896	0.013284369315295044
914	0.03392261639589196	0.01348216636295474
915	0.03382515303855034	0.013778237583645386
916	0.03365082230224944	0.013993068549840245
917	0.03349640742363044	0.0142414855171628
918	0.033354976667473966	0.014423897746767033
919	0.03327189889343208	0.014716568970172376
920	0.03305467246366243	0.01485437404976401
921	0.03275325533506839	0.015029959139110724
922	0.03250913322305496	0.015220487929100636
923	0.03242587683145539	0.0154265983433761
924	0.032208932067834393	0.01562381175876726
925	0.03190152438115183	0.015682846841371792
926	0.031673347321114854	0.015944707710135845
927	0.03154220768424348	0.016132766242617072
928	0.031225573713715857	0.016308717798737053
929	0.03092513898168909	0.016468124058686227
930	0.03077253775827121	0.016689442844052247
931	0.030502838985978453	0.01668163167264429
932	0.03020629262078437	0.016876524131804762
933	0.02990826235588029	0.0169767188621845
934	0.029532354835825392	0.017150838084438146
935	0.029300055832149518	0.01730437408959333
936	0.029074709173411248	0.0173547225523871
937	0.028709285130011267	0.01743984464011082
938	0.028445796752801105	0.017558810612987873
939	0.028203474556176663	0.017564823382638133
940	0.02782615183547241	0.017734327838117316
941	0.02755007092044543	0.01779287429835749
942	0.027174534375318034	0.017917330486411812
943	0.026852074724447447	0.01797739710511887
944	0.026618037634537177	0.018028240976698726
945	0.02623178403594866	0.01813363410612146
946	0.025845976981254352	0.01817535702690002
947	0.025627445269332385	0.01821466398154371
948	0.025246653246065398	0.018204606504544064
949	0.02482305483810851	0.018287889471979724
950	0.0245196591765678	0.018346076251868362
951	0.02408950000831901	0.018376506566892933
952	0.023857386492106888	0.01838889857296672
953	0.023480943119378934	0.018417788370259223
954	0.02311158261980381	0.018421432678726705
955	0.022811360854865053	0.01841395404198338
956	0.022344660656257474	0.018408423108275746
957	0.02204799750266029	0.018459470572507415
958	0.02158935570386675	0.018485021450310158
959	0.021329886221704508	0.018442463799659164
960	0.02083251876242357	0.018421561620739522
961	0.02057280883354906	0.018405274208594346
962	0.02007078357795617	0.018398861040062185
963	0.01982918272146853	0.018366774838136188
964	0.019396440468539368	0.018346897408897347
965	0.019106571652040293	0.018261727816221537
966	0.018639837103902393	0.018239990907429456
967	0.018301631628331233	0.018206900315087843
968	0.017818079550146648	0.018152262833762506
969	0.017154240527102956	0.01814220535676286
970	0.017128498989078072	0.018040748351941874
971	0.016723153921535415	0.017972965571731038
972	0.01641049075671326	0.017905983589284004
973	0.01620098610136047	0.017799715011458467
974	0.01593978540286989	0.01768708755647458
975	0.015360205777711236	0.017655863230107934
976	0.01522650366587768	0.017542224598286704
977	0.014955472131808346	0.017480916064403572
978	0.014517391961866815	0.017401535289461027
979	0.014291330832897802	0.01729363797042097
980	0.014275516309136583	0.01711691954864582
981	0.014135294656447514	0.01701124817593227
982	0.014034348256731027	0.016870477430045865
983	0.013875570987760875	0.01673694779614234
984	0.01410771885350332	0.01657919742309459
985	0.013750064673862653	0.016477116067474706
986	0.013927473128080601	0.016342330945551656
987	0.013948756097069418	0.01624576695079595
988	0.014186173180763581	0.01605886211000834
989	0.014422346811460011	0.015902774410283746
990	0.014678800404859794	0.015831740934065603
991	0.01513272944809287	0.015695578168531937
992	0.015417315306828095	0.015596123158120463
993	0.015939345728881744	0.015510749972792837
994	0.016264450293587286	0.015447371580282926
995	0.016737333407653203	0.015388621527390933
996	0.017113089789774678	0.015452027065587754
997	0.017393004112385823	0.015458467379806825
998	0.01745117160703667	0.015529175107782065
999	0.017578903770499893	0.015558770692934196
1000	0.017461840571155334	0.015644299965961544
1001	0.017290979137417162	0.015673603734979405
1002	0.016995566306723775	0.015785410032934304
1003	0.016619796184790175	0.01582653574860087
1004	0.016156977483109222	0.015910823106452154
1005	0.015547417587883684	0.015970679346085672
1006	0.014909148355213255	0.01603666372453881
1007	0.014309378076130088	0.016046008627257108
1008	0.013400221577417687	0.016112664861461234
1009	0.012714508773463603	0.016120007769770017
1010	0.011880220511045626	0.016149331898053062
1011	0.010875510488877626	0.016098060481904396
1012	0.009994651133246225	0.0161116808303108
1013	0.009174604186100624	0.016045893258087744
1014	0.00808435696351953	0.0159821823309132
1015	0.007406146096988232	0.01587199798775109
1016	0.006437159586357302	0.01576316414251269
1017	0.005816113208191382	0.015629505566596345
1018	0.004720864693995099	0.015558791052199376
1019	0.004088496710634354	0.015384244285376917
1020	0.0031742702212461155	0.015218302701304491
1021	0.002289776685306424	0.015031099257960886
1022	0.0018137677639810136	0.014846610383308144
1023	0.0007622942912297731	0.014684638855946106
1024	0.0003251827780433814	0.01443860392264978
1025	-0.0005020363510338939	0.014252282714130706
1026	-0.0008626858097188233	0.013989553183385578
1027	-0.0015782346157124265	0.013725507086825382
1028	-0.0019500133222223666	0.013466788331321004
1029	-0.0025316333094822768	0.013245951381897611
1030	-0.002803344964252028	0.013005454168730649
1031	-0.0036016211790782108	0.012745289905398386
1032	-0.003574959073640639	0.012462689731836145
1033	-0.0044479317771096245	0.012168220106673107
1034	-0.004380682266641088	0.011892643879598472
1035	-0.004690961574058747	0.011611706379359384
1036	-0.004956229256939696	0.011324572876083404
1037	-0.005408976676329621	0.010995994695319677
1038	-0.00549520773725526	0.010716244818882842
1039	-0.00579772405081967	0.010444136453310784
1040	-0.005928609501166648	0.010124115950345004
1041	-0.005988247155715362	0.009823905012400791
1042	-0.006127349013715866	0.009541148751138826
1043	-0.006245744974836999	0.009251830020066699
1044	-0.00620719106200122	0.008925206328760395
1045	-0.006818928717449308	0.008499052976403618
1046	-0.006554224366865674	0.008242078331283119
1047	-0.006602128221855673	0.007903490178471839
1048	-0.006483663561673893	0.007596676052187104
1049	-0.006312211316014145	0.007351584431510855
1050	-0.0062208003459156315	0.006994978329013975
1051	-0.006117827323910024	0.006746873537090869
1052	-0.006066564084854326	0.006454928460810334
1053	-0.005963357486042514	0.006140791785481997
1054	-0.005858543329211534	0.005785637977234728
1055	-0.0058317575654647956	0.005458613887046522
1056	-0.00556538382770741	0.005127375428965752
1057	-0.00551190847889884	0.004789045160180103
1058	-0.005234123827167787	0.004522576311063313
1059	-0.0050036659583172875	0.004259541391340463
1060	-0.0047130620618692776	0.0039732561907803755
1061	-0.004663976583036128	0.003636622527426516
1062	-0.004157815643992217	0.003555796244656085
1063	-0.003954377115694661	0.003244279128114431
1064	-0.0037658806330880907	0.0028335988172955694
1065	-0.0034682282130175735	0.0025791690803227537
1066	-0.003073387231848028	0.002322167289515346
1067	-0.0027449438927949813	0.002020375115308707
1068	-0.0024700446016111526	0.0017594507727430027
1069	-0.002122372395482671	0.0015450677103821364
1070	-0.001831761629128596	0.0013035728932212806
1071	-0.0014798026016156654	0.0010369615292482193
1072	-0.00096225135831628	0.0010258453704591374
1073	-0.0007088823527396016	0.0006898699900128121
1074	-0.0003383470992273942	0.0004562677813206392
1075	7.782494027342182e-05	0.00015479456893517635
1076	0.0005263542373395467	1.2103265699988698e-05
1077	0.0009126971447069081	-0.00023415561951333074
1078	0.0012611662599389091	-0.00046688916622442773
1079	0.0017331356764982047	-0.0005975617165808216
1080	0.0020036450977066124	-0.0006993241103795299
1081	0.0024609816143478383	-0.000856626579593285
1082	0.002909256724889565	-0.0011112531227961881
1083	0.003368077141240792	-0.0012686573883358505
1084	0.0037155295103751995	-0.0013706098019429193
1085	0.004235052416715189	-0.0015405893069430022
1086	0.004687916624508216	-0.0016774985788666527
1087	0.005000538569893979	-0.0016969348906932281
1088	0.005437636343268241	-0.0019438859909227176
1089	0.005982309975711542	-0.002034226836954622
1090	0.006237547595737851	-0.0020331070773696412
1091	0.006790066660907178	-0.00221397878924181
1092	0.007271317320560047	-0.002338319608126767
1093	0.0077133064670524614	-0.00246130992908802
1094	0.007970364612185948	-0.0023977618760349286
1095	0.008554306627695768	-0.002593719803406566
1096	0.009037350332831557	-0.002591168108837155
1097	0.009202475395005605	-0.002549105866972241
1098	0.009738479205995099	-0.002708423903438961
1099	0.010083046214582283	-0.002572844770173833
1100	0.010477337603266641	-0.0026534335281838137
1101	0.010784662851076427	-0.0026367389307350095
1102	0.011362037236388277	-0.0027321560202188265
1103	0.011788294297992252	-0.0027589080946672766
1104	0.01228674033252537	-0.0026681872090186516
1105	0.012495042754316819	-0.0026918650344247
1106	0.012971917283806396	-0.0026303461214680283
1107	0.01321450740676737	-0.002618558106927958
1108	0.013553441092381399	-0.002542428027992719
1109	0.013960311279070447	-0.002495825669992337
1110	0.014037810689387697	-0.002295504073450138
1111	0.014537720013912622	-0.002338061724101135
1112	0.014984126510004716	-0.002254425862735661
1113	0.015212557756566093	-0.0021566810305994294
1114	0.0158065985339912	-0.0021412690668570575
1115	0.016019764849276544	-0.0020746806968702
1116	0.016428091456051334	-0.0019814284759173463
1117	0.016222454557813036	-0.001720633075364458
1118	0.016933050161533902	-0.0017113221047547996
1119	0.017150166672806517	-0.0015330631652475859
1120	0.017289618896016327	-0.0013816988150450924
1121	0.017466862472488718	-0.0012875847185328895
1122	0.017946752890740755	-0.0011172998245550844
1123	0.018100054844577242	-0.001033467156959523
1124	0.018592819466794752	-0.0008886177716150996
1125	0.018663263483583433	-0.0007439380468138552
1126	0.01903406666343217	-0.0005356966961160652
1127	0.019008345735125477	-0.0003970840323388984
1128	0.019270363952437766	-0.00017750257093503025
1129	0.0192246790771067	1.0223426881566412e-05
1130	0.019553685748457065	0.00020612706287938636
1131	0.01984596590198489	0.0003595476988652081
1132	0.020066599805162694	0.0005694652957296057
1133	0.01999070108295855	0.0007205310433761042
1134	0.02074645257924349	0.0009127496523760783
1135	0.020712563332625722	0.0010644872557735653
1136	0.020772036109428883	0.0013110786756515154
1137	0.0207024714406165	0.0014907152587693418
1138	0.020892596090960433	0.0017389422062835365
1139	0.02078007389952472	0.0019077408739030944
1140	0.021069022148611113	0.0021612680167861983
1141	0.021191450744592295	0.0023538055876073487
1142	0.021533654505493178	0.002613521947105619
1143	0.021617721546008398	0.002755588899541908
1144	0.02182844904464073	0.0029798665647809684
1145	0.021830880991387677	0.0031886576156386582
1146	0.021957012466737796	0.0034448653951039887
1147	0.022045840352155937	0.0036002540933906856
1148	0.0221641332646861	0.003854622752567957
1149	0.02191743493789836	0.004030214628336398
1150	0.022209138019316742	0.004334680652703537
1151	0.022215101097781007	0.004519352760742913
1152	0.022393931622554375	0.004791169310180703
1153	0.022575077305671584	0.004981033030841354
1154	0.02269678456151596	0.00523240887803695
1155	0.022450786965146834	0.0054236909608385755
1156	0.02254979605135304	0.005684486361391464
1157	0.022398493240181415	0.005843376853289374
1158	0.022487389824660205	0.0061409750188686305
1159	0.02230079630603359	0.0063380662786687025
1160	0.02250196089542369	0.006659477998088551
1161	0.022432265698396077	0.0068925440794642785
1162	0.022532215961733163	0.007166009729381767
1163	0.022467295349420602	0.007407884586159343
1164	0.02244875347295165	0.007663793763068679
1165	0.022266604783548975	0.00784816726855206
1166	0.02227772716146792	0.008144523518955248
1167	0.02197629629306175	0.008287961328580423
1168	0.021888959177259675	0.008612060471004225
1169	0.021936265350422035	0.0088699037781058
1170	0.0216605279306983	0.009101402196062555
1171	0.021575767029670533	0.00933139402839588
1172	0.02147710143876757	0.009634360253561318
1173	0.02139062993112966	0.00983853653764454
1174	0.021362696893070098	0.010156208938692726
1175	0.02096521786797166	0.010327620378677238
1176	0.02077913272239384	0.010557578278901929
1177	0.02063162896927606	0.01080691141315765
1178	0.020562043690745487	0.01109392954726427
1179	0.020447378088617553	0.011349696209317335
1180	0.020157145167097042	0.011470555593856261
1181	0.019888064686350116	0.011687469991521357
1182	0.019841397414451786	0.0119434809647566
1183	0.01946983854493592	0.012150188584144052
1184	0.019411300075357577	0.012463001907235594
1185	0.019226561431368465	0.0127285749486844
1186	0.018939694763819716	0.01286137843546312
1187	0.018773333118554	0.013079602612521557
1188	0.018651722041394533	0.013326037944699783
1189	0.018488864048221875	0.013527038183414698
1190	0.018260467151190823	0.013684449235376086
1191	0.017988315822432925	0.013949947626185894
1192	0.017877875212534856	0.014208876760763815
1193	0.017604425471530703	0.014358619156173518
1194	0.01743451895473554	0.014629560257208504
1195	0.017251030633650227	0.014879490596576216
1196	0.01710159643692823	0.015014913642141619
1197	0.01686330000525777	0.01516828677317535
1198	0.016729213178684584	0.01536598202450914
1199	0.016562803444076415	0.015575322775526729
1200	0.016400907237752834	0.015663872006222664
1201	0.01610971252938325	0.015986179533310496
1202	0.01608561976881392	0.01613157861881482
1203	0.015856831287137173	0.01623288632235781
1204	0.01574199393735762	0.016483067759329423
1205	0.015502550231374335	0.0167415354172299
1206	0.015469169357805367	0.01678310225030873
1207	0.015330665181632503	0.01694604423597775
1208	0.015178407453517865	0.017146691580762853
1209	0.015193040353435936	0.01724450427711636
1210	0.015056645238424971	0.017376479820444365
1211	0.014946129059560189	0.017525183893329813
1212	0.014819846446276642	0.01769832587085475
1213	0.014719813744066779	0.017863785618984548
1214	0.01461377674395626	0.017992232223014434
1215	0.014372924707229685	0.01819534982530822
1216	0.014634345242714335	0.018232552989216493
1217	0.014416679138956534	0.018374300979831604
1218	0.014540241269438411	0.018473226649348362
1219	0.014413017479023984	0.018603363072388312
1220	0.01451494627530774	0.0186785566251252
1221	0.014324636137500056	0.018827294630119285
1222	0.014393850441103131	0.018967332442459156
1223	0.014419324052791489	0.019043367511490213
1224	0.014313774816011574	0.019231677141575348
1225	0.014373178893754085	0.019310399633610358
1226	0.014486834619690489	0.019338291826908972
1227	0.014296050458364334	0.0194823675601765
1228	0.014471782655502466	0.019577574270586776
1229	0.014453075901287957	0.019679004129720852
1230	0.014785112201212905	0.019687772186592338
1231	0.014587925287434337	0.019821973676246853
1232	0.014650207855818007	0.019912375600074302
1233	0.014949330435786397	0.019995631421823055
1234	0.014882678607145499	0.020083400214020365
1235	0.014728037021626368	0.020209933047123194
1236	0.015106644414764742	0.020228548201920785
1237	0.015248370576882008	0.0203093201933174
1238	0.015415460432190593	0.020366746893972595
1239	0.015391264623030292	0.02042012210085668
1240	0.015685152334577287	0.020497982717332344
1241	0.01585649466174	0.02058540540202157
1242	0.01617905736120156	0.020652998162424045
1243	0.016349115015930147	0.020693424876652718
1244	0.01646007773868914	0.020772968525716716
1245	0.01643629412389273	0.020845196412158838
1246	0.016883346391154918	0.020875952475426313
1247	0.016816584644016985	0.02090631492623361
1248	0.017302115255148236	0.02096095919398067
1249	0.017512375600168162	0.021015386296232463
1250	0.017745828748062922	0.02107169323730268
1251	0.01788734194309218	0.021141478011923027
1252	0.018319871228933336	0.02118986519883765
1253	0.018454425209118927	0.021241944199171848
1254	0.018972739011991507	0.02126267671754831
1255	0.019170324380321836	0.0212830156234646
1256	0.01962948142207024	0.021333255503510735
1257	0.01979580871780563	0.021379131714386313
1258	0.020149340953807406	0.021425245450022338
1259	0.020399721550245886	0.02146411807367549
1260	0.020668836380523133	0.021538178293983946
1261	0.02111568255060338	0.021526777105482325
1262	0.02138707818969415	0.021597824154543924
1263	0.021896749650737183	0.02161534669544344
1264	0.02201130533436808	0.021687221687955754
1265	0.022341789035522377	0.02168901330329172
1266	0.02302603167957859	0.021733851191643044
1267	0.023339622281719492	0.021748570940369246
1268	0.023593554619593487	0.021779686683988258
1269	0.023961012155188654	0.021820669884798555
1270	0.02433342289305656	0.02188983709504173
1271	0.02491524210759235	0.02187618281452669
1272	0.024917941980675824	0.021918645455273507
1273	0.02569053161672564	0.021933141252082716
1274	0.026010847856904003	0.021971864574457867
1275	0.026315150346045264	0.02200286494890752
1276	0.026857440121084073	0.022014354360891594
1277	0.027287159615344718	0.022042178689972936
1278	0.02758224269054699	0.02209543174126593
1279	0.028082200104414368	0.022086446518899173
1280	0.028401822484080186	0.0221215391056503
1281	0.02895256911348479	0.022178226086337235
1282	0.029139932061590663	0.022146845672270866
1283	0.029699156155079252	0.022199569382669142
1284	0.030139503394022178	0.022231750594499316
1285	0.03054475915278599	0.02222336936366628
1286	0.03101051817426269	0.02226021963364474
1287	0.03155829013434122	0.02230572937774705
1288	0.03194883742422026	0.022297076690044923
1289	0.03239957883103925	0.022316085457302688
1290	0.032756326183079366	0.022349114971848758
1291	0.033155694432345624	0.022362192406516986
1292	0.033464915774229304	0.022369555674090952
1293	0.0341569145422327	0.022404946863398074
1294	0.03445242355161099	0.02240416642489945
1295	0.034921768664053526	0.022421044255734886
1296	0.03532967620655836	0.022437562406218785
1297	0.03584245973504876	0.02247635359281121
1298	0.03612880428973658	0.022484259774123348
1299	0.03674063125396351	0.02252236553212133
1300	0.03710736057951581	0.022528154349854595
1301	0.0375160581612181	0.022535191869185657
1302	0.037913186821107225	0.022538388273819147
1303	0.03835162422616413	0.02255458067606014
1304	0.03877185638014926	0.022546531979891732
1305	0.039270515381770385	0.02257149922542594
1306	0.039650531105652045	0.022569490444594702
1307	0.04011281395465994	0.02260406047687284
1308	0.04048152181315891	0.022649353055479878
1309	0.040941942917623236	0.022657008139188112
1310	0.0413405692170345	0.022667995355964376
1311	0.04178179580395372	0.02266853148328082
1312	0.04208895617401795	0.02265667560452348
1313	0.042667223647118224	0.022664201746218898
1314	0.0429537330795516	0.02269947077993493
1315	0.04341505414171042	0.022678758620823646
1316	0.04378492988424041	0.022711055201823184
1317	0.044168195073690734	0.022747206470363743
1318	0.04455784240587527	0.022718520265723054
1319	0.044871419268204045	0.022718425255818873
1320	0.045242311756831625	0.022744457969564248
1321	0.04554126258914839	0.022747756170523645
1322	0.04594903273353193	0.022712643224507337
1323	0.04622537470498937	0.022744179726273434
1324	0.04652982833206406	0.022723270760932064
1325	0.04674680057530932	0.022717495516042255
1326	0.047101761751772574	0.02270063125805027
1327	0.04726602807568852	0.022678337862676562
1328	0.04753081486514493	0.02267497858392162
1329	0.04788132434247818	0.022628335507390875
1330	0.04815711672145044	0.02264209837065355
1331	0.0484009777770334	0.022633466042216607
1332	0.048756715252881985	0.022588981047795095
1333	0.049090001875710734	0.022599282835976918
1334	0.04943741989531482	0.02261778262160515
1335	0.04969108430685228	0.022599703594124002
1336	0.049975031264323476	0.022615549888856914
1337	0.05017941783965798	0.022615868850678088
1338	0.05054633952258009	0.02263787042991753
1339	0.050793999636216905	0.022630269637583116
1340	0.05100445233860664	0.02264640774845029
1341	0.051227181563134216	0.022644236093497604
1342	0.051515216114713984	0.022592923958818574
1343	0.05173205095983794	0.022619438508506572
1344	0.051895328017280556	0.022619648887580116
1345	0.052085480147248744	0.022620524335982918
1346	0.052389658978080844	0.022617063260902067
1347	0.05239128027591214	0.022615095198601193
1348	0.05259142811920465	0.022634667238862313
1349	0.0528970221506861	0.02260068762527444
1350	0.052956275090495185	0.022592761084697124
1351	0.05305212401991157	0.022619981422244747
1352	0.053249592599838795	0.022595686032461527
1353	0.05335205037888954	0.02259310040578348
1354	0.05328598936217022	0.022605757082304626
1355	0.05348890577760685	0.022598963874155744
1356	0.053553640902455665	0.022569917989163513
1357	0.05365728717525562	0.022599242117446555
1358	0.05364685178794316	0.02256844533564872
1359	0.05377476256896407	0.02254765852589844
1360	0.05390116884055678	0.022560776679097033
1361	0.05401579322324833	0.02254048527813284
1362	0.053893982918812984	0.02252121862684944
1363	0.053989632620953486	0.022536739173339447
1364	0.053900976483186966	0.02250955276790046
1365	0.05390423968856776	0.022526966726052342
1366	0.053840102245546584	0.022542609428133437
1367	0.0539220808346181	0.022529878100973292
1368	0.053934089430419406	0.02251380106790166
1369	0.05400895766671383	0.022495654176203243
1370	0.05392372961207366	0.02248392045303699
1371	0.05402975974227811	0.0224795499974447
1372	0.053869326825946334	0.02243256081340587
1373	0.05383063551498926	0.022433721291521214
1374	0.05373962299944251	0.02243924543880712
1375	0.05368491793744833	0.022411285381291238
1376	0.053387815109863006	0.02235383153494913
1377	0.053517120481815075	0.02238665067042166
1378	0.05334913753871806	0.022370403976806848
1379	0.05337259139802336	0.022316811604427493
1380	0.05318184845613359	0.02232982796130018
1381	0.05301396856162755	0.02229954694755361
1382	0.053016510426871534	0.022276663133489638
1383	0.05287468808606936	0.022255374128531548
1384	0.0525532589211085	0.022262303065114973
1385	0.05239398701890168	0.02223322324801411
1386	0.052504022304341924	0.022230393310153886
1387	0.05220454935916423	0.02217776460965979
1388	0.05195686176590316	0.02217015024448192
1389	0.05184166031110217	0.02215160974032333
1390	0.05168484096536049	0.022129961055013702
1391	0.05137342812344214	0.02209252036634498
1392	0.05130244138407434	0.02212390078041135
1393	0.051082192195636165	0.02205295552767566
1394	0.0508161069939335	0.022065490048605717
1395	0.05047126518910373	0.0220177543581769
1396	0.05033956221993503	0.021989414261044293
1397	0.050038103871904605	0.021935190751444317
1398	0.049802397394820584	0.021915354040735836
1399	0.04955718296774285	0.021898991977951664
1400	0.04941195315353252	0.021872762457976206
1401	0.048941062312225406	0.0218449720610035
1402	0.04871440350142875	0.021824578863713397
1403	0.04853737976195043	0.02179590623191616
1404	0.048036893365316066	0.021763412844686535
1405	0.04782694216606906	0.021724940619915287
1406	0.04758321850860739	0.021722490721671785
1407	0.047258601707232444	0.02166780573539436
1408	0.04717859478120154	0.021679274788113254
1409	0.046767327854631	0.021643496772767685
1410	0.046407351646740425	0.021586416179620573
1411	0.04603483786028155	0.021574119183450965
1412	0.0457481085908541	0.021582520773549187
1413	0.04518227564773115	0.021513021028641378
1414	0.044963297391914965	0.021462278953387433
1415	0.04461960286139802	0.021458512489328858
1416	0.04428902298155881	0.021419198748263445
1417	0.04401790213871063	0.021395208747457945
1418	0.04359438616962652	0.02134868782651829
1419	0.04307492509244112	0.02129045354167756
1420	0.04283268533468945	0.021289354141357762
1421	0.042326393867430305	0.021273521419468307
1422	0.04197354862203501	0.021256575724415597
1423	0.041449154952295064	0.021158192968637014
1424	0.04116303710450738	0.021180221693563362
1425	0.040688697570355724	0.021112554282521886
1426	0.040357581837843465	0.0210874173764445
1427	0.0398932998461707	0.021053899239534074
1428	0.03948133905908762	0.020996642199422058
1429	0.03908973380367461	0.020999628224982008
1430	0.03871147677574554	0.020948058206277348
1431	0.03826146357896942	0.02090702071409323
1432	0.037795175574725726	0.020842732941071883
1433	0.037361024991053274	0.020821885053526057
1434	0.036890168499276475	0.020780433589616586
1435	0.036472588129032375	0.020755479916925834
1436	0.03598643235644922	0.020688301128248713
1437	0.03554300739958926	0.020711897516594035
1438	0.035081837475363864	0.0206285466849411
1439	0.034676787813781994	0.020593603399467975
1440	0.0342157346779597	0.02050493201318095
1441	0.03379199200197545	0.02049011046812884
1442	0.03330835748491809	0.020436511309327762
1443	0.03284289386940218	0.020398853455163773
1444	0.03230039112727536	0.02035556287096624
1445	0.031857948566982666	0.020346815173359938
1446	0.031430612930126514	0.020281611233405418
1447	0.03091616688436843	0.02021672625527208
1448	0.030441875439559226	0.020175634471714148
1449	0.02998065055608531	0.020124709163073566
1450	0.029533275403238076	0.020076674870088754
1451	0.02903873147534978	0.020022749963044772
1452	0.028512702767966403	0.01999952682789444
1453	0.02808885704339118	0.01995199473011744
1454	0.027597576320883672	0.01991445224512281
1455	0.02710136987572769	0.01985591257130436
1456	0.02654927674473438	0.019862013564437075
1457	0.026194322438177188	0.019717130246984016
1458	0.02561332074246311	0.01967871910000831
1459	0.025177109186971212	0.019645940683066146
1460	0.024787427505256344	0.019592531544073425
1461	0.02440173036905908	0.019469324057616904
1462	0.023774329327783197	0.019417007532522255
1463	0.023402557491179324	0.019384507358870904
1464	0.02282766314195687	0.019374239502797718
1465	0.022381442133328527	0.01928539166954579
1466	0.021825783521087577	0.01923200967623998
1467	0.02148463085581461	0.01914713868612016
1468	0.021061334723724578	0.01906006210893902
1469	0.020449301662315702	0.01904834195861622
1470	0.0201958983072087	0.018966015876644086
1471	0.019859932421014675	0.018824742935549876
1472	0.019300090035980245	0.01878203598362088
1473	0.01891634395310539	0.018687236458514236
1474	0.018425386116182926	0.018670670803078247
1475	0.017957868398753636	0.018558396242024173
1476	0.01748201061536165	0.018526561137702083
1477	0.01721999239804936	0.0184116602314396
1478	0.01682032187291625	0.018345445114647738
1479	0.0164102297002828	0.018251229221809627
1480	0.01591119972373417	0.01816757300117897
1481	0.01561755932880551	0.018068348729106218
1482	0.015345456089390063	0.01793880951117826
1483	0.014671181679033907	0.017930394348236588
1484	0.01435528965836129	0.017830192831435124
1485	0.014164368098913837	0.017696289944336602
1486	0.013733267753534164	0.01763914148697222
1487	0.013048393078119988	0.017598558685043827
1488	0.013018062442843802	0.01741142989233922
1489	0.012604363569526322	0.01736594729392382
1490	0.012196421677491163	0.017263323024565763
1491	0.012041120580989809	0.017130702771173675
1492	0.011834082221914287	0.017011044583280455
1493	0.011371744413657871	0.016926221098112728
1494	0.010992525598879728	0.016839931745851935
1495	0.010798244655366579	0.016711254403483325
1496	0.010341334072901373	0.016652137883818068
1497	0.009993400810342428	0.016532079297042947
1498	0.009810544520615076	0.016423903734712076
1499	0.00957189772373531	0.016313794042188964
1500	0.009361829736085202	0.016220528248392655
1501	0.009238521792127722	0.016056480075982107
1502	0.008818825490815653	0.015996969943856677
1503	0.008694335923015023	0.01587201156059455
1504	0.008549154198147153	0.01576065316647364
1505	0.008295496656515753	0.015657112730182415
1506	0.007904860057857878	0.015536843764333752
1507	0.007869363253220945	0.015431111313824658
1508	0.007995274891576991	0.015297615612029768
1509	0.007567039297026349	0.015211394123986246
1510	0.007416677662985603	0.015105132332582434
1511	0.007255544016235217	0.015011798674568854
1512	0.007304787502907857	0.014882836302487703
1513	0.006520319799271966	0.014854523351042008
1514	0.0069557825350028	0.014720281142857129
1515	0.006923019952979666	0.014624409363117593
1516	0.006700448736291583	0.014496505672825878
1517	0.006630183337060589	0.014416833081749065
1518	0.006890422248702089	0.014277283891773549
1519	0.006487282421006239	0.014201846027854481
1520	0.006725881128543551	0.014115088412494516
1521	0.0067720949866416046	0.014021082898729947
1522	0.006619699860405672	0.013914848253013042
1523	0.006438334340294387	0.013886521728723893
1524	0.006537096109882259	0.013778271515754023
1525	0.006590221093481523	0.013668996553103352
1526	0.006632155000101193	0.013543434178307508
1527	0.006650779315442923	0.013517442183092499
1528	0.0069514064048395085	0.013437749232750502
1529	0.0068449159909287115	0.013394458648552973
1530	0.007128409534599632	0.013309465502842068
1531	0.0070662574944311924	0.013251896287330601
1532	0.0073100155014231855	0.013170275993218093
1533	0.007197754366417939	0.013121047290009302
1534	0.007347449619570397	0.01303802220659927
1535	0.00737543761687848	0.012990530827352631
1536	0.0076217787085508465	0.012923121300336788
1537	0.007805157111139124	0.012941831465038559
1538	0.008109157324413536	0.012909806340908108
1539	0.008087297283315274	0.012907003548734792
1540	0.008698808231863222	0.012889379211509367
1541	0.008418825210191426	0.012861337716932758
1542	0.008640578908057797	0.01280090463145243
1543	0.008608331568989524	0.012802893053018488
1544	0.0089525482123674	0.012845016372678947
1545	0.009133439708960214	0.012827520977466337
1546	0.009405577297905985	0.012817354917719058
1547	0.009550271259443252	0.012805492252539989
1548	0.010024844370401116	0.012893267831159029
1549	0.010046477704599238	0.01282412776660276
1550	0.010356509695398563	0.01290180514969179
1551	0.010553229455564724	0.01297497634875399
1552	0.01097151055622744	0.013009519235345214
1553	0.011088360788483988	0.013040784280242223
1554	0.011239677339467744	0.0130469259919053
1555	0.011571548761647137	0.013152780598005483
1556	0.011807743002061761	0.013141664439216402
1557	0.012059476969995013	0.013209454005848966
1558	0.012637455907040566	0.013331433149972873
1559	0.012734788736166956	0.013384387598709873
1560	0.01313259064685044	0.013470215474293218
1561	0.013420913734484929	0.013584715981673798
1562	0.013698547248282558	0.013613205380084401
1563	0.013959322012597112	0.013702704709822138
1564	0.014359198634912173	0.013789007634926383
1565	0.014668158920365385	0.013862314562423126
1566	0.015146695967122651	0.014012084103519737
1567	0.015499499993081554	0.014132061253234133
1568	0.01592490518633349	0.014218784936485462
1569	0.016244039802668704	0.014346525752655725
1570	0.01665170689846127	0.01450086934199644
1571	0.01700406438052596	0.014604151894262032
1572	0.017387528797252163	0.014703532254034507
1573	0.01780429851858062	0.014810778076588758
1574	0.018230514360748202	0.014954704508578288
1575	0.01864990838619342	0.015065750727299746
1576	0.019065839978981966	0.015192826474140747
1577	0.01955332164343563	0.015365398392240603
1578	0.019871508212733896	0.01547599670712807
1579	0.020325382296718455	0.0156378664381642
1580	0.020727766434747174	0.015765810846986278
1581	0.021155260079442816	0.015893667032325903
1582	0.021602456614732365	0.016032089676294707
1583	0.022124315289134392	0.016161106339749678
1584	0.022541792610787526	0.01625682203178949
1585	0.022972693728891318	0.0164202865719315
1586	0.02341495080172026	0.01653237789959894
1587	0.023818159328476758	0.01669082048766286
1588	0.02424835971616194	0.016803970497119736
1589	0.024640603872838982	0.016924361618559487
1590	0.025006007306520767	0.01703649366475729
1591	0.0254838092733291	0.017169500744187827
1592	0.025981485878382955	0.017241477533026045
1593	0.02641172061559846	0.017377450278751348
1594	0.026848749689912074	0.017544118009948578
1595	0.027332219329223882	0.01768078297069005
1596	0.027881186652957694	0.01783344352744243
1597	0.028179855819125806	0.017986599492980895
1598	0.028717474058040534	0.01815056622833072
1599	0.029293921006033632	0.018227639619886032
1600	0.029789680907295404	0.018404263031757
1601	0.0302533308676102	0.018553713611032436
1602	0.03083833771856007	0.018705946623216004
1603	0.03130692714133547	0.018846914175332494
1604	0.031762436262963455	0.01899056236403121
1605	0.03230986472773875	0.01915138698612136
1606	0.03274606254341852	0.019285737777053873
1607	0.03321443212919985	0.019419688169104485
1608	0.033770557895053205	0.0195835531081284
1609	0.03432291895238304	0.019682600933236243
1610	0.03489288757895702	0.01983892615772129
1611	0.03538843451313078	0.01994397996605767
1612	0.03574523682441941	0.020056302032063832
1613	0.036303966284671335	0.020212009692171705
1614	0.03668024477965373	0.02033108424779639
1615	0.03713711414268255	0.020437210310765657
1616	0.03765312652702341	0.020552769499935675
1617	0.03801247757346209	0.02067721890156827
1618	0.0384223636489136	0.02077112261900693
1619	0.03905455301471666	0.0208690778302167
1620	0.03945033517301708	0.021024873713807027
1621	0.039803063630009274	0.02112533311463412
1622	0.0402503632138898	0.021229823649967148
1623	0.04079432924600842	0.02129038567746029
1624	0.04108994817388375	0.02141963986567571
1625	0.04166363341963879	0.021495512060585316
1626	0.04210992999723385	0.02161696865023623
1627	0.04234165879870634	0.021693892740513546
1628	0.04277993819592375	0.021828467483363055
1629	0.04323065899302456	0.02188501873561545
1630	0.04352885413567419	0.02197233962397877
1631	0.04409581374339177	0.02203655953278285
1632	0.04441147905716425	0.022138179411725287
1633	0.0447117420415394	0.022232544605841394
1634	0.045038041969900224	0.022319770484300533
1635	0.045317179993126046	0.02240817041371847
1636	0.04547664425270268	0.022489926436265524
1637	0.04577286773231171	0.022554519598264596
1638	0.04632605317836933	0.02261751116473606
1639	0.046517338842838214	0.022684174185361918
1640	0.04686633694083721	0.02273311785885817
1641	0.04710591804494179	0.022833855502976074
1642	0.04735295986703277	0.022883735702670674
1643	0.047709995755127604	0.0229689595867203
1644	0.04784757936388778	0.023040664918689436
1645	0.0481050016140427	0.023055262511824548
1646	0.04840822552793179	0.023144354656258657
1647	0.04841872274439884	0.02319011549796487
1648	0.0486802188488502	0.023247053576255713
1649	0.048942456903156566	0.02330901360662465
1650	0.04918719730671583	0.02337188980392675
1651	0.04932275429318688	0.02343150851879982
1652	0.0496155634294817	0.02347403223734218
1653	0.049640947732391215	0.023507353568022516
1654	0.04980685596385665	0.023576622574591602
1655	0.04992600074473885	0.02361927523514678
1656	0.050040769395457756	0.023668449646981754
1657	0.05004573633754262	0.02370050191679911
1658	0.05009317303892021	0.023785712228005285
1659	0.050146208713740634	0.023832993228178383
1660	0.050276290385078026	0.02387888979831914
1661	0.05024812377021226	0.02389479038442587
1662	0.05043895602088087	0.02392497638826826
1663	0.0504871071924892	0.02396530809259275
1664	0.05061946967264012	0.024040807034307363
1665	0.050545906718498006	0.024044410624244485
1666	0.05059613260173792	0.024077379060995007
1667	0.050422619384258724	0.024143655255582416
1668	0.05060992737311608	0.024199860400326723
1669	0.050661884472684326	0.024217410086913152
1670	0.0504572299710133	0.02425075177685867
1671	0.05042676193761581	0.0242522583624821
1672	0.050464539551066265	0.024281046363448695
1673	0.05040389202032602	0.024309305023520574
1674	0.05029453685558619	0.024329155307072504
1675	0.05016258656979917	0.024376259860280698
1676	0.05004239069328905	0.024409499753900308
1677	0.05001218371632203	0.024449987545924524
1678	0.04992385046414056	0.024465901704874705
1679	0.04984881735010058	0.024466709289060237
1680	0.0497399224690671	0.02450433321111559
1681	0.049710285694303455	0.02455263896096949
1682	0.049519920597247254	0.02455193995953159
1683	0.049380152358358465	0.02458084332966755
1684	0.04915436602563204	0.02459518303877703
1685	0.04909413068925569	0.024646101560995885
1686	0.04893568317577665	0.02466112669869981
1687	0.048734717813662426	0.02467885283225114
1688	0.04853579968355552	0.024707172570118563
1689	0.048477199384822596	0.024720188926991248
1690	0.04825771275595762	0.024705530256060593
1691	0.04803342406275333	0.024715166974913154
1692	0.04783912937942805	0.02473579769696371
1693	0.047755213476846255	0.02477677411135228
1694	0.04740539786002555	0.024777262733716634
1695	0.04722388120198084	0.024803682273500452
1696	0.0470753538328594	0.024813346138039923
1697	0.046851525423361455	0.024813753323343554
1698	0.046578934420615406	0.02485116007990364
1699	0.04641048432390599	0.024857464665688167
1700	0.04615415438881537	0.02487270696888736
1701	0.045920069209562646	0.02485803472511325
1702	0.045733901625112046	0.024884060652436892
1703	0.04549596929846302	0.024903429100046195
1704	0.04522442252143883	0.02488611693822022
1705	0.04498690925905976	0.024921888167144062
1706	0.04473733244163086	0.024920761621137353
1707	0.0445363945591409	0.02493437518312203
1708	0.04421266397564832	0.02490460993742672
1709	0.04400699959778576	0.024936071788553817
1710	0.043651763625079915	0.024938535259640775
1711	0.043378224575296914	0.024954401913638867
1712	0.043047122582596783	0.024963848612683068
1713	0.04288800868822946	0.024939505717947758
1714	0.04252747601794763	0.024961921268912557
1715	0.04229756087167625	0.024944656612038672
1716	0.04199647349857332	0.02495030970133739
1717	0.04169378543735729	0.02495981069175541
1718	0.04141097201438679	0.02494544383695902
1719	0.041064879886653215	0.02495077117801484
1720	0.040826130041182476	0.024945145234403027
1721	0.040420180421906114	0.024968802700543892
1722	0.04012170361310782	0.024937693743346607
1723	0.039807968742939556	0.02494007577737284
1724	0.03950205182587306	0.024951490538717917
1725	0.03907779390693395	0.024937958413793967
1726	0.038836364798097926	0.02491048019222071
1727	0.03845751695824729	0.02494299393871552
1728	0.0380943599838487	0.024902628302282393
1729	0.03777049887214089	0.024899825510109077
1730	0.037598428334935305	0.02486535048773512
1731	0.0370012617502507	0.024901332095732504
1732	0.036715274430678256	0.024867678230387536
1733	0.036413465717438524	0.0248501760487532
1734	0.03598460496143598	0.02489342591442037
1735	0.035534289488793	0.02486884549492461
1736	0.035220740106088486	0.024847658286292425
1737	0.03482827611241737	0.024817241544111312
1738	0.03451960436301888	0.024800289062636875
1739	0.03413801543064837	0.024776570518700466
1740	0.03387994740932336	0.024788853942026616
1741	0.03336706770214805	0.02476772781118998
1742	0.03319562919630043	0.024736978534344235
1743	0.03269967006776278	0.024741036814537074
1744	0.03237530745291224	0.024730436423799258
1745	0.03195166782551896	0.024679110716276775
1746	0.03156176630681002	0.024709866779544246
1747	0.031407214030069734	0.024655263230327545
1748	0.03077204999494061	0.02465878538320394
1749	0.030453272613720765	0.024648028904766396
1750	0.03012798256155147	0.024634551071216267
1751	0.02965544981269486	0.0246080704536369
1752	0.029132224026985933	0.024598365870567067
1753	0.02901977053461087	0.02455115952103297
1754	0.028730671147591057	0.024518815435081342
1755	0.028234560881119978	0.024504509658080497
1756	0.027906069452724478	0.024486213465104083
1757	0.027731477659993106	0.024441925276912663
1758	0.02732455251405554	0.024432241053108008
1759	0.026925623938777427	0.024408094964602788
1760	0.026617797187824907	0.024376884211079596
1761	0.02619307211527339	0.024363168852769013
1762	0.02592800365966832	0.024328972073685874
1763	0.02551124080824593	0.024265817633092955
1764	0.025153359921705122	0.02426114857494467
1765	0.02496839457081587	0.024239941007047308
1766	0.024339695117293742	0.024211607696336433
1767	0.024164340764989176	0.024184224484667356
1768	0.023781508379620935	0.024163437674917077
1769	0.023448359154913487	0.02411966525477692
1770	0.023004508263877507	0.024064885258595313
1771	0.022762034929319636	0.02403883897200649
1772	0.022343760698562982	0.024002334809536115
1773	0.02205027831147381	0.023962335639876254
1774	0.021697694122508982	0.02393547498268017
1775	0.021366640219151304	0.023902771216377006
1776	0.020894574623907102	0.023882914146403346
1777	0.020892644180302886	0.02381114095021694
1778	0.02027720364548586	0.023807381272580096
1779	0.02006692956065381	0.023759971330394182
1780	0.01982588516655742	0.023687485559926426
1781	0.019570867383525183	0.02364251872956229
1782	0.01917746908262925	0.023612597396167258
1783	0.018925013774559192	0.02354767848592528
1784	0.01858903414855304	0.023520627808920835
1785	0.018153633241976785	0.02350685137281471
1786	0.017934531327851437	0.023443785155704246
1787	0.017399235117186617	0.023400236687481084
1788	0.01724481336866156	0.023353288221972617
1789	0.016953817887567856	0.02329519645198816
1790	0.016713625361823505	0.02323402364653957
1791	0.016520491692623183	0.023158490772716322
1792	0.016295268692194078	0.023128440497308476
1793	0.015789162712398684	0.0231153019848447
1794	0.015828582233398628	0.023068889646652678
1795	0.015540719429470481	0.022987690110687253
1796	0.015261059293383733	0.022944732061154355
1797	0.014748832227284583	0.022885866639093002
1798	0.014715609361555106	0.022816611205367373
1799	0.014477622075657564	0.02277869546717775
1800	0.014286501288934233	0.022715934639045008
1801	0.013948536260075344	0.022666040866506955
1802	0.013652436438775476	0.022632217340618807
1803	0.013482124597522488	0.022570012999067694
1804	0.013281756917235907	0.02253073997653264
1805	0.013117751649750426	0.022475939621085853
1806	0.012928877322310291	0.02243187538481143
1807	0.012675006813590881	0.02232266828637803
1808	0.012652178115737479	0.02230531540602169
1809	0.012442055168838851	0.02226457651639357
1810	0.012229321657635591	0.022207563787463733
1811	0.012009354135346074	0.02215779217051677
1812	0.011826669593270344	0.02213984208504844
1813	0.011722356939582096	0.022055995844609426
1814	0.011539074715678726	0.022043169507545098
1815	0.011494633293345395	0.021974979542030634
1816	0.011297858573930716	0.021897532897280324
1817	0.011221623226329393	0.02187442513129936
1818	0.011060874294318637	0.021803344150129123
1819	0.011104724904730393	0.021752893891009446
1820	0.01075673668292293	0.02173129949707363
1821	0.010802270420320564	0.021711055601061527
1822	0.010629760209126834	0.021627338302635326
1823	0.010675946587600628	0.021574153115559602
1824	0.010548729667092267	0.021535748755005624
1825	0.010479597802361969	0.021509899274646888
1826	0.010434455649610026	0.021455200715526007
1827	0.010472198913530156	0.021416999947623843
1828	0.01043759519668165	0.021380366843140656
1829	0.010419280027112836	0.021306198040084563
1830	0.010373856208212236	0.02129164795190154
1831	0.010364602444742922	0.021241754179363487
1832	0.010277863010768487	0.021211914283029182
1833	0.010330981124461687	0.021216983740059366
1834	0.010266960469843616	0.021158430493397464
1835	0.010431535939532478	0.021096212579002894
1836	0.01045859649952181	0.021049433774037608
1837	0.01049258192482448	0.02102902021748232
1838	0.01049628480419342	0.020997171540316776
1839	0.010552961529228196	0.020992339608047042
1840	0.010606945251085563	0.020943552022250515
1841	0.010644777823784535	0.020974124852131355
1842	0.010741904555728978	0.020923878185663488
1843	0.010848078953960795	0.02088645785625995
1844	0.01097844916135291	0.020847042318868626
1845	0.011008965284092847	0.020818709008157747
1846	0.01120080054104692	0.020801444351283862
1847	0.011288749078488763	0.02076797371932553
1848	0.011382976710073853	0.020731713868037332
1849	0.01150220392982883	0.020762537795522076
1850	0.011645352162501513	0.020731836023628422
1851	0.011814592298408389	0.020706312291512586
1852	0.011988558929687861	0.02068992986946323
1853	0.012182723084797908	0.020708796121864725
1854	0.012437644689145237	0.02069468036467224
1855	0.012507133788990904	0.020683503128087612
1856	0.012783001736929873	0.020655034088942193
1857	0.012994636063162762	0.020638515938458293
1858	0.013235728546601603	0.020628254868806834
1859	0.013379989704056789	0.020620314755386063
1860	0.013666128161562666	0.020599677246913778
1861	0.013789353666647367	0.0206160257368545
1862	0.014026839449402178	0.020624746288773893
1863	0.0142279215999195	0.02064465765012137
1864	0.014529201330392243	0.02064921812552202
1865	0.01482551411878012	0.020647297568173236
1866	0.01518944052265797	0.02061521815266897
1867	0.015377408022497548	0.020596345113845747
1868	0.01578659336753044	0.020616616155544762
1869	0.015972362497429275	0.020630474028711616
1870	0.016245681710218195	0.02065823727999741
1871	0.016461080744974606	0.020696315892308484
1872	0.016919289739686063	0.020700014492149785
1873	0.017047076862397807	0.020717340226819213
1874	0.01744026219620573	0.02073078412826071
1875	0.01773518039366245	0.020737869152543862
1876	0.0181796427063382	0.02072276936420094
1877	0.018611842236688245	0.020772065931627004
1878	0.018979457780122902	0.0208203716814809
1879	0.019104201534447928	0.02084972295545085
1880	0.019567082065283466	0.020848046709284244
1881	0.019731224730890243	0.02089359038549519
1882	0.02009050020836221	0.020954953210752136
1883	0.020776316060907265	0.020996404674661608
1884	0.020892994545512193	0.02101396114766976
1885	0.021252709696972308	0.021057143149119658
1886	0.02173073150077471	0.02109190320120615
1887	0.022102819353057565	0.021142509548025556
1888	0.022376921735137875	0.021171765812091327
1889	0.022803652820260322	0.021218015276161895
1890	0.023389896254301858	0.02125817053352148
1891	0.023776658225939173	0.02130301520829453
1892	0.023954884198978833	0.0213438423214051
1893	0.024589354373595416	0.021402219121102097
1894	0.025012815383431006	0.021480249398120942
1895	0.02517172318061639	0.021532104446538143
1896	0.025689769057152444	0.021561394642712547
1897	0.026375179585239675	0.021613955478989373
1898	0.02654169923834488	0.02168393705983981
1899	0.02692249813151793	0.021740115058897207
1900	0.02736312703660951	0.021772004454593118
1901	0.02789904840872623	0.02183554572122448
1902	0.028081808519768676	0.0218911536608568
1903	0.0286057762553326	0.021972645012956492
1904	0.02916556368111851	0.022021907648273917
1905	0.029331465042677883	0.022105733529447752
1906	0.029582443320944004	0.022141667632493044
1907	0.0304800789871857	0.022230780136192334
1908	0.030624443193231855	0.022279452352819498
1909	0.03093776586903623	0.022378025128406445
1910	0.031416886857809	0.022388299770901357
1911	0.03169437610357927	0.022451542434976726
1912	0.032048141916387246	0.022551282475100742
1913	0.03254468498694041	0.022605424547639995
1914	0.03290949073879456	0.022683624485202017
1915	0.03320385934376609	0.022761953364776856
1916	0.033569125379326575	0.022839352504575073
1917	0.034094171690142686	0.022899168025678228
1918	0.034283094106925274	0.022961053405408164
1919	0.03472425886468991	0.023019118029705715
1920	0.03490279398350249	0.023093639726691616
1921	0.035333928678412486	0.02318515462368232
1922	0.035568666498741366	0.02323416616139584
1923	0.03578111834379597	0.023303109419722023
1924	0.03598469427021482	0.023381173628849502
1925	0.0363686121007413	0.02343721589947236
1926	0.03672909668168067	0.023517831803169246
1927	0.03708079465276314	0.023578597423314203
1928	0.037243391589505334	0.02362049679105767
1929	0.037642725489241274	0.023694224476701494
1930	0.03799224570010119	0.023775953353561637
1931	0.03827133563398456	0.02383364472466419
1932	0.038309896416726406	0.02387001315870002
1933	0.03851053889325558	0.023956974366711802
1934	0.03867881724231338	0.024010050971039892
1935	0.03911134652815454	0.024087599412116106
1936	0.03933571079032554	0.024152077204945818
1937	0.03961992567413326	0.024172226091053746
1938	0.039955383187278495	0.02424513940609031
1939	0.04011065680415559	0.024319844336462847
1940	0.040213698525221844	0.024346148507077305
1941	0.04044122294418266	0.02438880795405421
1942	0.0405654377157407	0.024446831859821397
1943	0.04079182173029476	0.02448455079178093
1944	0.04100740625251492	0.02457914672423576
1945	0.04114515473902065	0.024601636925839557
1946	0.04135734552764479	0.024656199756525894
1947	0.04152380335159542	0.02466670513735953
1948	0.041693359503181274	0.024703826864207076
1949	0.04180356653627314	0.024761267137705725
1950	0.041979546050029605	0.024815063102736894
1951	0.04213093130007401	0.024813794041873918
1952	0.042192107813581244	0.02488229618278783
1953	0.042320252171408355	0.02490826781873766
1954	0.042447008808210375	0.024936580770183354
1955	0.042511228690104326	0.024976769959651573
1956	0.04264858559196436	0.025023949163498763
1957	0.042696015423435894	0.025010559553431084
1958	0.04275783083820715	0.02506760621446956
1959	0.04291978887368532	0.025096543516714157
1960	0.04295925648402772	0.02512767961959835
1961	0.042959970954258464	0.025141096375352934
1962	0.04300459099414947	0.025165731086222512
1963	0.04301668889872962	0.025212347017066348
1964	0.043141892936760996	0.02520311069709569
1965	0.04307078253908403	0.02527176892570933
1966	0.04312420292864408	0.02526513180526017
1967	0.043100522362438644	0.025313668293452794
1968	0.04314606983964841	0.025330301813106054
1969	0.043159816521684116	0.02537528900273537
1970	0.04306954595599236	0.0253768702389978
1971	0.043072087821236345	0.025409017518719337
1972	0.04307977524612288	0.025413455838528897
1973	0.04300793663840304	0.025446831460583054
1974	0.04291383953503319	0.025470862179918913
1975	0.04294444496655196	0.025466586734230804
1976	0.04293359051496955	0.025486762766025642
1977	0.04279265439204973	0.025486783125290822
1978	0.04284541527062757	0.025496514854047563
1979	0.04285846122224466	0.025527243771628128
1980	0.04266063540720206	0.025561732366845537
1981	0.042613631509906554	0.0255458046350519
1982	0.04255138329105321	0.02559207445838765
1983	0.042423678607214244	0.02561801894865057
1984	0.04219528171018319	0.025622443695616677
1985	0.042317456119639975	0.02559713712899611
1986	0.04217504983682229	0.025643617331405404
1987	0.04210194716638652	0.025637143085077696
1988	0.04201808622305325	0.025661295960004646
1989	0.04198448551249021	0.0256650081326894
1990	0.04186466748081366	0.02568834663700909
1991	0.04169173133544391	0.02570559772103952
1992	0.04154615802593035	0.02570328355123056
1993	0.041512777152361374	0.025734372149162663
1994	0.04141805488753962	0.025746641999645364
1995	0.041334832845470376	0.02571154262647251
1996	0.04129318060499936	0.02571402645682465
1997	0.04135421285047924	0.02572552265523045
1998	0.04105219117015149	0.025750408463703935
1999	0.04094706099764153	0.025749478723927313
