199181
201200
199862
198746
198107
204291
198265
196288
204113
197799
199801
207190
198697
205972
198423
196805
196893
200394
201013
231376
211383
199660
199877
208871
198642
198992
214929
200743
201941
199566
198170
197186
200719
201379
198956
198102
199818
198962
197863
200417
196150
197340
198388
200317
198988
205847
198162
198110
208475
196751
199726
199190
206630
197297
197325
197267
198232
199327
202142
197543
200710
235390
198926
196738
197372
198219
196917
209187
198909
201897
203884
199297
198125
197109
198103
224387
212179
195418
203405
197662
200659
196302
200412
200028
196801
197863
197670
198802
197059
213019
199360
199170
210896
202834
248279
237083
190683
197384
220570
196000
198841
200891
198701
244430
198472
197915
187787
215591
196453
248014
203774
197897
196999
196519
197919
197010
196852
197801
199938
199538
198932
199203
198073
198525
198011
201060
195131
198592
196586
198252
198371
202066
195858
198947
199245
206914
203927
197003
197333
199383
196797
198198
198004
200078
199626
210394
196679
196372
198158
197787
198989
198923
198190
198520
199364
212405
201912
212809
198466
196211
198094
208227
195369
198824
199029
199243
202136
196143
198622
205422
170095
193148
198064
195276
200613
197351
203656
225927
198641
196494
217313
196748
205474
200011
198413
197246
198877
196912
197545
196754
198697
197355
198162
206692
202643
196936
198387
206586
198493
198380
195350
198757
196886
199938
197679
197921
195980
198916
201067
197464
196935
196969
195670
197348
198438
201049
198647
201738
218112
198667
197835
199076
197523
212999
198944
209534
198318
193386
209907
201166
199518
197821
204182
200238
199252
199416
196278
201255
197029
196158
199120
196653
195800
198624
197625
200579
198906
197995
211803
196985
198616
198327
202452
197452
202182
201596
198964
197341
197572
195880
198302
199121
199121
197884
198891
195637
199380
197320
219721
196557
199405
195603
197565
245973
198947
209023
201965
198743
198879
197211
198412
198490
226455
200083
197167
212551
217832
199717
199520
153638
197391
202827
166626
197829
198040
197181
229533
194424
198446
199414
196335
210736
198970
198152
196991
195958
198562
197414
199093
246255
197737
199808
202402
202275
198551
197198
196825
199704
195993
197626
196662
207909
197368
197849
204004
198406
199052
205546
210364
198661
197633
201318
201924
198122
197065
197707
197835
196268
197935
197065
196021
216091
203594
205627
197132
206622
207736
197370
227333
197728
197637
201088
201297
198136
201573
197004
198637
195268
199328
199094
196995
197988
198367
205764
200551
218124
197798
197639
199191
249122
195036
198804
196869
216586
200936
199493
202977
185880
199717
196799
205250
197433
201891
215006
199715
201242
202862
196234
203171
195592
200140
200840
200874
199558
197792
199077
195606
197324
202426
198013
199035
205450
204074
197514
199726
197659
214045
198219
200020
198473
221651
202472
198104
198701
211889
202948
199143
200341
198988
197604
182804
199389
180907
198538
200024
203585
204695
194121
198116
197117
197841
196707
197777
198602
199201
197983
197741
198644
200436
200758
197579
204240
176922
200458
198913
198334
247702
200100
234155
196970
229328
204238
199826
197738
195912
179141
202797
197568
195727
200545
197030
202551
198836
199437
198202
197554
208483
201339
196530
197665
199362
196686
200726
202468
200920
198440
201589
202895
198071
198643
199352
199871
197718
198541
196464
199642
224817
199415
201094
227974
202130
198777
199135
194901
198406
198843
197530
199297
203055
197628
199137
199448
200097
196581
200611
199072
168349
196735
219389
206745
198689
199886
196257
196430
198466
200859
198266
196072
196668
196940
203543
194856
200397
198093
199569
196200
201470
223482
207088
197715
195567
196054
196385
196637
219128
196453
217534
193225
185247
196585
198156
200318
197890
229195
237736
199462
197489
197717
199588
197942
204829
195289
199963
210099
196896
203195
199859
227598
196564
198574
196860
197570
197801
198474
196418
198974
197329
199222
197712
198804
222286
201658
197543
194491
199081
199782
199825
202176
197862
202301
200220
197467
198579
199036
215210
202772
200272
198722
197700
199168
196907
193936
197430
199680
202448
200331
199355
197824
199982
196029
197120
197281
203572
197654
196529
204311
198427
197819
196460
220334
196012
199024
197162
212681
201198
212710
200446
204649
195420
161516
200515
232348
196012
197689
199635
200600
199087
197577
198874
202294
202767
190803
198324
197295
201673
241608
197730
198381
200215
198170
197026
203150
203656
198725
230096
198523
198094
199424
198960
197775
197143
196892
219453
200660
200224
199663
202863
204936
243917
196295
207214
198474
195845
198372
197061
197125
198046
199932
197511
198224
196438
195657
198962
200257
198229
196516
199415
197521
230546
197386
197203
193853
235728
234042
201426
200743
198265
218971
196130
203433
200559
202278
198041
194885
196216
198170
196624
201758
196526
197522
196999
196121
198014
195017
198119
201455
196350
198039
201562
194313
197140
196659
202756
196971
198886
203692
198205
197190
203241
199588
198712
193965
200811
196903
198993
209282
199530
196331
201611
197918
195665
199862
203437
198596
196030
198996
196487
198306
199647
197474
196755
196551
198082
221957
198493
197552
199691
201165
195786
199512
196541
209397
209246
195964
196330
196980
210449
196688
199420
194509
198826
208397
224253
199162
200348
209828
211046
198675
199939
197270
203913
214367
197934
213774
197405
196579
195739
197793
200458
198191
242662
199166
197395
201778
204740
197096
197105
220851
196710
196546
202957
196908
198497
207055
194774
199789
198064
196001
199244
173174
197036
197215
199340
198347
223929
211548
195071
208944
207696
196983
237183
203540
198459
201828
198099
169665
201971
207044
199236
199868
203453
199318
198536
190431
202247
200155
194117
198482
198951
226522
196868
197535
202577
199565
200645
201179
151658
198688
196090
198213
197419
201133
198644
196872
198526
200400
206437
197058
198379
174729
203127
198541
196331
203386
198893
199539
202352
195988
199262
198720
198550
199797
202011
201582
196622
198938
199312
199986
197847
199409
198652
201854
198672
199581
198031
200688
196246
198127
209454
198680
198419
238222
196147
205110
196538
195439
197745
217967
167440
197588
197576
204534
201454
204143
205083
199754
199249
201951
202783
198295
197312
197642
198954
197475
196895
214302
203724
200229
198169
198879
195182
198280
198876
153524
203442
210207
195772
197744
197367
197017
196486
200118
196810
196482
199394
199368
199417
197350
202002
196682
197895
184704
201395
199749
204748
215878
199135
196873
199040
198363
199390
198462
224831
202742
203223
198941
210885
197546
198240
197171
209114
196311
207779
197989
197970
199157
217151
198710
201847
197048
198616
200455
197231
207983
198353
197393
198840
198027
198351
199231
198871
196632
198807
199270
200934
198046
197970
201584
198530
199374
196997
198032
210174
201344
205859
200496
209219
227103
196630
196487
198733
195064
198057
200679
207474
199624
203685
197807
213855
198690
196039
196702
196237
195135
197185
196016
198892
198320
202507
197593
196735
200077
196903
197451
210741
199236
164199
197115
201121
197906
216910
199272
198064
217619
199029
198647
197394
218093
202359
197734
197864
204852
202444
200308
199874
201690
201064
203554
199838
206814
205094
198920
201852
206040
196896
197093
199660
197338
196315
199367
197454
196743
195746
197910
229449
197472
198797
198887
197875
201494
199337
166674
195740
197665
198684
206971
202512
203221
203152
202821
197289
201849
196313
199456
199055
197758
197847
200819
198250
196508
203726
197682
201301
201616
196259
205257
200360
224791
200185
202848
200125
196433
203587
196643
201314
203189
198044
194285
198773
196251
196246
200842
169819
215704
205892
197857
179467
196641
195945
197439
195464
197157
199369
198163
197828
200803
199088
197710
235781
203307
200777
197829
198566
209424
198560
199626
199593
198486
197959
196357
198355
197515
204071
225332
198963
195515
198856
196390
197043
197666
198399
201674
216340
199748
197647
196759
199105
198392
200409
206544
195678
224994
206254
158623
200463
199534
196924
197814
197210
213160
198193
199423
192113
196077
198481
198269
203453
197508
246800
196451
198186
205820
196796
199229
198541
194959
200953
197308
200940
197933
198140
203410
198447
197773
198973
200034
198510
196045
200121
201530
222531
199722
198668
202814
197919
177328
231455
201140
198577
197802
206854
200292
197954
198627
199646
198728
201265
200464
196658
197468
197571
198465
196692
196204
199742
198924
198304
202090
209227
196942
197011
195913
197689
198836
164966
196243
196694
200462
223465
197628
199785
197662
200189
200036
197979
198483
196210
198810
198549
157200
202293
216377
200037
204982
199786
199199
199227
200735
200304
202922
201389
203647
238364
198194
197031
197628
195147
200049
201916
211250
197403
221535
226001
198041
198865
201290
202765
199723
203368
198061
199493
201312
213931
198585
194832
195887
198253
201449
198662
235643
196768
198371
197542
196337
197125
197525
196995
202742
203471
198069
201477
201460
204146
205592
198300
198389
212489
198069
196797
195974
196752
198370
198193
230159
200920
196615
199348
196341
200940
198794
209286
197148
196954
228479
202534
196766
197920
202174
197216
237951
199287
198547
226182
199557
200294
199530
195492
210515
198180
198063
198550
212453
199883
198297
200443
199167
206313
196644
197872
202162
204025
176677
198413
198680
202749
227569
173328
202262
197912
204672
197689
197281
197629
199064
197451
205345
199467
202611
212058
201852
199481
203143
200272
195758
198620
197842
197399
197014
198069
198568
196616
194485
199159
198876
202040
197390
197983
198639
198918
223861
197407
198630
198530
209706
199143
202600
195739
203999
198481
199863
195161
198649
197177
201200
197668
203233
175468
224711
197396
198403
196052
197009
191827
195774
200058
197481
196212
197545
203123
196102
196495
203589
197552
201680
206053
202475
205396
198768
199583
197527
197667
234049
198537
198421
171268
163032
205593
198041
199453
197870
199073
197583
241408
196649
200062
226086
198987
197862
196968
247794
197349
199992
203445
199742
198911
212101
206918
198311
207862
197576
199314
197733
196472
197933
199167
198431
199171
199054
197381
228846
201002
203843
197251
200256
221017
197891
202778
191474
201605
222706
197080
198373
198169
199201
199226
200426
196893
199116
197553
166232
203306
199630
198323
200507
205226
197504
198168
197158
199715
205907
197721
201047
196224
203824
202496
201421
196536
203964
199698
199331
198504
196864
194014
195793
198949
195796
198748
196733
168660
199230
196326
201230
199746
203004
200780
196127
204200
200694
212328
167474
196121
197983
200604
212415
209626
194392
214871
197964
194217
195873
198251
197925
197562
195943
199988
197151
199090
199355
200233
196019
200757
200739
196639
198796
196438
194124
198889
198139
198379
194184
198359
198255
198059
197480
198648
198698
198673
229370
241232
199497
241462
210973
196687
202177
200938
196560
198374
198138
199412
197023
198936
198152
218313
203565
198387
198699
203253
204990
197409
198995
233689
197544
198625
200139
196666
203398
198458
201267
169653
200436
200945
202815
200019
154041
197696
207272
198338
199116
214988
196280
202232
202265
201849
197284
201035
198775
199093
196663
182974
203507
213682
202876
200616
198782
198986
198560
200987
198639
207469
205236
197014
197203
197141
198029
201358
199735
198908
199366
196005
200805
200737
197645
206652
201429
197716
195871
200897
196594
196666
198677
228809
198355
200983
198920
202333
199614
202681
201708
197417
197559
220293
201097
200757
202861
171036
201176
202011
199086
198363
249271
198106
202337
200574
197127
201548
195892
200592
155924
200455
202151
202734
202974
200612
197638
192339
195864
196131
198547
202268
200686
199353
199148
220822
204266
199174
196793
201903
201212
202324
199062
174261
198547
204908
201496
200603
198689
196711
199464
206954
202113
195771
201433
201946
202271
201364
196959
201271
200788
197025
150108
200957
198510
196585
202242
246220
197960
201126
224772
201580
210991
198683
199875
196524
198884
197220
198242
200769
198623
199045
202995
199150
198733
200406
198197
194531
203912
198891
202159
200224
198070
202621
197349
196355
209364
199515
199241
209130
204207
197685
201649
196493
198617
200709
221395
234683
233741
198464
199622
202726
193536
201176
230606
203267
197729
236435
202420
202253
204927
200742
196416
199637
206786
189323
208788
196085
197880
196341
200924
202266
199089
201705
197886
248188
199647
202352
201333
183002
197523
197800
216637
238474
200544
196748
236697
199046
218289
211728
198947
203662
192122
199784
198426
201345
201989
199973
198570
198828
201056
199186
201887
201033
198922
198740
203095
200160
202644
201839
198456
197072
197756
201605
202235
197451
198724
200871
200851
199564
196191
211862
200172
200559
199630
210419
199659
204028
199266
196277
200109
206861
200492
204462
201824
204010
214693
202783
198001
198479
197740
216106
202540
227980
205047
202996
197982
199162
198042
199593
200213
199048
227113
198811
196567
200803
171354
201769
198296
198451
200887
198299
198148
197753
247254
204111
198787
196040
198889
196087
196347
198744
204545
201850
202715
198568
247463
206804
201855
204961
201504
198797
158633
196798
201388
198298
196452
197784
196522
197278
203142
154493
200872
201786
198698
199346
199832
196679
195513
198125
201499
198614
200120
198120
196191
197171
209224
202773
196208
194200
201918
160614
195588
201530
197273
199922
201793
202351
198426
163573
197450
200858
197849
198729
197738
197344
204054
198010
198716
196401
197251
198270
206389
201434
200935
207559
204523
197973
199330
195144
196927
197072
196821
198393
202077
197156
199687
199420
198708
202909
196909
199194
200161
199397
199162
199413
197834
208048
200239
197874
196831
197290
197932
197627
198263
198473
196913
198066
198901
197106
204889
196379
197324
201486
199122
197268
202266
198833
201359
201269
198554
198750
202704
199220
202998
203371
198075
197734
201645
198777
199272
198216
198051
197428
197884
200621
214467
216394
198681
199093
203191
203233
199966
197363
198150
198358
211511
198703
201994
211116
198905
222023
154195
198238
208504
206328
199198
201114
189244
199976
200908
199840
199908
211141
195234
202772
198869
200237
202353
222121
201860
198787
204422
207178
198348
197022
157042
234066
198306
199184
201319
200630
202056
201070
197215
200621
201186
196650
196055
206962
196829
197752
197818
197719
196351
153843
197634
196091
197067
197729
197758
199887
199068
196454
199433
196837
198538
210274
196895
198346
196985
200037
233415
198183
176837
197250
197793
197493
202486
199839
199046
202211
201704
235025
199086
197801
182774
197773
209981
208365
231430
205788
211294
199875
171365
198514
198805
199640
198021
196859
198643
198962
201669
199654
203646
208978
198561
196753
201340
199785
199316
197694
199142
198964
197908
198079
200604
248264
196379
194720
197035
200684
196556
209577
201383
196563
198660
198201
196985
195565
196810
199395
198799
197571
197642
203736
204658
239328
197372
199076
201122
218878
195919
209793
204759
206309
198867
202317
200818
199543
201810
204635
199178
200840
200074
196949
200039
197768
198986
195660
199146
199225
197792
193084
211862
203444
196933
248441
199464
199639
200834
198066
196112
202921
200339
198041
198905
198023
198297
195986
198283
197845
198617
197122
200367
203903
199261
215271
197714
202800
213706
203976
198486
198660
202208
197789
203552
198158
198368
203497
196707
197822
201972
197942
221454
199874
199328
198676
197721
201172
229567
197110
221833
203362
198941
198413
201671
197145
199987
201766
196870
199246
197193
164892
198401
197329
197992
198663
199574
197733
196969
198567
198816
199753
201809
196900
191649
198955
201218
202390
201123
202998
202269
197089
197703
197148
178685
241749
173717
198525
194769
202175
200769
199874
197049
198226
198933
199417
197566
198540
200866
195051
196167
197139
198093
200763
220278
195595
207489
201857
201229
198703
197034
198621
197596
195337
196644
202402
201168
202342
198004
202594
200143
199124
201731
199102
198957
224373
201019
225843
198790
196385
196121
201296
198487
200010
203180
197694
198616
203832
194549
200518
199138
204900
211920
198644
199567
198458
212671
197086
199321
199126
198410
201965
199315
202130
199295
201505
202634
203946
194966
172255
201347
200454
196080
199939
211583
196717
196758
197803
200093
200832
223937
196929
198927
203093
197598
198067
198243
198200
197508
198496
197714
199134
198345
209471
200312
198861
200543
197062
211541
198076
202491
198436
203601
199524
196410
200336
199152
198087
197877
211245
201598
202828
198202
202078
198799
205432
200777
197460
199278
199987
198539
197551
197691
198360
202551
199424
199777
196184
197225
196065
198221
198445
197131
195760
198465
197686
198366
199315
199827
199232
196860
198314
196160
196374
198415
199514
197857
150111
196769
198721
201877
199029
215937
201536
199838
196872
199128
197775
196653
208739
202766
199347
200423
196905
200441
198139
199177
194831
200139
197996
198373
196962
197616
199773
200665
199451
198157
200243
197316
205448
203666
202214
203227
198053
230161
202649
203064
196470
203433
193975
196474
198005
200464
196756
204948
202356
199141
198375
201044
201534
199506
198811
198293
200820
197559
198582
198901
201438
203871
202666
196580
197015
198501
199890
199455
199178
203274
196806
200177
199951
199895
199220
213837
200363
205411
193950
222865
198908
199674
166034
199068
200893
200175
197853
198977
201434
219121
195263
246674
198884
195878
197625
198826
194714
197244
201743
200489
198415
200893
197945
225166
202606
198698
198452
199661
198087
240152
198445
197932
198819
195393
197346
199054
200558
200774
207290
199019
196765
198904
196429
157968
211494
208663
198562
213430
206961
200590
197455
198771
200226
199340
199014
199740
196987
198273
203141
198543
200107
198560
209753
196676
196987
198891
201465
199265
198976
196756
184144
196237
200266
199212
198123
198920
197748
201122
195831
199253
201515
196077
197428
205728
235797
197277
203237
197777
200042
200206
196987
204562
196857
198077
199990
169331
203127
197741
200838
199861
199680
198840
199470
208472
202590
199250
196230
197049
199017
198967
197340
238072
159207
199307
199206
198651
196474
199525
200423
198653
203958
201304
204240
195388
202221
197082
198151
198654
199390
197091
199444
199146
199947
197982
201382
195706
196455
199179
199407
200226
197719
206557
197387
202118
198434
200801
198545
200503
200871
197580
199058
195483
197397
198413
199689
201002
198710
198725
199482
195728
200158
200574
199594
200361
199136
196275
197693
195430
199681
197912
201832
241102
198955
228850
201816
200372
197851
190352
196531
201180
200856
193704
205644
198883
215834
217116
199175
196457
196454
197936
197039
196721
198421
200256
205184
199319
199220
195941
203305
197179
200380
223920
200967
200451
198842
201477
203426
197164
203218
216010
199221
204914
199271
198811
201860
215924
213967
209806
199304
201837
197953
203311
198731
198304
197410
199989
204637
201607
199281
200793
167954
199367
197361
201160
199788
214240
201765
198289
197571
201270
197452
196609
199851
198157
196558
201603
201411
162232
199619
199393
200432
197126
196518
197424
198246
196832
210348
199199
200250
196100
201024
198555
198027
199363
198414
199566
200923
205799
197017
200010
198290
200939
197671
211140
208984
201869
196679
195902
196556
202660
200246
195970
200936
195737
199307
214388
199180
197254
201222
194762
197635
201646
197272
197820
198096
199853
197880
197525
197591
200322
200127
198346
224620
210084
198537
199540
198710
199024
211224
199782
200341
199389
193739
198462
200925
196072
199899
199579
196420
174892
201357
197245
201865
200240
202156
196432
200938
199062
199212
200624
199285
197900
196871
196653
197825
202872
201805
197904
197768
200971
201693
204693
202652
197505
197449
198061
201462
194375
202204
219467
197768
196502
198339
201887
202878
197063
197459
196626
199007
204727
198981
200446
213576
197369
200646
205121
210601
197980
198505
210950
201846
199120
202097
200293
198607
197607
201317
199675
197297
199215
212304
199969
204385
200007
199344
217393
197603
220777
202787
200298
200348
198699
199231
200618
199253
190335
197162
197014
202192
213233
249946
198281
242682
199029
197870
197560
199403
200230
197018
203887
199350
200906
199438
201010
203050
198336
202426
199373
200525
201427
199193
202605
230983
199533
198757
198810
202239
197182
199638
198426
203086
196580
198528
196174
201274
195744
198197
199992
208089
219745
200253
199616
203353
198551
195746
203404
200285
197368
201780
200314
200029
196396
198482
197720
206492
201526
197871
206761
201093
201346
199322
197392
204724
196865
199306
197144
198967
198463
198321
221459
216351
198208
199321
217615
197941
198011
196629
201756
203489
198108
196950
202059
200414
204630
202330
198278
199812
201263
245331
200692
199261
221174
198329
208867
198920
202907
235468
200742
201252
197523
199418
196450
234758
166373
199509
238657
204299
198732
203544
199165
202995
197912
198261
197995
200970
200436
200399
197434
197729
197338
202269
202955
202395
199254
201200
200285
202913
206898
204413
201067
201060
198984
202422
199410
213730
242581
203840
213677
198968
198911
196936
199896
199658
207088
199199
198695
198150
199352
202130
197401
201481
197242
202574
198545
200132
198850
200929
198011
202481
197932
200056
198935
198452
201289
212422
200350
206497
198247
201301
201213
197053
211398
202550
208517
197821
199129
201933
198942
201289
199749
193135
204206
200532
197858
200003
242359
196682
201753
222046
223872
198503
196338
198762
197785
199877
202274
203238
213806
201069
198703
202784
201337
197183
236069
197657
202293
199836
198512
190275
197608
202467
198666
196637
198283
197957
198722
154261
200268
197605
204821
203180
198478
203669
225067
228423
197888
198257
196879
185129
203088
199928
199983
213406
201199
199529
199935
197549
204843
199579
205704
199675
228147
206261
207382
198239
199614
199140
213457
198608
199372
196382
171131
196037
202475
201989
199637
197581
194758
198685
204289
198226
213399
222895
198862
195815
201454
202407
198004
197448
200052
196770
201581
201975
213083
200906
201062
209016
202055
198041
199041
224759
202723
213198
196442
150129
200298
198610
210414
197802
196956
198973
198228
200961
201342
199128
201189
195051
196953
206391
210692
200861
205528
202406
209039
198631
197188
199841
197812
198519
203929
200629
201456
179898
199379
201523
199760
200696
202489
200239
216844
199777
196935
198398
200330
196673
197806
202827
203476
205002
205941
198987
198589
200411
200091
198749
194069
197622
196637
197320
199907
197949
196273
160383
217747
203989
199044
210958
202404
217896
200948
201159
200670
200900
198304
199472
202630
203039
199522
199030
197882
198664
202552
202889
199304
202409
209754
205809
199011
199504
199025
218268
204791
203135
200434
202451
202754
203246
200898
168742
208364
208364
201755
185881
201300
238845
195891
201755
185881
201300
238845
195891
199411
214270
199430
203725
202392
198014
200327
205041
236578
201755
199152
201182
206088
