199152
201182
206088
198088
191676
198227
197752
199788
207158
198589
204003
198411
196772
196877
200971
231336
199815
217564
225828
198569
198931
214912
200732
201918
199448
198051
200657
201282
198900
199733
198969
197817
200394
196053
235236
198244
198930
198001
208434
197397
196656
199696
199145
206595
197240
197277
197176
198182
202145
196649
197507
204348
200664
210685
198842
196755
192165
198128
196815
209164
201812
187934
199249
197106
160555
197606
195343
197581
200601
196212
198415
200353
199978
197828
198732
197021
200341
199104
210818
202724
248236
195904
198749
200854
196566
198429
197846
189901
215536
196370
203709
197756
196898
196415
196968
196783
197742
196852
199881
199487
198884
178553
202566
197983
201019
195009
198555
196564
198325
195816
198806
199234
206850
180797
197282
199307
196748
198113
197934
164395
199559
193701
196315
198085
198917
198889
194065
176638
198483
199273
199266
201904
196177
198075
208149
195341
198813
198933
199160
197154
196142
198582
205414
193039
217598
198042
168942
203644
175610
196184
206618
198586
217280
196708
192633
205401
199981
195355
197185
198843
196914
199224
198656
197296
206547
198699
198397
198365
195299
224638
196871
199859
197593
195845
197373
196789
196906
197332
203973
198362
200990
198588
198590
197290
197806
199062
212977
209456
193269
209851
201048
197783
204145
200190
199121
196243
201160
197027
196077
199070
196624
242200
197546
200543
198847
211749
198538
198278
202411
197412
202152
196867
199469
201555
198928
197201
197516
163427
199086
199095
197841
240814
195580
199338
197227
197733
211302
196382
199398
195523
198895
208992
198692
198822
197166
198350
226429
200006
197160
212555
217696
199464
197827
197127
229468
198409
199325
196335
199421
159189
196956
195916
198564
197387
151747
199045
207452
197649
199768
202214
199644
197601
196677
198585
207919
196104
197359
203954
210327
197632
189604
201876
198032
197040
197669
183029
197743
196205
197845
197035
195938
205596
197077
230173
200143
197357
227267
197671
197652
221211
201035
201245
198122
198609
195235
199311
199094
196900
197960
198294
205729
200513
218067
197798
249063
230784
198781
196832
200239
200921
199410
202893
196407
199723
175069
214974
205202
201779
154750
199656
201230
206145
202752
196193
196822
203131
195492
200161
200804
200852
199930
199551
197770
199032
195492
197255
197951
198983
205426
204002
232284
199604
198204
200020
202491
192970
198334
198670
202890
199103
200258
197566
200509
198515
199967
204644
194104
198070
196751
197034
197643
196531
198546
199154
197849
197669
198557
200388
200731
197519
204197
155582
200392
198834
198302
247695
196936
198058
169373
242780
197648
195880
199770
197466
196948
202523
199450
197452
201313
199845
197990
197650
199341
218971
200595
202406
240412
198417
201536
202821
198011
197203
199292
199834
201908
247369
197662
198495
196454
224821
199394
201036
227890
202097
198732
199124
198807
197419
199238
197549
162701
199075
199379
197394
196536
200585
196711
219393
198629
199887
196435
198472
205856
200802
198226
196638
196902
203533
186464
200379
199527
196095
223468
207024
195505
195997
196221
217453
193222
196542
198111
197878
198185
229176
199451
197426
199539
197896
162291
195232
210076
196858
203176
199825
202496
196488
198519
196861
197513
197772
198473
196410
197204
197475
181008
197621
200732
230948
197547
235108
196962
199071
199785
199814
200021
202237
200146
197378
198511
181523
187055
194394
198996
242202
192316
200203
174652
198668
197635
194075
199106
196855
193781
197412
199603
200249
197722
199887
195992
192676
197057
197232
203509
197588
196510
199691
198392
197790
220328
195955
198977
197096
201139
212675
200407
204625
219944
195221
200520
196018
197666
200548
199091
198865
202247
202667
190780
197397
198190
201642
198345
196977
203085
203653
198694
198504
199321
198898
176065
197714
197088
200622
200239
202844
170992
207154
198409
195816
198366
196533
199513
199548
196189
199879
232472
197478
198166
196434
219662
195645
198897
200189
198230
222016
199366
196350
197472
230482
197305
193819
197127
199228
201363
200674
198210
218898
196154
198308
203414
200518
202237
198001
194877
196613
207240
196471
197466
196045
197906
194992
195403
198067
201387
197938
201524
194210
197130
196518
202663
196953
198894
203594
198194
197083
199553
198630
193896
196874
209262
199499
196340
201524
198552
196480
229116
199582
197425
196518
198072
221926
199671
201059
195733
199504
196496
209191
196265
196880
210367
196654
199395
194461
198799
208360
224229
199063
198317
209795
211014
198609
192617
197233
214331
197875
197382
196505
195742
197742
200368
197209
199156
197339
201700
204722
197051
220772
196662
194704
202939
196878
198468
207019
194706
199740
195958
223771
199937
196958
197122
199181
198261
223853
211487
194984
208916
207544
196980
203452
198362
201765
204431
199738
203417
198462
202138
200129
198884
249736
196891
197548
202521
200595
174484
240369
198759
196078
198120
197351
201037
196824
226626
212025
198482
200359
206300
197002
198327
197922
203137
198509
196282
203354
198882
199447
202303
195932
199166
198495
172185
201944
201485
198895
199236
199986
197762
199364
198593
198670
246776
199545
198033
200642
196158
198080
198650
198371
231491
196141
205029
196519
195355
217912
198880
197520
204479
204113
209066
205025
199656
198252
199157
201892
202746
197271
197587
197375
196887
214306
203688
200162
198122
198830
195121
198196
198872
210326
203421
210181
195772
197660
197336
196962
200053
196458
199314
199325
199344
197312
201961
211959
197730
198461
196692
201367
204744
196832
199011
231248
198405
209447
203176
198831
210836
197498
197149
196279
207739
197977
179380
182301
198707
198565
197222
207957
159048
197369
197980
201408
199182
198711
198763
199151
197991
197917
201587
198456
199336
196891
198036
210118
201287
205779
200501
227012
196613
198718
197227
197978
200557
207477
199544
215914
197693
199061
197232
198646
195906
159366
195095
197152
201440
198866
198325
202464
196611
196702
199109
197456
163128
199224
200508
201043
197881
198031
198945
206206
198598
197344
218069
202365
197701
197824
204802
202412
199838
201634
201023
248497
206772
205019
201854
199608
197326
196269
197378
196696
195642
197903
244870
229414
197440
198856
197861
201458
205697
229532
195611
198678
190132
205271
197159
203118
202761
197176
201836
196237
199423
199026
197730
168699
197795
200692
198239
196415
203675
150742
201260
199926
201583
196183
205226
200344
240752
202838
199955
196400
200521
196611
201328
200865
203170
197988
194267
198688
196173
196178
196183
200619
215555
205872
192096
195859
199347
194998
198117
198627
200099
200755
199054
197675
203241
197791
209388
198500
199618
199548
198423
197910
196219
198311
196491
198844
195481
198740
196359
197592
198384
201645
216273
197610
196754
199085
198331
200401
206497
195631
206215
200441
234493
199485
197810
197122
198094
199381
196095
200183
203374
197444
211261
190094
199300
198083
205742
200313
220526
196715
199172
198451
194964
200914
241334
197277
201112
197918
198075
203371
198385
197724
197288
198924
198443
196022
201530
198615
202786
197861
193946
231375
201063
198415
214309
197781
206837
200256
197647
197893
199565
201231
200470
193533
196619
197418
198376
196638
196206
199686
198923
198206
199711
202034
209229
196840
196990
195847
197669
198753
196670
200421
223411
209864
197623
200086
199993
197911
198432
196133
198457
202219
216304
200034
204884
199712
199229
200698
200260
202878
201373
203587
201945
198032
197016
198025
201816
214347
197343
221504
199484
196109
197088
198799
175394
202748
199650
197976
199480
201234
196223
220722
195835
198196
201408
198643
235577
197302
194603
197035
197500
196933
181682
203463
198034
201440
201404
205557
198288
198255
198409
179830
197992
195946
178241
198157
196831
196588
199307
162754
200909
198764
231938
197137
196894
228444
202462
238546
196691
197881
202162
197159
198548
226167
199456
200247
199539
210412
198180
197945
198473
199799
200370
199120
206269
197752
196596
197794
202105
204015
198375
198676
153637
227548
202219
204633
197541
197567
199130
199076
205259
199443
202575
212029
201762
199423
203081
200198
207990
183985
198560
197404
196997
198069
198473
196608
194451
199112
198833
202025
197353
197947
198585
198626
194211
160996
202577
195688
203961
198453
207123
199864
195115
203183
210647
197365
196025
196967
195757
200029
197469
196104
203060
196085
196459
203554
204157
197551
206013
202430
161620
198133
199191
205357
199468
199644
196739
197462
197658
234005
198506
198342
201698
205461
197967
175113
167783
199044
197532
241331
200044
198059
198949
197851
196943
166164
212314
197192
199967
203427
199656
206912
207830
198590
197469
157230
197696
196444
197898
196467
199087
198368
199160
198942
228767
200946
210702
203833
200190
201597
222666
198311
198133
199177
199214
196885
199018
197535
203245
200470
199522
197437
198151
197727
196128
163208
202476
201300
196489
199687
202538
199251
200837
193989
195729
198953
195817
197783
199198
196293
224102
202993
200747
204158
229615
212293
196115
197911
200438
196203
212301
230252
197924
194179
198181
197492
195864
152913
197110
199039
199223
200123
200676
200720
196549
198762
246160
198135
194161
198300
198220
154369
198619
198647
198601
229324
199090
199438
241438
199648
210968
202113
200931
172377
198339
198090
199363
197012
198861
202673
218268
245975
198345
197395
198978
198355
197540
198526
200066
203322
198384
201231
199053
202790
199998
197656
207259
198279
214940
196253
202166
202173
200963
199013
196605
240991
213615
202812
200574
197937
198762
199906
222992
198520
200910
198591
207418
205151
196979
197133
198002
216420
199722
199347
200749
200697
197569
206605
197650
195839
196508
196561
234336
198653
204705
198274
200940
198883
221006
199618
202560
201693
197330
197528
183427
201052
221517
202829
232251
201104
200672
201982
198296
198097
202314
200518
197043
201520
195828
200591
202671
186315
197606
196066
202200
200634
199327
199073
220818
196758
204164
199077
196731
201865
201166
202278
198985
198692
198502
204829
201444
200560
198595
196656
199446
202090
201383
201951
202152
201307
196934
201178
183746
197017
227873
198461
196546
208183
202178
210942
198584
198825
197221
198189
200647
198542
198981
199742
199058
198672
198214
203836
198059
187694
197352
196317
187325
199221
204181
196480
198584
187603
200636
221373
198269
202703
201120
197926
203240
197698
236397
196389
206761
174395
208710
201267
196059
197783
196135
197056
202210
199048
197846
199595
202311
201284
197448
197719
203961
231952
200506
196657
199003
198914
203637
199790
198399
201330
201948
199924
198418
198806
167112
201022
178493
201006
198891
198629
196822
202496
201683
198260
196971
201720
189429
197418
202239
197353
198612
200776
200833
205038
196186
211808
200483
199535
244684
203962
199232
196186
200017
200503
204383
201770
214634
166477
197952
196078
225310
217060
227922
204987
202639
202968
197909
202533
199166
197984
199572
200174
199002
198725
177599
201759
198212
200814
198272
198120
197712
204060
196029
196257
198723
204472
201453
201832
202659
198464
230782
204925
198779
196784
201339
196433
160526
196487
197244
203119
200777
201790
198664
199360
199121
196672
195449
198582
200040
197876
197135
209117
196163
194088
201813
212450
195505
201477
197187
199866
201701
202330
198306
197454
160898
198689
197642
204002
198008
198720
197256
198197
201372
200904
204473
197949
199253
196948
195006
196878
196980
196744
198395
202045
197096
199392
198708
196898
199138
200110
207460
199063
199365
197761
208035
200216
197825
196767
197854
197622
198164
198440
249513
197969
198902
207179
197060
204830
196288
197288
225257
201469
199029
197251
202238
198774
179339
200631
201331
201211
198483
202605
199089
203359
198076
197681
201620
198664
199235
198119
198011
197368
214434
216317
203181
203187
199890
197362
198033
198336
198587
201891
198876
222002
197385
208505
201435
206267
199178
201036
198762
203384
199972
170095
199800
217965
211083
195186
198800
200209
222048
198770
204374
207182
198349
195457
196968
197089
196878
234074
198319
225486
196091
200547
201002
197166
201171
196542
197985
196822
197724
197753
197728
196290
197588
196054
197024
197696
199720
199050
186007
196399
199419
196715
198502
164982
196856
198260
196919
198128
197779
197457
202429
199737
199023
202204
201679
234941
199023
197770
223796
209896
173158
248025
199870
198446
198781
199584
175423
197998
198571
198923
201594
199638
203546
204989
198537
196715
201226
199764
218017
197663
199149
197991
200578
197851
200601
196483
212649
209527
196447
198643
198148
196918
175386
199284
197550
203740
204625
239318
197337
201071
218843
195861
204703
199677
198849
190398
201698
204595
199162
200742
200071
202183
194921
197769
198902
195669
199067
199166
172596
197728
192976
230002
213032
211790
203409
158390
163558
199406
199626
200779
196103
196487
202888
200284
198893
197991
198208
195951
198232
197793
198567
197021
200308
240618
199241
215241
162092
202739
213669
227357
223454
202735
198408
177518
202176
203517
198105
198340
203459
196618
197709
201959
197939
203656
199777
198624
197660
197095
204733
198910
198380
201574
199910
201779
196865
197109
200285
199390
200971
198352
197321
197941
198646
199220
197706
196956
198561
198717
195348
199694
197181
196814
199682
198872
201222
202317
155789
201081
202981
202181
197058
218189
200806
198457
206406
222381
202033
200690
199875
196984
150791
199370
198493
200845
195002
196098
197143
206439
200680
199239
199503
201756
201195
198657
197022
196588
202396
202324
217848
202574
199453
200084
197974
201701
198895
200960
198958
225846
198730
196353
195976
201288
198476
200023
203146
197662
198491
203805
248551
200487
195560
198581
199889
212507
197038
198345
201891
151739
202040
198515
199244
201473
203849
194926
240429
200403
196006
199897
211541
196683
196706
197781
200047
200845
196873
198886
203075
197533
198180
198136
197482
198459
198257
197646
199081
198320
209398
200222
200555
197012
211515
198025
198382
203511
199504
200207
199114
198104
197819
211130
202709
198188
244103
198746
205398
200719
197431
198602
214252
199917
198510
196688
197503
197666
198326
202559
199324
196162
196033
198178
198403
197069
195715
198458
197570
199242
201352
187765
159702
198312
199776
242338
161671
196085
196365
199472
196731
198638
228991
198967
215905
201540
199847
196846
199122
208730
199287
167766
196882
200391
198122
199150
194782
202189
200099
197952
198318
215661
199718
200631
199330
198136
200178
197301
205398
203634
200448
202156
203224
197977
230154
202625
203041
196457
193929
200402
219119
203120
187183
199093
198307
201517
200834
194500
197530
201377
185609
202596
196505
196971
198489
199803
199439
199102
203142
196762
199993
199891
199856
199207
213827
194397
193908
222833
199629
198988
200816
200165
219091
195206
191739
198864
195818
197595
203356
198582
209269
195714
197244
201709
200471
198381
200894
197903
199273
202540
201597
198345
197912
198699
195389
197260
199038
207158
199007
196710
196388
229597
211410
198480
213349
200522
197272
199313
199662
196982
198268
198972
203110
197875
198477
200086
198457
199202
198920
196148
200193
197729
199157
198115
198914
201126
234978
199101
201512
203042
196086
197407
205109
200031
197243
197759
199975
200054
204478
196863
198028
199961
219174
197724
200785
199822
199642
198805
199370
196413
202585
199243
196213
210868
196992
197245
199287
199161
198631
196475
199526
200391
198620
201272
204235
197027
198060
198636
199389
199453
199885
197954
201339
196447
199130
199378
200158
181687
197718
200755
198526
200439
200758
197510
195401
197386
199626
200977
198655
196889
198680
195689
200109
200539
201890
200320
196156
195417
199642
197900
201758
228605
196366
198911
200363
180458
201106
198851
215777
217096
199172
196396
197034
196681
198423
200190
205157
197420
199291
199179
203290
197088
200240
200934
200392
198837
201449
203414
152434
203193
175043
201497
215969
199180
204883
198689
201811
151596
199296
204071
197927
203282
198646
198307
197368
204588
201503
199259
200773
228797
199365
197338
201165
203776
214219
201684
198278
207226
199843
198120
196468
201504
201344
233908
199566
199364
200410
197034
196532
198156
171319
198055
196055
200986
198555
157758
199308
198365
191824
244459
205702
238729
196991
199946
198248
200873
197564
211090
208970
201735
201798
196671
195886
196425
200229
200913
195731
207381
199264
214332
199110
197235
201902
195020
197562
197250
188893
197783
198034
199822
197858
197948
197483
197511
200210
200067
204960
198225
224551
197111
199504
190208
199013
211184
199678
200321
199364
193639
200896
196061
199841
199544
203078
235587
201354
184585
201833
196383
200937
205183
199197
197445
199202
197839
196855
197770
202805
201771
188077
197715
200863
204673
197402
158230
201423
194317
202168
197740
196388
174294
198256
201863
202842
197022
196571
198948
204710
240769
198024
200394
197289
200581
205050
210600
197909
170367
164440
202100
198593
197583
198575
201255
199560
197297
199163
212283
199838
204261
199317
197608
198200
202728
200357
200530
199247
197006
202129
213175
198237
218272
235232
197844
197467
199398
200199
203864
199263
200887
199319
200954
203025
198305
202420
199332
237520
201441
199134
202553
221469
199522
201111
198732
198791
199709
197133
199567
203038
196503
196135
195673
198150
172617
201060
200206
199534
203241
197814
198420
203394
200247
201765
196964
196360
197701
206437
201503
197797
206705
201089
201308
242822
204678
196807
199238
197109
198922
198373
198118
221345
216312
199302
230125
197921
196589
201714
203442
198072
196914
200379
161051
199048
181306
202247
209043
198279
201236
199164
200688
199188
208831
198915
192081
235417
200704
201197
197441
220735
196362
201289
199449
205970
238592
235096
204287
198702
199061
190414
198248
197955
200953
200381
200329
197296
197313
202171
202947
199157
201150
200291
202882
206854
200960
198956
199391
202384
154245
203785
213651
198902
202293
198857
196897
199866
197726
199659
207038
199155
198691
198131
199284
232043
202125
197340
197199
202518
198504
200008
198776
197943
225583
200068
198860
198415
200341
206481
198186
201214
201137
211322
156766
202551
197809
199119
198908
201217
151214
243973
204171
197726
197486
199997
196653
222018
198427
196296
198724
197746
202135
202234
203181
227320
198658
202721
201231
197125
197583
202260
198115
201019
197495
202430
200307
198624
196592
198251
198609
201464
200178
197557
204742
203148
198405
197875
203596
197886
198212
196827
197016
198332
202372
199937
199938
195436
201715
199528
199947
202873
238918
197553
199571
198753
205651
199595
228127
206213
198246
199605
199096
213398
198607
199296
196291
202187
199561
198158
197550
204250
198236
213269
222781
198839
201385
202332
202617
197938
197356
196753
201511
198156
201937
198697
200902
199437
201080
198015
154257
202683
213102
196327
181872
200257
198533
210302
197698
196933
198190
201353
195282
199072
201118
195021
196919
206344
210645
200822
166869
208957
198564
197193
199788
245104
198452
203908
201389
198022
247228
199371
200619
202353
200196
216796
199745
196882
198410
200313
207443
196643
197708
202840
203397
204984
198884
198497
198295
198764
194028
245845
197566
196595
197292
199823
197962
196228
217705
211379
203894
204751
210955
200627
200879
231336
198272
199399
202614
202990
199399
198961
197859
198078
202476
199107
202846
199016
199221
245457
199435
198978
218245
