0.05658467992199419
0.055802053307627546
0.05933278329328342
0.04332473590379702
0.056873073306549574
0.05815280614977787
0.05106971118158963
0.051859379909017116
0.045546717082984314
0.04607324652441546
0.05411591004944417
0.045914487928210304
0.048591064107102185
0.05563145119173578
0.056912441080238976
0.05080653865673614
0.04653104067184962
0.06231931515007287
0.050353842270398984
0.04644123327890454
0.04894879833459143
0.058759858890783605
0.05940907009900611
0.05348658965347584
0.056830665012017036
0.0583468553649697
0.05636484774176188
0.05146946763803338
0.056137592980876436
0.05414868827222975
0.04777169121181621
0.04873706305978072
0.0480596926913939
0.04775632068876781
0.0520122510611863
0.023158277538984907
0.03730058479554933
0.048936092921822195
0.04645021995245443
0.05280298421281496
0.05355083578721313
0.05339990681862175
0.045137693794430604
0.051855658470524375
0.05278180978990562
0.04841311143161028
0.04631286419693964
0.04556045089615497
0.05170382344250795
0.05145122072543281
0.05362825415405414
0.0563080112293366
0.05481011034705298
0.05733627912748277
0.02122477225994062
0.05717251800936281
0.05260157786238693
0.04992731755014685
0.05129751194004522
0.051493052028630075
0.040922751666787986
0.052038376521741904
0.04432235804576827
0.022751855859791406
0.04354396883968125
0.052673766909248104
0.04801684501267424
0.05008538421099149
0.052261692354483476
0.05616875943617102
0.047722539521469466
0.05526415745239074
0.05493534894967677
0.04476623842869415
0.05936344511373496
0.05249845783513318
0.04436142533456324
0.052518057218045484
0.02532246957745222
0.05460056660552417
0.05376327962331072
0.0661689397404025
0.02201797175917351
0.046217460455191144
0.021055164691542647
0.051957063040323576
0.05165847605820961
0.022108234438155593
0.04710341102402863
0.028596852180786708
0.05625814899793046
0.053315770363652176
0.053154009920218855
0.0469906234494114
0.054321186636424594
0.055897585877007626
0.050930843072213836
0.04574380439700644
0.0490432601338895
0.05003286045354791
0.05164009133584214
0.049178844550100645
0.04967822351600714
0.06109315072092645
0.050584741814534415
0.047362535281855606
0.05537666256185099
0.05984240867090585
0.057571414621055216
0.0220995663250273
0.04331056821035257
0.05045151749038373
0.05038221415562987
0.06087637919541717
0.047745582958482524
0.05411286537788818
0.059615078916695007
0.05098092234360342
0.0447192948768253
0.04151167490207598
0.05023136468978251
0.05760976882022436
0.022192009706688276
0.04506316599298012
0.04596108210207972
0.040569677383596556
0.05583029464646302
0.046923400761957945
0.049383769817666644
0.022311491703941973
0.05631563782729122
0.051630611697339
0.05013950747695803
0.057261482750698575
0.05182725163316878
0.05830963651481036
0.051974081189145545
0.05109910278588022
0.06044917122495128
0.06103959494502076
0.05248978165841412
0.061100064913383406
0.051835204749982065
0.05721938650642275
0.05693964795551775
0.020938703280134224
0.05538966013488733
0.06113740941935517
0.05330025051305418
0.0529786638425544
0.05674307719955548
0.04950437354127281
0.05073810433600892
0.05620752594191567
0.055112218254141115
0.05500481518249407
0.04694936683951962
0.043049642475655174
0.052368128621761385
0.04536404163584693
0.0608718003050418
0.0531249972071073
0.04969187657767218
0.021962614942635714
0.05284395063586164
0.05004039631804978
0.04358446187716528
0.022308006082580253
0.04937622282629855
0.05255424916505847
0.056160427797225784
0.055109154410004156
0.049402377813152105
0.022787192171102127
0.05377908763399996
0.04954390574319654
0.04793876365781077
0.047033046574257435
0.05449834002523927
0.05348446091630146
0.05464483808149073
0.04833642340913897
0.05666379847246616
0.04906414456602713
0.051285714270088475
0.04799456797968483
0.04238153221586056
0.05132242000538358
0.051627116232776916
0.05335419171998845
0.05120743798205671
0.047419706295862195
0.05806882566063621
0.044602047216562093
0.052875535164022235
0.06331909013519253
0.052517712246760766
0.05605031223607642
0.04011347654674331
0.021459858053794287
0.05500017068891145
0.05127525574527169
0.052763154387080624
0.04828083257764565
0.021039130824188266
0.05639114350716485
0.0224858636624422
0.0546445371105678
0.06271311945942692
0.0443005360783686
0.05584921102065553
0.06338632930567539
0.04874544377113373
0.05670887613193918
0.04738247482902747
0.04449762848594379
0.04510004806315192
0.056859854081635956
0.057041701374073
0.05157370436480196
0.051246179867661626
0.051395269992461794
0.05133603383894409
0.0513337431802493
0.04935241760450558
0.05608081512820971
0.04658772816728689
0.052056637406907656
0.055815336900960584
0.059961878045907385
0.061964932563063554
0.05649449226769635
0.054789753125941955
0.056148638558548965
0.04832214394065272
0.058758429219706296
0.021979675085662956
0.041248868587003974
0.044625181946628865
0.06833260023691858
0.05499865192610277
0.05117841179337365
0.021245417211223194
0.04999315610721534
0.05512722192099775
0.05333529495281524
0.04843534222463079
0.053459918743729816
0.05873168032939388
0.05796199635065759
0.054306137434498046
0.050212515465957404
0.050319145495468925
0.051791369658084806
0.057520656825762684
0.05115806339409313
0.048316544104498635
0.051870131935179906
0.0453405150266433
0.0495890793742042
0.05134836620788809
0.04434813803912217
0.055524714143094935
0.051145628933294066
0.04651996125158779
0.04266666237034851
0.048657121403052984
0.05084520550319191
0.05215547795492921
0.05013031830179561
0.05268720054704831
0.022101998363120955
0.02154788569187341
0.0516834633573918
0.05366851249999438
0.05490359275363293
0.021409054014120993
0.05451399908281828
0.04618675987454205
0.04480246122958265
0.054378892504474786
0.05667010003109026
0.04871250990575729
0.05864449772523842
0.061224553845015885
0.04731060490522626
0.05124979141870218
0.04589952605349974
0.04194338956746351
0.052146109336642654
0.02219259524204741
0.05420558908836408
0.05295127071398274
0.05722579808957198
0.04989760595135882
0.05205655978984213
0.04794185442281876
0.054576675692474125
0.05414920217392394
0.05393586876169957
0.021465522487546303
0.05568397932644453
0.055684753084093735
0.052949728337704026
0.051995251310483784
0.055490931917649505
0.04827978174965102
0.0414133892990916
0.050996092395250506
0.048652214629615054
0.05217655324421405
0.05511825437317057
0.05497641801628865
0.046862435588359
0.044138550684335434
0.05258597393662796
0.0510612691047088
0.05118635723323043
0.052233785845007916
0.04423332527773794
0.050994426102142394
0.05716142899920489
0.06169498917095348
0.060691654771231854
0.05030670159733585
0.053181687337451225
0.05418583764729846
0.05064443997212499
0.05808042579782758
0.05627559594428635
0.041089706005020536
0.054684322637632655
0.0564728570141894
0.02297592512191257
0.0519137557121823
0.059865892010501055
0.05149774659398776
0.05498656932161611
0.05705740896429275
0.052079248552257866
0.05151309576975377
0.0427524940885569
0.021440142942249805
0.02272964118297168
0.06394854520812235
0.04940354071732241
0.04094345482222352
0.053009979249840515
0.05531986790023501
0.04832193572896475
0.054380849597672025
0.05279150902487588
0.0539126858499191
0.04714602162727635
0.04778812574115057
0.04726816026223545
0.05495704554461441
0.0501400679622971
0.022149638205568395
0.05488778090380923
0.05993798027515028
0.02174532218413687
0.04729556145143457
0.05095391389324251
0.04473216081977404
0.05875857123162295
0.04902800919522621
0.04817067715942286
0.05009992807508833
0.0468009422716411
0.05210593252390924
0.022893491088762017
0.0638324242744841
0.047020270931743595
0.06175406947930449
0.05074140648750938
0.058565922853473555
0.04762234976065762
0.05425702651498211
0.053985885670363325
0.05762492142139305
0.047604565679302185
0.05382847051143682
0.050889387529295046
0.05758328500212581
0.05038106157542379
0.05529007669755211
0.06372781263253705
0.0563622728903309
0.02220613077520374
0.04534507645962858
0.056107863485520236
0.05425204251226396
0.04930606171719411
0.05187001997094317
0.05553516162641402
0.047925929400340544
0.0517234294513373
0.05182155867429219
0.04883764860727962
0.05648383825581677
0.0465145418491687
0.048398399710560445
0.023418401316591026
0.06186061710703558
0.06351671390882947
0.05444653483363784
0.05145655473990646
0.047762917546310485
0.05160574202752621
0.04448124493508301
0.05886323865725681
0.052017007798494094
0.05773402321701963
0.053081445087262376
0.05262416772908623
0.060789003266439566
0.05504560636782071
0.05967721891452905
0.06386140624549957
0.06327977291282844
0.059491414089666794
0.060129063139057595
0.05742028617321264
0.0512461982675719
0.04338006370726408
0.040770131799804446
0.05287593852523071
0.051661321322177434
0.049131205049086926
0.050235787741360886
0.05519782036606252
0.02228367304608217
0.05076695105709157
0.04856082486603299
0.05539058458171047
0.0576855462341485
0.05443318042923453
0.06086112436012395
0.042961354155370904
0.052398237620529406
0.05532602503002543
0.04906708860301037
0.053921971591874035
0.05016818159131415
0.055603422646873596
0.04641561494442365
0.04278804882532374
0.05922687508880615
0.04611044978832369
0.04161603873252926
0.05908898010438611
0.041122367523897085
0.022746122006264892
0.056745388138413864
0.04448912449260181
0.02111266067966371
0.04574890069870124
0.049660302152204565
0.04392799050490611
0.05219751459865934
0.026871723605125044
0.049086360404756224
0.04764294262818656
0.05734612161601647
0.062251273300983574
0.0561745603491476
0.047320541063362226
0.0417531494435529
0.02182575980360231
0.0467173067492498
0.056260717060025923
0.02166542210287511
0.04938500925690979
0.04335502664623805
0.05270223632335419
0.022519100606895402
0.05253445294059572
0.04824690647859859
0.03887052021111396
0.06198521437288273
0.056590239258197346
0.06498769514212428
0.04898685120477828
0.054629491306522754
0.047361242791012094
0.022625791562904438
0.05370626695775268
0.06621681129066098
0.05291908533428667
0.040440762485432914
0.056435852505725276
0.046539424774919076
0.052342659116500406
0.05633443534369976
0.05647474182760974
0.050074771841589
0.04827747767342242
0.04586699589685596
0.06453728960031942
0.02123264392922248
0.06384561657080284
0.044877287480695784
0.06152365672392756
0.039130676017608765
0.05544329929721091
0.04933275483884231
0.055149580708007954
0.04625081825189384
0.022003039344722107
0.0453587027445297
0.055831130735397985
0.046325284175516575
0.04866281306451095
0.047770711422513476
0.0616772978036727
0.04335361690503742
0.05001013759088935
0.04470927359654172
0.05864366061640703
0.04988210215992011
0.0492289306419007
0.0568048282766606
0.04994674594427631
0.053938144809627796
0.0486315645224038
0.06610904262973154
0.05450900543188268
0.050105756582988485
0.04772172372694846
0.052606139063855265
0.0558219630580333
0.05019982072839599
0.056269677723180256
0.022053643630243563
0.0554078974529727
0.05348850383191543
0.05297206855680267
0.052662469901338986
0.05154186191446625
0.0484115719421072
0.02177182534124311
0.058792613948124336
0.057652774844909674
0.052739019504544286
0.056634813004306804
0.045077680608973936
0.040523370640612816
0.041798577807588
0.04779707098889013
0.06351248763578118
0.023144826682860956
0.046853379611015634
0.05462756831350974
0.05351495229585908
0.044011461677306414
0.053566707560926276
0.044193564206732754
0.056062055677055106
0.05489181809615443
0.05226630278042181
0.02194078043191217
0.042568111540100595
0.04060866798288392
0.04444839286781555
0.048722264121551145
0.05795891636617437
0.048136013571399267
0.057596233417975144
0.05054846461578637
0.0482622870989459
0.05098527206027426
0.05204150551620787
0.050870688232024466
0.05763568936369245
0.04397898530319329
0.04746682364224872
0.05039976255298498
0.05850079167259073
0.053328974859132086
0.053017229803335716
0.050092850981985175
0.055223940959351056
0.05211702614324283
0.02289262210764006
0.05276482710534766
0.05775013410357235
0.057390628586456736
0.060680433002342875
0.05226819209002325
0.04805146690531191
0.03822052066446032
0.053970922944944565
0.05238024106479413
0.06179092890589682
0.05941650697259428
0.05073975824826585
0.05218086124484793
0.06184921426363628
0.05290747798686194
0.021320765492654874
0.04980303122771153
0.051393270356339255
0.05317320585617779
0.047325795842690255
0.05618848912856281
0.05633386601146854
0.051826500086646195
0.060387957816708
0.05252079797228292
0.049273858210168796
0.055725834435440026
0.05108030430075386
0.06119784683929645
0.049908869802704016
0.06045487796394421
0.0605565556925608
0.021571714182334726
0.05845968228730491
0.061643555175555136
0.05302629032598308
0.052844733190384706
0.05247566517960843
0.05440577625566284
0.058564484822062536
0.053330397919935615
0.046818682237227884
0.06196226445843154
0.04561065898717689
0.05366118542046906
0.05092343120501162
0.05428005273341745
0.057834992842782505
0.048513666263662825
0.05337779961279346
0.05956813566926132
0.05136777941874733
0.053535573575937724
0.053606036657538325
0.05461790925298005
0.058527167639585084
0.05775546001279204
0.048267001751543116
0.05090006807493902
0.047488116448611103
0.05363577428009661
0.0458743605468311
0.047638281351371534
0.04931542251593923
0.05123886524160728
0.051053307626325664
0.047472887861609664
0.06144291002194617
0.04862249628589391
0.04784074570844988
0.04090987109639385
0.040793064534337266
0.04691051023561514
0.04587490620976162
0.05700560971348076
0.05580008400211636
0.04995083085373437
0.05461378974399215
0.05145654709433432
0.0459639009630042
0.05291507840437562
0.04826929432421689
0.0647774600449911
0.052991998303555235
0.05326631230300194
0.05411495753118874
0.04557655329301462
0.06251006478790738
0.021878572669265677
0.05006424382261565
0.053243286245604704
0.05368465052847444
0.054642999727683765
0.05758069750336593
0.05378769178580468
0.05871855125511788
0.05935572382298867
0.05212511605905535
0.048399272107516336
0.05370868363609895
0.04233010472056939
0.052095161384006564
0.04932596997165428
0.05554115893256306
0.051898771528235875
0.048153943852542236
