0.04683116660453379
0.039980164205189794
0.04365333620808087
0.027502262659254484
0.041572945250663906
0.04283852895605378
0.03519364629755728
0.036582367778464686
0.030008761066710576
0.030119463830487803
0.03841167002246948
0.03033503278857097
0.03334418448503129
0.04005806427448988
0.04137546771380585
0.03526735091145383
0.030568798872991465
0.04670122521929443
0.034955581912072375
0.03036480292212218
0.03266034845728427
0.04348982895317022
0.04444079902896192
0.03843920065264683
0.041486616915790364
0.04317865506163798
0.04072422721947078
0.03620207142375875
0.04083305194217246
0.0384965143239242
0.03151557868113741
0.03315513122652192
0.03191499304375611
0.03191146469544037
0.036230813537258655
0.002973413240397349
0.02048091783944983
0.03290018309780862
0.030278737380285747
0.036872808035695925
0.03834956782520749
0.037750599381979555
0.029770063862088136
0.036299219107604586
0.036795897511183284
0.032930401132034604
0.03030245155969169
0.027193532874662196
0.03638183753355406
0.036016687845403794
0.03779520212265197
0.0410471489012707
0.038906378926185425
0.042140873745665886
0.0025170881126541644
0.04111300095974002
0.03439583615545416
0.034143565833801404
0.035455660850857385
0.03599158641009126
0.025190640793880448
0.03652614529710263
0.027265880125924014
0.004155348739004694
0.0276209079020191
0.03717586932179984
0.03228430513991043
0.03464984531456139
0.036688296939246356
0.040713183872867376
0.03198673038423294
0.03942750231362879
0.039193273754790425
0.02901702537201345
0.04366803070297465
0.03643792307411786
0.028395437519066036
0.03721252758987248
0.007309074397198856
0.03912722400855273
0.03853734339645598
0.05058317897055531
0.002507950193830766
0.03067822815501131
0.0021109031949890777
0.03641470138973091
0.03617261833278462
0.0029857434128643945
0.03140990661631804
0.01093115489493357
0.04083863616688177
0.03744085720973089
0.03752894436183851
0.0307506933280024
0.03867568200803362
0.04090545557846781
0.035401437620748766
0.029884372372180223
0.03331070771673694
0.035265967904706486
0.036019778781337664
0.03298505477141589
0.03427601853036322
0.045803957735188305
0.03490983483061427
0.031688671151641756
0.03975849223206751
0.04426422143296804
0.04187933876528405
0.003397688182303682
0.027181832629139535
0.034230405421112664
0.03489426235319115
0.04554031710722484
0.030929271950299153
0.038270970137091354
0.04446244648715947
0.03519488190067932
0.02912082250986714
0.025088711263379082
0.03441380448930431
0.04191765571886208
0.004169768304564059
0.02889408123883186
0.02963622296738322
0.02430340470164083
0.0397407368873246
0.030726489625521936
0.0340660110960016
0.002757941142135678
0.04060272278729826
0.03590018381510163
0.034780025453073904
0.041929982660803944
0.03665605952846818
0.04258599106105976
0.03656682639848441
0.03556059027323499
0.04503101181035163
0.045461619083653204
0.03648438413802069
0.04534281296946574
0.03618306132557336
0.04160161202889867
0.04128429206321016
0.0027875520863744896
0.039901234369608574
0.045437591994414106
0.03761721315095201
0.037271138426149264
0.04109369147045072
0.03337944105442148
0.03539704992726911
0.04095681018952746
0.03973722104274202
0.039616211361135356
0.03118387253198307
0.026453274840605445
0.03691210682154633
0.029639997781487182
0.045280388127139304
0.03757305463659577
0.03402093061595224
0.0030286833352874964
0.037016316200606525
0.03424413289758377
0.0270906745645334
0.0027863177529070526
0.03379562449117657
0.036609615504858084
0.04062819728278555
0.03992542291962309
0.03375705713551724
0.0030586082903028
0.038016458827769384
0.03376373623905238
0.03222852750332095
0.03137474213144742
0.03885942658234853
0.037949604433379136
0.03939140756119741
0.03257236036006361
0.04065427667956101
0.03365787117218133
0.035153445627656765
0.032046020169218536
0.02650079847080633
0.03551423716999125
0.03633961040759459
0.03817450579663273
0.03600240919331554
0.03158346856071148
0.042699185345554724
0.029054520302452147
0.03692405379115371
0.04795953680877574
0.036959738019504584
0.04044589332261239
0.023728807071165647
0.0024803052128845593
0.03989405196625739
0.03516519983531907
0.03698417630221229
0.03282563113316428
0.002303960034623742
0.0411084969091462
0.003266384548624046
0.03956363287579734
0.047469876044488046
0.028175880877824966
0.040332950549782254
0.04805395036237314
0.032579861843260005
0.04103381882305257
0.03174619117635302
0.028384455217747018
0.02903812333534006
0.04125195211963728
0.04187242747138953
0.0361384506104514
0.03596081302384846
0.03576566022820771
0.035087709956769686
0.035952483347500674
0.03395996880135499
0.04095399055222515
0.03082965358044021
0.03400084107306611
0.040443707213853486
0.04441683311597444
0.046493323767208494
0.04133411568182055
0.03938195535738487
0.040872232741094194
0.032675897135050036
0.04283916117128683
0.0022637647760177515
0.025218489710823633
0.028414548054570332
0.05311963030544575
0.03921931631339248
0.0351474665076239
0.002806430962664308
0.03461663884809241
0.039713198915706016
0.03767560109554324
0.03259479510597885
0.03798812772583915
0.04373519185173791
0.04292234135209583
0.038640865255729295
0.03507688734680414
0.03496069805987645
0.0362918281898601
0.04232881298230495
0.035816896794131026
0.032369449123507366
0.03597024040936958
0.029205378086771816
0.03386600389785599
0.035567472586990334
0.028242810803931206
0.040354772805585526
0.03559670388494851
0.030560694227460772
0.026736171494121663
0.03269480599556118
0.03522173514647875
0.03641906921257032
0.03396150501794182
0.03681826174579328
0.002679921417438891
0.002755563342361711
0.0357525062863715
0.03832888127362821
0.03900002103182487
0.0030343348007590976
0.03936832593171857
0.030397446535062045
0.02888218361476902
0.039120035522500984
0.041489686744171195
0.03295314763090573
0.04343977056851145
0.0454340769101691
0.031774005641636904
0.03549802099587396
0.030333951537613757
0.025439573131734505
0.03675263606419321
0.003388956858543679
0.03846483281813562
0.037637705958331935
0.04185012601374183
0.03376749128801748
0.03611488567548804
0.03231186032644473
0.03906034793180879
0.038789170794188976
0.03834159047983121
0.003115068597253412
0.040356518133194186
0.03988780785584822
0.03754265574389137
0.03631708056491334
0.04011477094900329
0.03227968170540407
0.02470064516819548
0.03571779272169806
0.033277690068644006
0.036511179539957084
0.03958251482981723
0.03892845132941147
0.030391656677238643
0.028603314858628437
0.037022232776507735
0.03593348171852995
0.03554956603329629
0.036863442372123245
0.027706593078619335
0.03529053782040137
0.041904034253093414
0.046050749806454405
0.04513429579674266
0.03464332795556402
0.03755981242284179
0.0389263776014559
0.03529715821787249
0.042320245076552965
0.04088771938404534
0.024554776151489932
0.03945974076486891
0.04161483318603132
0.004416246356413467
0.03637406601046678
0.044749377339030616
0.035490125552314566
0.039637952751945704
0.04121309252514038
0.03608856792925508
0.03600030699453782
0.02663943063816987
0.0031882396287983283
0.003434639744227752
0.04824701198958792
0.03367465992050711
0.024345897982129827
0.037374164145148825
0.04001562848861795
0.032353350150515325
0.038899441133253276
0.036968164597055875
0.03881727484986186
0.031255684727511834
0.03204513780656271
0.03128367151657585
0.039569788714288734
0.03437677935289685
0.0027085115152658545
0.03927840512187686
0.04425521803932497
0.002478932001395151
0.0316614630719414
0.03532931757217739
0.028853644500486553
0.043443233022117056
0.033483380590041634
0.03259910439373925
0.034463987685739994
0.030773702383157797
0.03633797240036074
0.0029411117429845035
0.048755847397842444
0.03129376130527817
0.04643101280089468
0.0352506191120483
0.042995830095605925
0.031780227029230446
0.03875443551078206
0.03833621388184838
0.042308405245421454
0.03095658349320729
0.0385070627235109
0.034968905354617164
0.04223915166221559
0.03485519094829215
0.04009150303318165
0.04815262640477158
0.041121803544228896
0.0034174394131696317
0.029407135356450453
0.04080860818794463
0.03857711020100396
0.033270265950704925
0.03631432719703298
0.04020100565685425
0.03206472238525748
0.03595484331890475
0.03676519065629691
0.03410499975143466
0.04113584260630887
0.030772471756790765
0.03252281874301843
0.004617762446287088
0.046079367282800376
0.048488265470950864
0.03904217283707112
0.03540735146088991
0.03209764543134952
0.03610869117255788
0.027877256739884615
0.043568200373556465
0.03646168603154365
0.04239280090405373
0.03787603392265737
0.03676866861496819
0.04560233237862121
0.039419466025719885
0.04469716816674918
0.04834241449134424
0.04818542361317668
0.04421798911062069
0.044614162092329934
0.04190204221231397
0.03520567009400111
0.027539896298549138
0.0248914799085469
0.03686135719908634
0.035816141666145995
0.03370007115154294
0.034826734714442864
0.03985702124191448
0.002537991531426087
0.03511024768522475
0.033211289017344825
0.03991021786714555
0.04200042842421681
0.0391198417491978
0.04547200228262227
0.02700385227217339
0.036969290289562196
0.03993576984066749
0.032996734385960735
0.03845098643068923
0.034410506472340785
0.04029266528959852
0.03074114593619015
0.026670912528061308
0.04432688499218784
0.029878499030019157
0.019527141681464855
0.04304175841389224
0.02479782930458896
0.003015201908056042
0.04095624843466794
0.02809561465983279
0.0022710306075168774
0.02990872284863144
0.03371620136022102
0.02814480135566555
0.03706638225412462
0.010028695513028651
0.03365039569325745
0.03112894910009345
0.04221148158831056
0.04677282778720837
0.04069060808978975
0.031032452989165904
0.022849598393804627
0.0027615401145908436
0.03076746039732825
0.040677592158317566
0.0025289612831329578
0.03361501007748302
0.026241794577799737
0.03685072037478676
0.0029208193300291896
0.03653300279984251
0.03255662205629051
0.02164171113690827
0.04694297042442486
0.040965474167023785
0.04915658666868694
0.03307676589611219
0.03906361170083983
0.031619902671081945
0.00432039744919166
0.03841395767813083
0.05093019929336151
0.03722560378082562
0.0232343329989817
0.040632653326611035
0.030343643040396273
0.036856180071481504
0.04087586345849559
0.0412259799632011
0.03466612016200088
0.03249001588119427
0.03025817142042797
0.04911646248365287
0.0020646228331315797
0.047817300670430996
0.02858323766849935
0.046342379340785556
0.02260798572388012
0.03988928260514513
0.03355682383698877
0.03936962306761416
0.030345562612637877
0.0030404152603296097
0.029169924047891982
0.04019159548624884
0.03020494458905887
0.033154917575302534
0.03211579209892079
0.046549617778509855
0.02597454580967451
0.03438644454581663
0.028537014484754764
0.042916909344057785
0.03406012389314128
0.033050630532670766
0.04137298322166316
0.034442942327586934
0.03819415654288605
0.033015568726114
0.05092028660874348
0.03881438747339416
0.034465863776858896
0.031948017203831114
0.03733944687701296
0.040024324000114575
0.03420027629181277
0.04105237043404486
0.0024253359883914527
0.03951986566971755
0.037684502498450456
0.03697573929821374
0.03719259734498337
0.03605560051801149
0.03232590819243342
0.0025394389522261918
0.04366917164588813
0.042197270813630894
0.03766629775054753
0.0414753293589456
0.02884074836038053
0.024077943016891368
0.02512353034398984
0.03136231390089961
0.04841679005767219
0.0027069174248026684
0.030244455847423524
0.03957553446525708
0.038024567722459324
0.027634842292172834
0.03827623474353459
0.02865430386736989
0.04105712661112193
0.03935566291329451
0.036969700988265686
0.0031980903877411038
0.026652605258277617
0.024600153614301234
0.028247072150406893
0.033406790884328075
0.04235765101475408
0.031009654245281126
0.04197710659354925
0.0349409476184519
0.03289115542429499
0.03612897296261508
0.03649618172494229
0.0352029497444164
0.042121151913306676
0.027338695981597994
0.03168002259917557
0.03496931355766719
0.042906549395411275
0.037391470177681185
0.03667154176218901
0.034644342929823324
0.03949872356315609
0.03707154094445286
0.003712585472385399
0.037014010493294336
0.04212938445562031
0.041969799414800946
0.04513395419053268
0.036737017435370944
0.03188341764325742
0.022150815595523454
0.03860746706777718
0.03702038042683853
0.046483114405418746
0.044175939678098075
0.035248848333139904
0.036752032523509115
0.04650447370659094
0.037535910567385145
0.002844677946995944
0.034196701119071804
0.03578180797921959
0.037007999810157344
0.031888843470369466
0.040849368131603114
0.04110818885965273
0.036303432018030435
0.04487848680582829
0.03715424801339395
0.033173031857586466
0.040121809171978384
0.03494119702736498
0.046043053138419054
0.033111729189840844
0.04515930361230858
0.04534360447723884
0.0030788473141001305
0.04306722183537204
0.04595539839647245
0.03692540533666033
0.03715491808907245
0.037038000773463864
0.039121389054344036
0.04351734716328792
0.0379693026188761
0.031672318262280896
0.046657348197186366
0.029433485484332778
0.03817615834122989
0.03519178708666004
0.038858360378071666
0.042402844221214764
0.03267747302015778
0.03765254070458468
0.04395689225930255
0.03590082976734266
0.037641326525772456
0.03770824920502491
0.03927367489086464
0.04331193021789659
0.04214015269826632
0.032019191567087546
0.03473356039467035
0.03141608985606581
0.038485317170852795
0.029543992859544232
0.03218348715745378
0.03376860079151811
0.03526890573266428
0.035221151178120635
0.0313281679773354
0.04622805191320367
0.03308919347182382
0.0318546455255273
0.025222400916391052
0.023872932626545662
0.030852794108795933
0.030236952399718575
0.0416734710597666
0.04040748194529442
0.03454272146336734
0.03877551505138399
0.035431201657047495
0.02958041564852465
0.036868454626528546
0.032128907478181645
0.049355662191373995
0.036551610653987154
0.03782734209380578
0.03846523360698484
0.030010180518729612
0.04700296868395526
0.0031763958104420453
0.0344426519877743
0.03790906546055339
0.03812476969324052
0.03903681731026154
0.041835254844045267
0.03799584503576625
0.04292538878144114
0.04384012290393002
0.03648023713321891
0.03274369005521294
0.03825580531702144
0.026492094781133346
0.03665498622285668
0.03412979291169904
0.040097614415572025
0.036321170497103594
0.03185173188103363
