5951222523.422861	-49.66845528143747	1.9733432003022726
5951260000.0	-50.506182118510324	1.9635562375566655
5951297476.577139	-49.559054396578176	1.9790612456089443
5951334953.154279	-50.03393709008388	1.9724631499024068
5951372429.731418	-50.13752381008384	2.003624716829966
5951409906.3085575	-49.77396095101824	1.9891083685510569
5951447382.885696	-49.967214205574315	1.9892307599011974
5951484859.462835	-49.70922601014194	2.0074663748877644
5951522336.039975	-49.69605266044361	2.006310784450147
5951559812.617114	-49.863130619300804	2.028623027455542
5951597289.194254	-50.434206720648085	2.0244379401175694
5951634765.771393	-49.797506134611055	2.0198936421366978
5951672242.348532	-49.65126655557472	2.0428995302719892
5951709718.925672	-49.8400601421256	2.0225390490325625
5951747195.5028105	-50.07758651676092	2.0293739798622235
5951784672.07995	-49.88880494853965	2.037089432269552
5951822148.657089	-50.1394543739289	2.0551877262628895
5951859625.234228	-49.703331719312686	2.051199112272334
5951897101.811368	-49.86782632944211	2.0530101097311433
5951934578.388507	-49.916348943743856	2.0712255933299453
5951972054.965647	-50.314914099209716	2.0712775251680364
5952009531.542786	-49.6674342122742	2.07636724185318
5952047008.1199255	-49.93551437902792	2.084969558753986
5952084484.697064	-49.9876898064684	2.091021412989384
5952121961.274203	-49.83484505814339	2.109251575071741
5952159437.851343	-49.832266446374334	2.076518425940084
5952196914.428482	-50.26127372846755	2.0936555236621284
5952234391.005622	-50.37417877466517	2.1120351841779357
5952271867.582761	-49.82032685228229	2.1116739513146494
5952309344.1599	-50.134649965365966	2.134001411085228
5952346820.73704	-50.1209848151813	2.1373336983139324
5952384297.314178	-49.702304005337545	2.1241943400027616
5952421773.891318	-50.14325809094606	2.135430834781372
5952459250.468457	-49.64164846368582	2.1439288906355163
5952496727.045596	-50.0387159872239	2.149381804095135
5952534203.622736	-50.370775613155075	2.159095019462548
5952571680.199875	-49.63791611453531	2.148895218485423
5952609156.777015	-49.7274699122935	2.172718180271218
5952646633.354154	-50.011379350850675	2.1544128182082725
5952684109.931293	-50.0074081825192	2.1730665533731033
5952721586.508432	-49.65164151349342	2.1907824844409682
5952759063.085571	-49.841555822459895	2.185396131149923
5952796539.662711	-50.271307921751415	2.1919945481829695
5952834016.23985	-49.59468674538669	2.2073042241276357
5952871492.816989	-50.21904013543434	2.1920447785237194
5952908969.394129	-50.191648289018	2.1951191233357052
5952946445.971268	-49.438961960841326	2.211619650845443
5952983922.548408	-49.40824374295968	2.2373040518684477
5953021399.125546	-49.50675060076915	2.2608334978675466
5953058875.702685	-49.3319668484764	2.25652947444143
5953096352.279825	-49.90515723829161	2.2404512136147168
5953133828.856964	-49.89636237384719	2.2335617914611645
5953171305.434104	-49.35079880353045	2.2353557403260758
5953208782.011243	-49.94113884770259	2.2528088905166666
5953246258.588383	-50.211942203042696	2.2479908657178926
5953283735.165522	-49.72623769527541	2.2682286173325323
5953321211.7426605	-49.684926402978114	2.273194423705972
5953358688.3198	-50.11534900929743	2.280990184485111
5953396164.896939	-50.3604993772366	2.293607564441664
5953433641.474079	-49.80894327487361	2.287211586030871
5953471118.051218	-50.15283283659659	2.2967081304332835
5953508594.628357	-49.934533369277375	2.2977664081143256
5953546071.205497	-49.9720269116081	2.313502191299969
5953583547.782636	-49.98821327344643	2.3095177286711728
5953621024.359776	-49.53856598149842	2.325274161319027
5953658500.936914	-50.04432812455179	2.3233748548689652
5953695977.514053	-49.78992211438271	2.326013504989099
5953733454.091193	-49.63040529476402	2.347913419914784
5953770930.668332	-49.96160168381138	2.326539103960956
5953808407.245472	-49.620966280559045	2.3395493013306594
5953845883.822611	-49.67018009298165	2.3549063955242695
5953883360.39975	-49.792520679121274	2.3722431113377063
5953920836.97689	-49.83733358798336	2.370502489162689
5953958313.5540285	-49.35175037509434	2.364687074539978
5953995790.131168	-49.396639753605555	2.37858405588157
5954033266.708307	-49.8916037557361	2.389387329298867
5954070743.285446	-50.014029621252035	2.3932584214889108
5954108219.862586	-49.67130677356685	2.361781963300019
5954145696.439725	-49.7744227286976	2.397653781166215
5954183173.016865	-49.83888966955015	2.399229807150198
5954220649.594004	-50.05830586353077	2.405341592196607
5954258126.171143	-49.62738695871377	2.4046177156509323
5954295602.748282	-50.01224589864848	2.4322413436980583
5954333079.325421	-49.945704425193696	2.4295005179818894
5954370555.902561	-50.08405786307399	2.4206077323112707
5954408032.4797	-49.75138078656741	2.44452544365353
5954445509.05684	-50.04859024550004	2.427471562013041
5954482985.633979	-50.14509724033418	2.439631221411091
5954520462.211118	-49.771851410694474	2.424868637865654
5954557938.788258	-49.55581433346171	2.4526040793569224
5954595415.3653965	-49.82136930342719	2.4690258743122317
5954632891.942536	-49.55329034757792	2.453784878840508
5954670368.519675	-49.47822259894551	2.478894789364199
5954707845.096814	-49.65393799787545	2.491337026442015
5954745321.673954	-49.43164666516428	2.5029871403133765
5954782798.251093	-49.44727232523167	2.5074357152145175
5954820274.828233	-50.03700613137969	2.4991321295696527
5954857751.405372	-49.543640869796164	2.5095822843198405
5954895227.982511	-50.335380182257765	2.516048337101924
5954932704.55965	-50.12324104346557	2.5124744127830287
5954970181.136789	-49.538740116717435	2.493845871070161
5955007657.713929	-49.87596737932663	2.517221703020062
5955045134.291068	-49.56561406065162	2.525765131710597
5955082610.868207	-49.781422652017426	2.5198891730828277
5955120087.445347	-49.56400191140283	2.5577404137574016
5955157564.022486	-49.57082916993231	2.548518587814215
5955195040.599626	-50.405786292190164	2.5536558167570704
5955232517.1767645	-49.68532883113954	2.57297719002169
5955269993.753903	-49.59765694681132	2.5477235032301637
5955307470.331043	-49.52809611872326	2.581738094084649
5955344946.908182	-49.57813736936929	2.56193584172771
5955382423.485322	-49.582416527061426	2.5774280064824753
5955419900.062461	-50.093629018792925	2.6075430600526213
5955457376.6396	-49.42534807566005	2.5810112253537283
5955494853.21674	-49.70549006591809	2.5992333448642144
5955532329.793879	-49.710660816994476	2.6120453812828823
5955569806.371018	-50.10045692041922	2.6280254516995063
5955607282.948157	-49.85698649215393	2.630208335025267
5955644759.525297	-49.53360840702687	2.615811078291116
5955682236.102436	-49.81775557832784	2.6260541966798296
5955719712.679575	-49.87739177392381	2.656159370708422
5955757189.256715	-50.09023632759249	2.656600736802851
5955794665.833854	-49.78604370676742	2.6673883195572845
5955832142.410994	-49.65798214726927	2.6547090969583955
5955869618.988132	-49.214521764685585	2.6583467259306186
5955907095.565271	-49.562662596572636	2.675525341913012
5955944572.142411	-49.30583460691907	2.681702938688962
5955982048.71955	-49.695501094804904	2.6864787242700987
5956019525.29669	-49.78029882788161	2.676113495862352
5956057001.873829	-49.77018610663974	2.6989977235761646
5956094478.450968	-49.55192242957971	2.688915457933983
5956131955.028108	-49.07678168775985	2.7199029775178456
5956169431.605247	-49.75834849330247	2.707244441757134
5956206908.182386	-49.67272676133736	2.712229185554303
5956244384.759525	-49.59717020706381	2.711455839509364
5956281861.336664	-49.59276194215541	2.717590350587131
5956319337.913804	-49.60045840164469	2.7194100313931826
5956356814.490943	-49.488996152605665	2.73894988577401
5956394291.068083	-49.065337717857815	2.739209646864664
5956431767.645222	-49.47733116087743	2.748798108533103
5956469244.222361	-49.64143535309535	2.754991711236672
5956506720.7995	-49.932174095759336	2.7660032107764954
5956544197.376639	-49.403980092681294	2.74648577766434
5956581673.953779	-49.753844816222355	2.764953701954349
5956619150.530918	-49.421211961970506	2.772960207499944
5956656627.108057	-49.50156024228991	2.7736452470246884
5956694103.685197	-49.73076858737399	2.794539398295038
5956731580.262336	-49.96734114246358	2.7937040226543455
5956769056.839476	-49.568940115150575	2.791924817139666
5956806533.416615	-49.915058119736706	2.7978079370002873
5956844009.993753	-49.88958035895794	2.8040835637356607
5956881486.570893	-49.876306149246126	2.80984168767373
5956918963.148032	-50.1309742990259	2.824444049212516
5956956439.725172	-49.76377470080272	2.8210649653201645
5956993916.302311	-49.749815528325875	2.824104643023097
5957031392.879451	-49.97448891694216	2.806431167210556
5957068869.45659	-49.32420913855829	2.848947699103688
5957106346.033729	-49.51118996520964	2.8398435052191546
5957143822.610868	-49.15051442575227	2.8485944964922196
5957181299.188007	-49.87935030832836	2.8587473492674156
5957218775.765147	-49.89984739880468	2.8529066614376024
5957256252.342286	-49.53083610799621	2.862772954699479
5957293728.919425	-49.65720945005209	2.8694055244429943
5957331205.496565	-49.28267945494913	2.8808730052205176
5957368682.073704	-49.453707000869585	2.8887063118310845
5957406158.650844	-50.08143240098668	2.8984700170865563
5957443635.2279825	-49.312297054438446	2.9127203032335665
5957481111.805121	-49.71875299025029	2.9027644351030393
5957518588.382261	-49.62906986818821	2.9307589906914058
5957556064.9594	-49.471408906444026	2.9068636296010957
5957593541.53654	-49.26522233558215	2.899153065331425
5957631018.113679	-49.590618839412244	2.9415504303123257
5957668494.690818	-49.80872342578914	2.9280457154590995
5957705971.267958	-49.55553594061406	2.918336448243405
5957743447.845097	-49.67567662626842	2.9603355449225974
5957780924.422236	-49.51822016363457	2.9555348960497234
5957818400.999375	-50.014628212854966	2.929689229946631
5957855877.576514	-49.665543315286065	2.956421853151954
5957893354.153654	-50.02483893396808	2.9833018341931687
5957930830.730793	-49.430650641464595	2.9828515791946124
5957968307.307933	-49.54955519069376	2.970209566607154
5958005783.885072	-49.9261091577577	2.9690390892286387
5958043260.462211	-49.43018482635353	2.9580018569976887
5958080737.0393505	-49.98184614291838	2.980710131286768
5958118213.616489	-49.459931458302215	2.9986816568239605
5958155690.193629	-49.32251945968838	2.97950086905623
5958193166.770768	-49.69453537669958	3.006911306639829
5958230643.347908	-49.83055767336246	3.018361342057141
5958268119.925047	-49.9578385410766	3.0253993602278153
5958305596.502186	-49.624031486898055	3.012402720613102
5958343073.079326	-49.39287012431905	3.0364820995008857
5958380549.656465	-49.029864780784784	3.0321283572159214
5958418026.233604	-49.765136761994164	3.040951004470007
5958455502.810743	-49.58435798637299	3.0476080277897983
5958492979.387882	-49.865196919247296	3.0557258650811003
5958530455.965022	-49.71302058424952	3.0402146337805
5958567932.542161	-49.72200305863528	3.095896960785868
5958605409.119301	-49.513882762548896	3.101391352921862
5958642885.69644	-49.49016819115294	3.0567110289239774
5958680362.273579	-49.604701769142025	3.088673849550461
5958717838.8507185	-49.53582836382751	3.0863185638964628
5958755315.427857	-49.251442470489046	3.103591192216917
5958792792.004997	-49.721222757081456	3.091356421419973
5958830268.582136	-49.53002335899433	3.098419381295682
5958867745.159275	-49.62297899715878	3.1156543658544127
5958905221.736415	-50.00323920321654	3.124064127746067
5958942698.313554	-49.96818706294418	3.1109090426352335
5958980174.890694	-49.158201048931424	3.11309007769544
5959017651.467833	-49.591242490732405	3.133615298307028
5959055128.044971	-49.168931483375005	3.1552036548176754
5959092604.622111	-49.4982358226974	3.121019947094895
5959130081.19925	-49.894585136100396	3.1423138139784625
5959167557.77639	-49.77585029453158	3.1406322024269815
5959205034.353529	-49.6211239108861	3.164212403808815
5959242510.930668	-49.54022115420108	3.1649342398381117
5959279987.507808	-49.46213691866261	3.170649478052159
5959317464.084947	-49.435718871752954	3.1809588326954366
5959354940.6620865	-49.07055077778256	3.1659543738748432
5959392417.239225	-50.14067416258883	3.1710485008631957
5959429893.816365	-49.53577837521625	3.186587286324162
5959467370.393504	-49.25988929160121	3.2051573832507994
5959504846.970643	-49.74891313476965	3.224606973026403
5959542323.547783	-49.37740100917834	3.205758175901804
5959579800.124922	-49.4116386959231	3.217797294610052
5959617276.702062	-49.24669996197402	3.2134275194281146
5959654753.279201	-50.069419918673276	3.2214451383304774
5959692229.856339	-49.688674821533056	3.2371779196011836
5959729706.433479	-49.637172572680086	3.234607246995887
5959767183.010618	-49.504557712724555	3.2306403009751468
5959804659.587758	-49.413351520742296	3.2522448910802684
5959842136.164897	-49.63363423580199	3.2741263959244096
5959879612.742036	-49.660518118859585	3.2768368040994504
5959917089.319176	-49.41675029957885	3.282105167053116
5959954565.896315	-49.79433845515457	3.2789622325751697
5959992042.473454	-49.69952769595068	3.294903983681534
5960029519.050593	-49.28178894188632	3.2643900438491062
5960066995.627732	-49.39725771468983	3.2831606500773325
5960104472.204872	-49.77724117924586	3.278329151371707
5960141948.782011	-49.385872369671574	3.308045316016323
5960179425.359151	-49.482295498317214	3.3232777518296914
5960216901.93629	-49.656469981588344	3.317048138385903
5960254378.513429	-49.78803487106292	3.3127745987928194
5960291855.090569	-49.2456744716802	3.351177550898712
5960329331.667707	-49.31682378632725	3.344217514601526
5960366808.244847	-50.017036297359596	3.3320510448491887
5960404284.821986	-50.13581462618559	3.340325173603274
5960441761.399125	-49.48726589857618	3.3310846336624973
5960479237.976265	-49.50658622407859	3.3443616230658186
5960516714.553404	-49.149446081011845	3.3602558025275124
5960554191.130544	-49.38051083571522	3.3941911181428335
5960591667.707683	-49.43695254179681	3.364234138206493
5960629144.284822	-49.33648138270746	3.40194686894644
5960666620.861961	-49.25116999967662	3.3894788344339952
5960704097.4391	-49.28852041813907	3.3970420243288713
5960741574.01624	-49.319011360635386	3.3942243730418054
5960779050.593379	-49.67627267391812	3.3934273761806777
5960816527.170519	-49.329300015517	3.4316681454846876
5960854003.747658	-49.11075288076325	3.402338214014056
5960891480.324797	-49.44002721865437	3.426613565087651
5960928956.901937	-49.45987074836694	3.4223254839890545
5960966433.479075	-49.39186502297315	3.4190445849130535
5961003910.056215	-49.11337368549174	3.427685742592713
5961041386.633354	-49.6356643909181	3.449420100945654
5961078863.210493	-49.532410430287584	3.435446723108669
5961116339.787633	-49.476811432614554	3.4507816230559736
5961153816.364772	-49.64756516468939	3.465712683609256
5961191292.941912	-49.532223259539954	3.4690986289436827
5961228769.519051	-49.422481664813596	3.469232757741991
5961266246.0961895	-49.20460567835916	3.449197219023435
5961303722.673329	-49.630052724244145	3.4776187803351513
5961341199.250468	-49.390128792708616	3.4554133262694173
5961378675.827608	-49.232858677919126	3.523741758114431
5961416152.404747	-49.67920839952771	3.500569936201817
5961453628.981886	-49.55786542228179	3.4887228328817357
5961491105.559026	-49.75754985690523	3.502975462537799
5961528582.136165	-49.27383068597564	3.513694524489563
5961566058.7133045	-49.88320211475787	3.5242035791059436
5961603535.290443	-49.54380614290517	3.516308289862107
5961641011.867582	-49.57051444316476	3.529070737372056
5961678488.444722	-49.581714407860325	3.525271586904662
5961715965.021861	-49.39664242757263	3.534398012350176
5961753441.599001	-49.38917171670366	3.5564183661412727
5961790918.17614	-49.51647813951794	3.5409479519754403
5961828394.753279	-49.45162545891321	3.570790952501514
5961865871.330419	-49.393965533965144	3.573347346333378
5961903347.9075575	-49.21274192478937	3.567433288595641
5961940824.484697	-49.63726495681243	3.596574236045051
5961978301.061836	-49.41599279980946	3.5806907633377376
5962015777.638976	-49.01787442992039	3.609120545387654
5962053254.216115	-49.65261366560466	3.6229213006240597
5962090730.793254	-49.03909141746081	3.580784579298216
5962128207.370394	-49.32291781008301	3.6011335837563294
5962165683.947533	-49.17704037222596	3.6168566763642644
5962203160.5246725	-49.27264959365685	3.621101290259348
5962240637.101811	-49.945475744341145	3.6237501407479
5962278113.67895	-49.349502248024706	3.6429323077822247
5962315590.25609	-49.55402170720805	3.6392767017886576
5962353066.833229	-49.481173354493734	3.643071959645275
5962390543.410369	-49.01004824588444	3.630758554256046
5962428019.987508	-49.61171127702761	3.6463165006712046
5962465496.564647	-49.27373532745627	3.6461112267964655
5962502973.141787	-49.90717807072329	3.6764883299517734
5962540449.718925	-49.39868448948194	3.6619536723115416
5962577926.296065	-48.89495736275823	3.6888275134158044
5962615402.873204	-49.637934018495386	3.665286666363152
5962652879.450343	-49.39672322304099	3.6899665631818603
5962690356.027483	-49.35307367952418	3.713421879935609
5962727832.604622	-49.219175749681376	3.6849523795333226
5962765309.181762	-49.6485226169515	3.692442628792589
5962802785.758901	-49.274062504190496	3.7060574236389057
5962840262.33604	-49.36170243927041	3.720497823182878
5962877738.913179	-49.07147725861432	3.703841670146685
5962915215.490318	-49.22714694110445	3.7068655003707183
5962952692.067458	-49.22225994950026	3.7247738276261746
5962990168.644597	-49.12845425323145	3.727675222379361
5963027645.221736	-49.774947696403146	3.7217149816674544
5963065121.798876	-49.03513104923489	3.7830921354108864
5963102598.376015	-49.02460552171885	3.7508152953736653
5963140074.953155	-49.59039990933427	3.7626244165487424
5963177551.530293	-49.49788607239398	3.757262583563434
5963215028.107433	-49.40250141547131	3.765884746045172
5963252504.684572	-49.24112592626558	3.7695103108274033
5963289981.261711	-49.286639137319554	3.7763624943967145
5963327457.838851	-49.069941192166375	3.7926050199745585
5963364934.41599	-48.99609707927449	3.793715015731108
5963402410.99313	-49.35976340532215	3.789413683516286
5963439887.570269	-49.46425911681856	3.7843942871489094
5963477364.147408	-48.82413908809818	3.8230576126425637
5963514840.724547	-49.2323955474923	3.826862592184022
5963552317.301686	-49.385812296471684	3.8203105946323483
5963589793.878826	-49.64840412922264	3.8389039808539187
5963627270.455965	-49.39078553751359	3.8363828749300692
5963664747.033104	-49.184909563258486	3.808888274769424
5963702223.610244	-49.16111989795857	3.841176585683094
5963739700.187383	-49.316671820958796	3.8496769889980986
5963777176.764523	-49.35668204684276	3.8552289035959637
5963814653.341661	-49.532703531255365	3.8668513282676336
5963852129.9188	-49.32238630756002	3.8540223467233408
5963889606.49594	-49.725909637769234	3.870945632180176
5963927083.073079	-49.29598360288347	3.8673452624169977
5963964559.650219	-48.955420538378775	3.865371122550747
5964002036.227358	-49.78690181268063	3.8884845615222363
5964039512.804497	-49.62636041001045	3.9025859045868985
5964076989.381637	-49.78946548725386	3.904028592264508
5964114465.9587755	-49.44103050458879	3.909611031439713
5964151942.535915	-49.191592782779445	3.9146539855115394
5964189419.113054	-49.61980529627864	3.929486370421634
5964226895.690193	-49.33106625859158	3.9111271032446404
5964264372.267333	-49.41615298498219	3.925707808939964
5964301848.844472	-49.34824962271737	3.9410024524137848
5964339325.421612	-49.34669281094628	3.9398101585793426
5964376801.998751	-49.477654090135836	3.9441046867015865
5964414278.575891	-48.99973121525777	3.9519247547304492
5964451755.153029	-49.16848353624899	3.9516504700684516
5964489231.730168	-48.94408543518623	3.9638403013890846
5964526708.307308	-49.62873603774267	3.9666688544093778
5964564184.884447	-48.86121682860295	3.957129625014272
5964601661.461587	-49.373986269971375	3.9701619876949272
5964639138.038726	-49.046140282962114	3.9816083765101586
5964676614.615865	-49.710549456936874	4.019420965725912
5964714091.193005	-49.265590992643446	3.990647633924189
5964751567.7701435	-49.17721436513314	3.9999033475846795
5964789044.347283	-49.267764702604225	3.9994851701161083
5964826520.924422	-49.199318011576395	4.013728471907312
5964863997.501561	-48.873412139969915	4.028811217476633
5964901474.078701	-49.76265896037005	4.030745845807926
5964938950.65584	-49.013910465458245	4.0190327061758
5964976427.23298	-49.03917941052338	4.043888229434824
5965013903.810119	-49.9733772631079	4.033170488057481
5965051380.387258	-49.177201946064564	4.040405937556118
5965088856.964397	-49.372111817738194	4.0579276393687245
5965126333.541536	-49.29330648034395	4.037347138378256
5965163810.118676	-49.327971521323796	4.0763712878886
5965201286.695815	-48.95315068943793	4.090258974378912
5965238763.272954	-49.7517779761539	4.0760399639254725
5965276239.850094	-49.28783146914491	4.070796553788123
5965313716.427233	-49.191969164228595	4.075860399617296
5965351193.004373	-48.995885814643394	4.096331429649261
5965388669.5815115	-49.63269108720377	4.09565393928597
5965426146.15865	-49.207184981045714	4.109866874919738
5965463622.73579	-49.305698674158364	4.101614475912074
5965501099.312929	-49.385888795016996	4.123995145440575
5965538575.890069	-49.4503635834412	4.126681155876764
5965576052.467208	-49.17763179580666	4.116173890529613
5965613529.044347	-49.35385417796353	4.128102750909534
5965651005.621487	-49.18449475684986	4.118112630666559
5965688482.198626	-49.38571530446815	4.124331379930753
5965725958.775765	-48.98826568027478	4.179450149828439
5965763435.352904	-49.00242604606575	4.152544957217996
5965800911.930044	-49.618384904753924	4.164451894786653
5965838388.507183	-49.68458446023771	4.156934246245334
5965875865.084322	-49.08529700852281	4.181389257408988
5965913341.661462	-49.64322095464509	4.171870051087577
5965950818.238601	-48.87440525859869	4.198584310303357
5965988294.815741	-49.20815425752189	4.1882880231093385
5966025771.3928795	-49.200789629357985	4.184380742968868
5966063247.970018	-49.33051354382931	4.216460856894845
5966100724.547158	-49.72033743314053	4.212665179713224
5966138201.124297	-49.19909992905508	4.206861636444186
5966175677.701437	-49.59208813106645	4.217580090200556
5966213154.278576	-49.40172227045049	4.214838103325398
5966250630.855715	-49.31519045319445	4.199786202139277
5966288107.432855	-49.13301553176601	4.2174053737733725
5966325584.009994	-49.875899420303746	4.248590592913713
5966363060.587133	-49.12814948367107	4.237290616822072
5966400537.164272	-49.2729171656549	4.248148152982731
5966438013.741411	-48.79127223108135	4.2564889077111285
5966475490.318551	-49.02039536744459	4.256970025781449
5966512966.89569	-49.322292171390444	4.256179016641919
5966550443.47283	-49.446022500276726	4.26924524182153
5966587920.049969	-48.89404590315835	4.267713415445789
5966625396.627108	-49.45296174163652	4.2964377842467965
5966662873.204247	-49.320101222180824	4.278221494408877
5966700349.781386	-49.53503775210614	4.337352936270413
5966737826.358526	-49.49747718897647	4.293127475277582
5966775302.935665	-49.159307425703076	4.3086937150153775
5966812779.512804	-49.29044940011846	4.3156912747771194
5966850256.089944	-49.0155124400963	4.334199298504727
5966887732.667083	-49.111056060261085	4.3355393830415245
5966925209.244223	-49.15774829728235	4.321907475619166
5966962685.821362	-48.93145596727155	4.346959514184738
5967000162.398501	-49.054804654792015	4.36034891185798
5967037638.97564	-49.405546851918764	4.351586599596651
5967075115.552779	-49.411673565472505	4.363358128097181
5967112592.129919	-49.41752197857877	4.359718710821184
5967150068.707058	-48.9808665405707	4.366857999255735
5967187545.284198	-49.12453911339435	4.363068823654023
5967225021.861337	-49.26254464778238	4.391913176721034
5967262498.438476	-48.77878262590181	4.3798516352761325
5967299975.015615	-49.549553686653304	4.425801366587753
5967337451.592754	-49.05403727423122	4.3857282524026395
5967374928.169894	-49.12690432802652	4.401776417319471
5967412404.747033	-49.315036848953824	4.404533245686425
5967449881.324172	-49.4701226136126	4.4162834458533995
5967487357.901312	-48.92176650504955	4.422323585739067
5967524834.478451	-48.93638520944921	4.398598057554913
5967562311.055591	-49.33417058883887	4.46567577886308
5967599787.63273	-49.22381354249191	4.434461435634644
5967637264.209868	-49.31475132802934	4.463669042611844
5967674740.787008	-49.1473234233372	4.432386942872794
5967712217.364147	-48.45206513247344	4.463802996387842
5967749693.941287	-48.657315196307806	4.446530253275648
5967787170.518426	-48.93057297220991	4.450092201181034
5967824647.095565	-49.48849672908032	4.480235367079605
5967862123.672705	-48.88925263217246	4.464869480526502
5967899600.249844	-49.252371599960526	4.499816409640718
5967937076.826983	-49.56422818404998	4.487765580817326
5967974553.404122	-48.922357308752915	4.499924887206717
5968012029.981261	-48.60974122603494	4.514167877338814
5968049506.558401	-48.94691826946253	4.520138997710445
5968086983.13554	-48.72434291344257	4.512386264742392
5968124459.71268	-49.10286025626738	4.5020733600941885
5968161936.289819	-49.089163625922765	4.506049925268429
5968199412.866959	-49.300309099220634	4.540075335622986
5968236889.4440975	-49.797642609250175	4.543023848215274
5968274366.021236	-49.0107208206582	4.520535372990033
5968311842.598376	-49.00698884958558	4.521688676585562
5968349319.175515	-49.36731208940904	4.545037426949283
5968386795.752655	-48.82575571159005	4.547718674280858
5968424272.329794	-49.14665539749172	4.557978093210346
5968461748.906933	-49.42489662057655	4.560540591660811
5968499225.484073	-48.964208809005214	4.573806261193742
5968536702.061212	-49.19776794597305	4.578233988464682
5968574178.638351	-49.28180536961787	4.580524491099203
5968611655.21549	-49.31747047262333	4.604816293921086
5968649131.792629	-49.400055013581024	4.6132610760209
5968686608.369769	-49.06453426829118	4.598619381959128
5968724084.946908	-49.26428989152217	4.604134362879514
5968761561.524048	-48.80046212596082	4.620655653066791
5968799038.101187	-48.86445688311302	4.626796692578808
5968836514.678326	-48.836424246018524	4.640371141791676
5968873991.2554655	-49.42982198893782	4.623823976233786
5968911467.832604	-49.743064490419926	4.646628640639364
5968948944.409744	-49.01576462473201	4.636695762677436
5968986420.986883	-49.28170628143362	4.652828870768509
5969023897.564022	-49.1621291956644	4.641782596508292
5969061374.141162	-48.45996456985692	4.669588508424341
5969098850.718301	-48.773952117876874	4.688058031620638
5969136327.295441	-49.15230024191544	4.6750613921167155
5969173803.87258	-49.45511204411816	4.692222453900921
5969211280.449718	-49.20306867443152	4.6775046605449955
5969248757.026858	-48.89923977112262	4.687047152384822
5969286233.603997	-48.91093919414079	4.707213425857244
5969323710.181137	-48.74163055530927	4.714946207064717
5969361186.758276	-48.88062821984387	4.7099589316013155
5969398663.335416	-49.158249187652785	4.708592697787273
5969436139.912555	-49.329493882425766	4.70625009034106
5969473616.489694	-49.38373443154089	4.737423754385047
5969511093.0668335	-49.026480986601186	4.722755936401916
5969548569.643972	-49.27914026973632	4.736553270638052
5969586046.221112	-49.08842424891098	4.726216176228515
5969623522.798251	-49.26331377340667	4.752739501153552
5969660999.37539	-49.00796716673901	4.7617449181152836
5969698475.95253	-49.12175185253828	4.764698775996795
5969735952.529669	-49.09749729443254	4.7539488951242515
5969773429.106809	-49.00071004688611	4.777575040065267
5969810905.683948	-49.60930717473096	4.771920356885256
5969848382.261086	-49.256411216524725	4.764810363629676
5969885858.838226	-49.0871516214844	4.789417627844175
5969923335.415365	-49.15573752263975	4.784652188035142
5969960811.992505	-49.71140872140106	4.787491038197996
5969998288.569644	-49.181288778639356	4.803422444492391
5970035765.146783	-48.79311357709928	4.805384694640892
5970073241.723923	-49.00766178595685	4.809882538034955
5970110718.301062	-49.43242494917817	4.82361538242033
5970148194.8782015	-48.633841019082844	4.821261700302482
5970185671.45534	-49.142281970810224	4.851405468730258
5970223148.032479	-49.54263352442227	4.847195586234636
5970260624.609619	-49.146827844060404	4.839539966858926
5970298101.186758	-48.77113794331008	4.8452610784371934
5970335577.763898	-49.332109014876586	4.862051673155343
5970373054.341037	-49.583520226625566	4.874673320223234
5970410530.918176	-49.056601796499194	4.861114086387203
5970448007.495316	-49.43904573849872	4.897473226822613
5970485484.072454	-49.7008993277042	4.867879336801954
5970522960.649594	-49.35745551836044	4.890424694100613
5970560437.226733	-49.48827822666529	4.894575813867778
5970597913.803872	-49.24241577831747	4.8885337033344625
5970635390.381012	-49.41146011214086	4.909776575484783
5970672866.958151	-49.220659530782115	4.898736907807041
5970710343.535291	-49.40524331896091	4.924005641674416
5970747820.11243	-49.310723788273506	4.9056187598544945
5970785296.689569	-49.00889273777008	4.921120880624363
5970822773.266708	-48.88172122472484	4.928192752090054
5970860249.843847	-48.850627320932034	4.921658009797548
5970897726.420987	-49.220248859921476	4.9417841375126805
5970935202.998126	-48.6627654583869	4.939566080089844
5970972679.575266	-49.56237996621838	4.961979274955073
5971010156.152405	-49.37510478868161	4.959910874690248
5971047632.729544	-49.26828716618458	4.954843392431092
5971085109.306684	-49.02943575746413	4.962060947538595
5971122585.883822	-49.15031350183314	4.975807341534342
5971160062.460962	-49.136693724939235	4.980831796376209
5971197539.038101	-49.08092693963021	4.9889272770899495
5971235015.61524	-49.099280089446935	4.992921503195946
5971272492.19238	-48.95632393856247	4.998641055563384
5971309968.769519	-49.167371062685035	4.973886415984785
5971347445.346659	-48.89765682346551	5.004270822038683
5971384921.923798	-48.89570042964364	5.034501102858583
5971422398.5009365	-49.50183509595439	5.024910933000948
5971459875.078076	-48.71963960192154	5.0233570255898625
5971497351.655215	-49.06524264219936	5.034013311113662
5971534828.232355	-48.80245400883904	5.050569081066541
5971572304.809494	-49.20525850130406	5.027473249338817
5971609781.386633	-49.47892022980862	5.058455260652202
5971647257.963773	-49.04926182405909	5.058856524517892
5971684734.540912	-49.12930068449437	5.065520437471716
5971722211.118052	-48.56026458155178	5.080248040982761
5971759687.69519	-49.21832699018661	5.089530954324873
5971797164.272329	-49.099620144757985	5.092923406969717
5971834640.849469	-49.06622178222605	5.08829054899019
5971872117.426608	-49.12002874161282	5.094582522364943
5971909594.003748	-49.28596212046659	5.110860309146794
5971947070.580887	-49.00889746990484	5.104706860059703
5971984547.158027	-49.33184396713524	5.10273150538546
5972022023.735166	-48.866817243422425	5.106226520106889
5972059500.3123045	-49.63957471776028	5.10286792055159
5972096976.889444	-48.934033469747725	5.135601912046804
5972134453.466583	-49.03967062066765	5.108957304789447
5972171930.043723	-48.8078950503909	5.127449860876055
5972209406.620862	-49.06209277211576	5.1440655344064545
5972246883.198001	-49.04792133665438	5.15172472278442
5972284359.775141	-49.518631471285275	5.145066720149895
5972321836.35228	-48.84304960699075	5.166376049185016
5972359312.9294195	-49.35497816974329	5.155384324218644
5972396789.506558	-48.800425470316696	5.167085624542198
5972434266.083697	-48.84014201115405	5.1779272021122775
5972471742.660837	-49.23406105506821	5.178434862987693
5972509219.237976	-48.940810259474105	5.190475485349355
5972546695.815116	-48.788824942244176	5.190690930269172
5972584172.392255	-49.53895311510809	5.195451684430623
5972621648.969394	-48.82674425954828	5.204425663200876
5972659125.546534	-49.276542107386874	5.210871463280704
5972696602.1236725	-49.16609161085118	5.205946637193543
5972734078.700812	-49.397757139617255	5.202314740839521
5972771555.277951	-48.72918538470621	5.214969858524676
5972809031.85509	-48.448441970054674	5.24804491564306
5972846508.43223	-48.820684777792735	5.227442086345995
5972883985.009369	-48.77038369715406	5.232258730572875
5972921461.586509	-48.90070007803405	5.252397347648614
5972958938.163648	-49.49868698924449	5.285132147345715
5972996414.740787	-48.92546532788351	5.248984351194986
5973033891.317926	-49.13738699304062	5.263922365881154
5973071367.895065	-49.165667883830544	5.279062132062338
5973108844.472205	-48.873964536617166	5.291653446621565
5973146321.049344	-48.90378310830041	5.280599124441645
5973183797.626484	-49.40322448004512	5.276199415822205
5973221274.203623	-49.59285920711168	5.297004365058095
5973258750.780762	-49.2494048378898	5.298560459308343
5973296227.357902	-48.99951888008992	5.307876538328515
5973333703.93504	-49.47504616260903	5.311656392839758
5973371180.51218	-49.34078840544987	5.323986885300739
5973408657.089319	-48.9022575075779	5.339944609163319
5973446133.666458	-49.256333110625064	5.332201235110434
5973483610.243598	-49.03173133439	5.337153950715528
5973521086.820737	-49.15583197692216	5.340685750799015
5973558563.397877	-49.0727178362322	5.332084028054918
5973596039.975016	-49.059880973703834	5.346967273348854
5973633516.552155	-48.71173152272257	5.361476233761409
5973670993.129294	-48.90907313566495	5.369499654839545
5973708469.706433	-49.040754102736074	5.371688545001333
5973745946.283573	-49.21727445712441	5.378509067465649
5973783422.860712	-49.16454924291473	5.386967038531289
5973820899.437851	-49.068717400746884	5.377849597674274
5973858376.014991	-49.259311155913075	5.379570824665436
5973895852.59213	-48.92914223966943	5.416520226488897
5973933329.16927	-48.680467721532125	5.416538963580558
5973970805.746408	-49.13576182679633	5.418176692792043
5974008282.323547	-49.10689014377753	5.419508600855963
5974045758.900687	-49.16259639464951	5.423940526091909
5974083235.477826	-48.95304560493935	5.410382602304596
5974120712.054966	-49.188200239480096	5.444468896959993
5974158188.632105	-48.81749184618016	5.444349392377817
5974195665.209244	-48.81248455540941	5.45477354263703
5974233141.786384	-49.08908543031672	5.447486859208486
5974270618.363523	-49.224865956236	5.465743083321444
5974308094.940662	-48.627932886813525	5.483703524749124
5974345571.517801	-49.06538247174815	5.467836293969476
5974383048.09494	-48.94906199224526	5.486082326433249
5974420524.67208	-49.31425830659337	5.479764511058094
5974458001.249219	-48.98222055704294	5.48713574239258
5974495477.826359	-49.09623881872147	5.508100525211005
5974532954.403498	-49.152508716763165	5.4815336372881545
5974570430.980638	-48.672486830698844	5.489914888775257
5974607907.557776	-49.060270859618136	5.505307166317591
5974645384.134915	-49.10616493067895	5.518378098402453
5974682860.712055	-48.743694397879125	5.552749334340412
5974720337.289194	-49.07122160715065	5.528611381872091
5974757813.866334	-48.76798500172786	5.528385435554244
5974795290.443473	-49.292685319807134	5.561592351502284
5974832767.020612	-49.121931750080215	5.551360323227488
5974870243.597752	-48.74899146577444	5.564494113627742
5974907720.1748905	-49.056032510716285	5.57202170836932
5974945196.75203	-49.22837016278626	5.570531682905162
5974982673.329169	-48.832809842413326	5.574273740903551
5975020149.906308	-48.63787652478678	5.561009332564885
5975057626.483448	-48.93392899818457	5.5766950124561525
5975095103.060587	-49.048107368818265	5.59896216975023
5975132579.637727	-49.169894784755186	5.574280013896344
5975170056.214866	-48.792790943040515	5.610986119158962
5975207532.792005	-48.41962563636881	5.607015238829891
5975245009.369144	-49.276453887678684	5.594910666657176
5975282485.946283	-49.42331666905222	5.6092179151616675
5975319962.523423	-49.44800820761274	5.606892528795895
5975357439.100562	-48.86169456782689	5.635280874502768
5975394915.677701	-49.23311851764237	5.629837534864551
5975432392.254841	-48.88947945505494	5.641741641304889
5975469868.83198	-48.6398306941844	5.663934144206793
5975507345.40912	-49.23342793907218	5.6409534943228925
5975544821.9862585	-48.97437805825532	5.652788126772946
5975582298.563397	-49.01562729496132	5.669337702054186
5975619775.140537	-49.10386143503496	5.664152320991071
5975657251.717676	-48.7502432056316	5.681485261964807
5975694728.294816	-48.97914141496754	5.669979028358248
5975732204.871955	-48.983221618790516	5.678269179004103
5975769681.449095	-48.95141031080527	5.711450381618231
5975807158.026234	-48.933939626541864	5.678808235796599
5975844634.603373	-49.026375295915855	5.681811107446775
5975882111.180512	-49.10802341181338	5.7166418698027375
5975919587.757651	-48.35765776134366	5.699237354794227
5975957064.334791	-48.93806296882909	5.706458325794349
5975994540.91193	-49.13036096020691	5.728887899682973
5976032017.489069	-48.57621210506592	5.735387211835636
5976069494.066209	-49.38545410287604	5.729623375224466
5976106970.643348	-48.913819988347	5.737297519520543
5976144447.220488	-48.530246092237086	5.714887979083852
5976181923.7976265	-49.02516641209858	5.743088416681919
5976219400.374765	-48.918103940526436	5.76854535927254
5976256876.951905	-49.012107013395905	5.753330076358235
5976294353.529044	-49.56751088025439	5.77120263016889
5976331830.106184	-49.04898068070384	5.761438232725126
5976369306.683323	-49.07357519814677	5.808221335373492
5976406783.260462	-48.677707232089	5.805320591336833
5976444259.837602	-48.93499770864188	5.796356170945584
5976481736.414741	-49.13538073072641	5.791871847921986
5976519212.99188	-49.17311843450803	5.81102859755728
5976556689.569019	-48.885220846927886	5.846135954377229
5976594166.146158	-48.90893437196112	5.8069738292916195
5976631642.723298	-49.295769051679954	5.806981271330651
5976669119.300437	-49.1920515976387	5.848538080104009
5976706595.877577	-49.24600973257889	5.839429138095529
5976744072.454716	-48.83802167360738	5.859590217020795
5976781549.031855	-48.690146457937956	5.845289662445709
5976819025.6089945	-49.11508630921211	5.8225838746615555
5976856502.186133	-48.691304998400355	5.860101943953551
5976893978.763273	-48.713039887704056	5.8690806434084895
5976931455.340412	-49.2845228378783	5.879913228707609
5976968931.917552	-48.86148578306732	5.900150115304792
5977006408.494691	-48.87701323492073	5.878511010393023
5977043885.07183	-49.129793491228604	5.878813488177336
5977081361.64897	-49.35177054364491	5.867210761959032
5977118838.226109	-48.50971274725235	5.894761697887391
5977156314.803248	-48.58197636708403	5.907155897761946
5977193791.380387	-48.691547752360194	5.909305605453612
5977231267.957526	-48.46809750006741	5.905648488668835
5977268744.534666	-49.03805177174759	5.90844844003847
5977306221.111805	-48.80469272455669	5.923868968621927
5977343697.688945	-48.61352702786505	5.9460455717025855
5977381174.266084	-49.05049962107156	5.948487779998979
5977418650.843223	-48.815431562629826	5.959879311442606
5977456127.420362	-48.699899683324034	5.964556639850871
5977493603.997501	-48.857434625729	5.965580685575567
5977531080.574641	-48.50667919646576	5.9761172143147006
5977568557.15178	-49.36736963533822	5.953026923058379
5977606033.728919	-48.62093071031558	5.9887234326647105
5977643510.306059	-48.94738794429713	6.0022402910891755
5977680986.883198	-48.87692855745219	5.981038231540443
5977718463.460338	-48.62903696011045	5.999755357504256
5977755940.037477	-49.072833420289676	6.02528596763805
5977793416.614615	-48.81785851727489	5.995680532258924
5977830893.191755	-49.07086726443234	6.003929543378345
5977868369.768894	-48.89232446061496	6.021879379116519
5977905846.346034	-49.244416248826454	6.045420940353966
5977943322.923173	-48.16907683096364	6.048488965471497
5977980799.500312	-49.216705842169645	6.025849537145519
5978018276.077452	-49.168083116215264	6.034527304191872
5978055752.654591	-49.25662635489745	6.030599143418986
5978093229.23173	-49.36862485944432	6.0678243083662995
5978130705.808869	-48.91350192036302	6.069154918089258
5978168182.386009	-48.96831386965285	6.062858543763651
5978205658.963148	-48.47051459049445	6.070981856888339
5978243135.540287	-48.79973268960117	6.067216483768886
5978280612.117427	-49.027703855364905	6.077031703952519
5978318088.694566	-48.62034166631566	6.0959900637226925
5978355565.271706	-48.83255671853429	6.10104785590051
5978393041.848845	-48.52643537915136	6.107322946639671
5978430518.425983	-48.84764495279666	6.110268930205184
5978467995.003123	-49.112474733087666	6.1185716055888495
5978505471.580262	-49.20080250198786	6.143844470667218
5978542948.157402	-49.26185478228806	6.113410312528756
5978580424.734541	-49.27779817506998	6.129510532108145
5978617901.31168	-48.656358169898446	6.147574811105501
5978655377.88882	-48.68810736296673	6.151020598917345
5978692854.465959	-48.86155414820327	6.165416401392282
5978730331.043098	-49.14577512943514	6.154577439950884
5978767807.620237	-49.01499104761233	6.154813674974715
5978805284.197376	-48.43183791297135	6.172705074886758
5978842760.774516	-49.13214823343121	6.183050847496346
5978880237.351655	-48.727534430057354	6.179005228312433
5978917713.928795	-48.95836838810239	6.199261190051299
5978955190.505934	-48.857290531998885	6.179127850390885
5978992667.083073	-48.951872248307765	6.2046201199363695
5979030143.6602125	-49.146351412224405	6.177871568371218
5979067620.237351	-48.734769527021825	6.197582777669278
5979105096.814491	-49.1205597188613	6.216421302568659
5979142573.39163	-48.962044706821615	6.2345346051554875
5979180049.968769	-48.91848170790588	6.220834604933279
5979217526.545909	-48.945114676475434	6.236884041834813
5979255003.123048	-49.0230155046646	6.240867473655048
5979292479.700188	-48.38604893609069	6.252425781109117
5979329956.277327	-48.6237578792732	6.266708002305441
5979367432.8544655	-48.991772509461825	6.281006844301347
5979404909.431605	-48.79841855758276	6.282887720702298
5979442386.008744	-49.11690929659737	6.278974440666255
5979479862.585884	-48.70518619983202	6.271123476020806
5979517339.163023	-48.61065734352751	6.292649581277569
5979554815.740163	-49.28374311047064	6.288189211178509
5979592292.317302	-49.70268514412454	6.326050287046605
5979629768.894441	-48.885798416412	6.304535549133969
5979667245.4715805	-49.065282385390496	6.306688834971069
5979704722.048719	-48.56342307308622	6.307568607149156
5979742198.625859	-48.78723338848498	6.326337733284795
5979779675.202998	-49.042464701473065	6.349533345608334
5979817151.780137	-48.92689600620868	6.353737441251954
5979854628.357277	-48.854724597195116	6.333346203695943
5979892104.934416	-48.656349622010026	6.3386553704593345
5979929581.511556	-48.812919067858935	6.367356882004499
5979967058.088695	-49.015385989845996	6.383726446097937
5980004534.665833	-48.79281694341429	6.375204207258578
5980042011.242973	-49.07933537425376	6.3788807408800965
5980079487.820112	-48.627678876351084	6.391400195523049
5980116964.397252	-48.70148108349657	6.375146756901288
5980154440.974391	-48.536428769846445	6.382550529152972
5980191917.55153	-48.8120644116968	6.428301596276838
5980229394.12867	-48.89743878788549	6.412942452278852
5980266870.705809	-48.89056256517608	6.435798535686476
5980304347.2829485	-49.03876374249588	6.432627814125317
5980341823.860087	-49.36200444031471	6.425939207236164
5980379300.437226	-49.36307333594716	6.446361733394519
5980416777.014366	-48.595587883332165	6.436544745532435
5980454253.591505	-49.14595031805189	6.461472742959538
5980491730.168645	-48.789601133789844	6.465065499451478
5980529206.745784	-49.030497397095985	6.46594818026133
5980566683.322923	-48.506272309551726	6.476237609937242
5980604159.900063	-49.1160143871311	6.451309039375003
5980641636.477201	-48.854787034691384	6.485531517632306
5980679113.054341	-49.140336393493335	6.485436825256722
5980716589.63148	-49.04760466744685	6.51253921747913
5980754066.20862	-48.952614518793204	6.509753758998991
5980791542.785759	-48.85818212390411	6.496759074761754
5980829019.362898	-49.040593998546626	6.502321256261696
5980866495.940038	-48.74837667457519	6.505733542714029
5980903972.517177	-48.85996499877042	6.526407258807026
5980941449.0943165	-49.17609718880755	6.54113098207073
5980978925.671455	-49.245064146377445	6.545163884781375
5981016402.248594	-48.92113105076721	6.56817198081127
5981053878.825734	-49.11663299576042	6.545703287425336
5981091355.402873	-49.129486099198935	6.561338898790607
5981128831.980013	-49.103230307141146	6.580412103253071
5981166308.557152	-49.01487083412668	6.576792119298168
5981203785.134291	-49.01640590969019	6.606777031802066
5981241261.711431	-48.90832985965673	6.5868826290436235
5981278738.288569	-48.90992523791159	6.5865248707369775
5981316214.865709	-49.051843871505824	6.607759980375969
5981353691.442848	-49.18933373661741	6.622454157475086
5981391168.019987	-49.333334624333	6.603223059868209
5981428644.597127	-48.675592588902184	6.633789419454202
5981466121.174266	-49.01530566152754	6.631623322022203
5981503597.751406	-48.85585182385729	6.646161975870528
5981541074.328545	-49.28427763445056	6.667089681366929
5981578550.9056835	-49.11651460915496	6.649067515007051
5981616027.482823	-48.96063008472776	6.6673431838474295
5981653504.059962	-49.23719077571982	6.68218447759561
5981690980.637102	-49.51664293714272	6.6783822499119365
5981728457.214241	-48.56228738538099	6.700657849979344
5981765933.79138	-48.99987560698229	6.701624631831711
5981803410.36852	-49.13534237183705	6.699017770337466
5981840886.945659	-49.290823338635306	6.7354049912841045
5981878363.522799	-48.87448930411449	6.735106031366364
5981915840.099937	-49.10507028027997	6.724608346070687
5981953316.677077	-49.71711019439415	6.747798054104496
5981990793.254216	-49.145339101856294	6.741492029133591
5982028269.831355	-49.13298330553603	6.753884050753731
5982065746.408495	-49.1141031699582	6.746359709084204
5982103222.985634	-49.498431233071464	6.783210588299532
5982140699.562774	-49.15819110221172	6.763603868271457
5982178176.139913	-49.25759473657563	6.812324079111801
5982215652.7170515	-49.49639498820288	6.812843776274748
5982253129.294191	-49.13139142249474	6.788276255128057
5982290605.87133	-49.8906202732597	6.807966763329545
5982328082.44847	-49.41836778635633	6.833178904750848
5982365559.025609	-49.45702669688016	6.858274816360422
5982403035.602748	-49.83793866407922	6.855435966797381
5982440512.179888	-49.57152953435045	6.883839538322952
5982477988.757027	-49.950963007513785	6.856114379912474
5982515465.334167	-50.24207527605804	6.878175466815908
5982552941.911305	-49.67450243545989	6.903976934504021
5982590418.488444	-49.423500713613976	6.903035357747061
5982627895.065584	-50.23516894273952	6.919222983664222
5982665371.642723	-50.17140131966671	6.917831614298091
5982702848.219863	-50.0837529422155	6.962937303953021
5982740324.797002	-50.05882140180411	6.954075196921633
5982777801.374141	-50.35475466768834	6.97013764012649
5982815277.951281	-49.97861712204566	6.9892453527097835
5982852754.5284195	-50.59745340787697	7.005926430080675
5982890231.105559	-51.36792492947861	7.017909731824135
5982927707.682698	-51.589259299481455	7.019135438208175
5982965184.259837	-51.50235924745104	7.041186222388485
5983002660.836977	-51.49313109475044	7.054322322638124
5983040137.414116	-52.02183001323214	7.064095217696871
5983077613.991256	-52.2021474142091	7.088686915915224
5983115090.568395	-52.943114839208164	7.0911003514986035
5983152567.1455345	-53.415330988995066	7.099536756568532
5983190043.722673	-53.91971336232011	7.1312525153109
5983227520.299812	-55.78020902019726	7.156675808197923
5983264996.876952	-60.27754284784524	6.9532069910886065
5983302473.454091	-59.57159796652835	6.799561232031066
5983339950.031231	-60.16378062084102	6.795636626414026
5983377426.60837	-59.35338634441847	6.765893395355084
5983414903.185509	-59.7304241387387	6.75293509117117
5983452379.762649	-59.41836581521101	6.736836061805669
5983489856.3397875	-59.428804704464525	6.734801032809917
5983527332.916927	-60.23264636281523	6.722036873012845
5983564809.494066	-59.807442940592644	6.68278849942902
5983602286.071205	-59.94466364185104	6.706896976887624
5983639762.648345	-58.90305402172039	6.69817628826717
5983677239.225484	-60.12797908620114	6.710558199655948
5983714715.802624	-59.09982396804644	6.679555487849023
5983752192.379763	-58.95932928310113	6.68523100431329
5983789668.956902	-59.35788020153354	6.687013173905613
5983827145.534041	-59.148553014449234	6.665659899834699
5983864622.11118	-58.4956092113798	6.632579882296864
5983902098.68832	-58.24843794212445	6.655233847025018
5983939575.265459	-58.81033925357568	6.6447520360676675
5983977051.842598	-58.40258012467735	6.643510420023956
5984014528.419738	-58.29388982454859	6.581914678656186
5984052004.996877	-57.57178167416457	6.610629043068247
5984089481.574017	-56.71771028588232	6.63663779758222
5984126958.151155	-56.71137328987095	6.627784462947105
5984164434.728294	-57.07225392387066	6.6182079366241044
5984201911.305434	-56.54223797943644	6.6177058956055
5984239387.882573	-55.56818987942276	6.620013100961031
5984276864.459713	-55.26262601062582	6.619927892776493
5984314341.036852	-54.80081018615424	6.640919440395741
5984351817.613991	-54.59068514292483	6.6578509494564475
5984389294.191131	-54.17583024459486	6.643544714401913
5984426770.76827	-54.48172146663339	6.6683037828499545
5984464247.345409	-53.846311258029104	6.688008679366443
5984501723.922548	-53.88809412017104	6.6699036243559595
5984539200.499688	-53.86130442408721	6.679621330191004
5984576677.076827	-53.47475578881638	6.688344623869453
5984614153.653966	-52.92067801498511	6.700836011570208
5984651630.231106	-53.408178299983206	6.711339937232368
5984689106.808245	-53.0225636426837	6.702277899339957
5984726583.385385	-52.66883319117062	6.719522918576451
5984764059.962523	-52.10039695073152	6.7344419837894804
5984801536.539662	-51.85770706140421	6.744372136341814
5984839013.116802	-51.54744782714307	6.772481620620343
5984876489.693941	-51.45517956956918	6.782102232659453
5984913966.271081	-51.58372324208563	6.778790261398076
5984951442.84822	-51.34603331480345	6.7794301337490595
5984988919.425359	-51.280558279592185	6.806737958413615
5985026396.002499	-51.13089166549826	6.823539868606629
5985063872.579638	-51.01635573827899	6.838309235260969
5985101349.156777	-51.50958727125946	6.8487623684504015
5985138825.733916	-51.40977563427522	6.835639528358125
5985176302.311055	-51.22748621239518	6.835540501470105
5985213778.888195	-50.563442971836594	6.856260806587017
5985251255.465334	-50.843779098759526	6.872348177699914
5985288732.042474	-50.54829583906453	6.888492530217131
5985326208.619613	-50.42814105625284	6.85474158772506
5985363685.196752	-50.41513233153531	6.906297407604365
5985401161.773891	-50.20711445320174	6.918611256138707
5985438638.35103	-50.52255545176496	6.905395069360431
5985476114.92817	-50.53464385309309	6.904395825543873
5985513591.505309	-50.03398246486488	6.936939110304509
5985551068.082448	-50.20315327704863	6.942616670990232
5985588544.659588	-50.1708190583168	6.952426673236067
5985626021.236727	-50.32452506786224	6.980615041749659
5985663497.813867	-50.15942720010677	6.948914066880989
5985700974.3910055	-50.08587346818557	6.988178834222121
5985738450.968145	-49.5589475228337	6.978438108181155
5985775927.545284	-49.79990803690619	6.9931520212747325
5985813404.122423	-50.17838586947313	7.011686212055258
5985850880.699563	-49.78516103852467	7.031212728601988
5985888357.276702	-49.58553772008371	7.028118117973015
5985925833.853842	-49.91362991277052	7.030230163766102
5985963310.430981	-49.06951106739563	7.04401733287988
5986000787.00812	-49.73925637196704	7.0411997022035475
5986038263.585259	-49.481845623734515	7.036195357715987
5986075740.162398	-49.68354609992241	7.085178927057103
5986113216.739538	-49.289433643482745	7.088299779233374
5986150693.316677	-49.42682577250391	7.080989623453909
5986188169.893816	-49.53520480780875	7.08533403832447
5986225646.470956	-49.28723150380595	7.068775319378797
5986263123.048095	-49.657171011133265	7.096142651875459
5986300599.625235	-49.51270084372318	7.128436268307797
5986338076.2023735	-49.009393117726034	7.119929829962949
5986375552.779512	-49.175276714949014	7.119421656635532
5986413029.356652	-49.39809187368774	7.13383189876089
5986450505.933791	-49.863497268709374	7.133270448216687
5986487982.510931	-48.80875885773838	7.136281676509478
5986525459.08807	-49.7757066602277	7.173143201967202
5986562935.665209	-49.15987163377341	7.167618167788976
5986600412.242349	-49.44073007266447	7.172817129720042
5986637888.819488	-49.53178123350379	7.158465933751423
5986675365.396627	-49.31272495498314	7.155514418355857
5986712841.973766	-49.545588463030214	7.182706482760357
5986750318.550905	-49.11530316212725	7.195643581061184
5986787795.128045	-49.41504393925858	7.190324120195662
5986825271.705184	-49.55462705970145	7.205225677934186
5986862748.282324	-49.14505854025976	7.19206366696064
5986900224.859463	-49.15491946252096	7.2320852865989345
5986937701.436603	-49.337518931282354	7.227739107092111
5986975178.0137415	-49.04568726355161	7.238862167639947
5987012654.59088	-49.233269870566076	7.245354035954791
5987050131.16802	-48.93447691701602	7.248589681010084
5987087607.745159	-49.1632399234042	7.251898118054388
5987125084.322299	-48.84417550984538	7.250399395979247
5987162560.899438	-48.72480833161643	7.238709556303882
5987200037.476577	-49.38601520899026	7.306816195702398
5987237514.053717	-49.281616966187855	7.2754442432119335
5987274990.630856	-48.915369375608975	7.278370035016583
5987312467.207995	-49.43081537765488	7.297356834057953
5987349943.785134	-48.89665068080739	7.305365935959663
5987387420.362273	-49.34512881126927	7.309417030167132
5987424896.939413	-48.93373106889713	7.319143923055444
5987462373.516552	-49.02970079837344	7.338588236764496
5987499850.093692	-49.38883875647156	7.323415090253608
5987537326.670831	-49.213279665551546	7.328121496014325
5987574803.24797	-49.159393966061124	7.314154383642103
5987612279.8251095	-48.72109055441651	7.354346837252509
5987649756.402248	-49.00369804823672	7.334996203790995
5987687232.979388	-49.18976892777155	7.350231617264271
5987724709.556527	-48.89644967221659	7.339554457359267
5987762186.133666	-48.86065912460082	7.384691676874095
5987799662.710806	-49.224176387836025	7.396193824911349
5987837139.287945	-48.87227576847161	7.3811779733826715
5987874615.865085	-48.631862025344546	7.391896447885907
5987912092.442224	-48.79824291398773	7.392522076813426
5987949569.019362	-48.85300563995558	7.398984732261763
5987987045.596502	-49.359056010116376	7.407199793626594
5988024522.173641	-48.79396157983902	7.41445063595562
5988061998.750781	-49.2237529181031	7.429682349976686
5988099475.32792	-48.70580835002176	7.4194250095051775
5988136951.90506	-48.88224879752875	7.418621130716414
5988174428.482199	-48.811113551519696	7.448867898658522
5988211905.059338	-48.55488539288908	7.457823683896305
5988249381.636477	-48.641802219103255	7.462182584252851
5988286858.213616	-48.75242860505094	7.455109094837027
5988324334.790756	-48.67665543154252	7.450396627353895
5988361811.367895	-48.99988836367629	7.488987243886982
5988399287.945034	-49.46790677363386	7.489793251908115
5988436764.522174	-48.63011791465952	7.476543107632535
5988474241.099313	-49.156225413540724	7.478646874242523
5988511717.676453	-48.774140924743314	7.5079665955262005
5988549194.253592	-48.60227847724626	7.498153772644613
5988586670.83073	-48.7002586443242	7.515184224446502
5988624147.40787	-48.386820990518586	7.525581276905285
5988661623.985009	-48.80725342011078	7.515085851353403
5988699100.562149	-48.89403688108969	7.526250371146435
5988736577.139288	-48.73900701647532	7.544663341367865
5988774053.716427	-49.15319805365186	7.544700919337607
5988811530.293567	-48.714920057266006	7.564140272797773
5988849006.870706	-48.567745799141235	7.554281388485794
5988886483.447845	-48.51844271866048	7.546043249386571
5988923960.024984	-48.56624335944932	7.549705857621392
5988961436.602123	-48.996561072800404	7.582388186417893
5988998913.179263	-48.78089165507361	7.5686590946683285
5989036389.756402	-48.341232511286904	7.582786588550659
5989073866.333542	-48.873604884907195	7.608539522075912
5989111342.910681	-48.439703651369506	7.5866366569459975
5989148819.48782	-48.718897327700816	7.598949982165255
5989186296.06496	-48.791438467288074	7.61811947902806
5989223772.642098	-48.91168758776506	7.616810233430741
5989261249.219238	-48.400686583992716	7.623784889192952
5989298725.796377	-48.63926877614199	7.625315550079991
5989336202.373516	-48.54388283397003	7.644804346007294
5989373678.950656	-48.658092914068064	7.634728208460091
5989411155.527795	-48.57437397705034	7.628485421790353
5989448632.104935	-48.474878429895945	7.677317135913824
5989486108.682074	-48.782334514754034	7.667217539307445
5989523585.259213	-48.9583794204881	7.649912262197494
5989561061.836352	-48.65115443765497	7.651629343759907
5989598538.413491	-48.6243756478289	7.677379090200459
5989636014.990631	-48.57098751190574	7.697072265340086
5989673491.56777	-48.67551091359576	7.674248343696106
5989710968.14491	-48.57621571038686	7.691296903031704
5989748444.722049	-48.38018337640136	7.700755901272416
5989785921.299188	-48.62396033948566	7.6934716662060145
5989823397.8763275	-48.44132520343984	7.707726199873924
5989860874.453466	-48.53894157305771	7.707830726105723
5989898351.030606	-48.94552840296383	7.737184269770701
5989935827.607745	-48.66987479909894	7.719827896279071
5989973304.184884	-48.10946435776114	7.731023720170425
5990010780.762024	-48.672845454317866	7.722383348319978
5990048257.339163	-49.042436607494466	7.7429506556583885
5990085733.916303	-49.00615809886127	7.7630246901255235
5990123210.493442	-48.58273882973215	7.760313846855274
5990160687.0705805	-48.42521673300272	7.761775542276573
5990198163.64772	-48.69965938977522	7.767502464194237
5990235640.224859	-48.858766137183984	7.771550137851802
5990273116.801999	-48.52706396656505	7.7768630584539205
5990310593.379138	-48.59467921854268	7.792533715824177
5990348069.956277	-49.055590683565846	7.786163799632435
5990385546.533417	-48.57135032365251	7.799405732678187
5990423023.110556	-48.77149469082147	7.792180029094708
5990460499.6876955	-48.74523593330081	7.808835818525015
5990497976.264834	-48.69493898510382	7.825469826052425
5990535452.841973	-48.997166876482794	7.824173312990427
5990572929.419113	-48.430117591272804	7.813687498169807
5990610405.996252	-48.60498605629269	7.845274216548774
5990647882.573392	-48.46886715176403	7.858536077534897
5990685359.150531	-48.461890696515404	7.847789216419301
5990722835.727671	-49.35260373660907	7.866431326615462
5990760312.30481	-48.79859600685779	7.871728504558555
5990797788.881948	-48.751506575104855	7.866385811220814
5990835265.459088	-48.66503665066069	7.868732160761116
5990872742.036227	-48.662213688903	7.865956718987729
5990910218.613367	-48.702016317113646	7.880229253416788
5990947695.190506	-48.658441416470026	7.897900861064675
5990985171.767645	-48.518882232871135	7.8979753981420036
5991022648.344785	-49.01463202937133	7.892310309298889
5991060124.921924	-48.37124727134829	7.909759820343152
5991097601.4990635	-48.650443776637864	7.913886633712493
5991135078.076202	-48.71921081822252	7.921374428871424
5991172554.653341	-48.63954435937434	7.935155321212465
5991210031.230481	-48.80534060565406	7.95805427780497
5991247507.80762	-48.11735288000954	7.944193476746944
5991284984.38476	-48.791114392034565	7.950887892614897
5991322460.961899	-48.853402332670214	7.953197476146841
5991359937.539038	-48.58237630759775	7.969883960982109
5991397414.116178	-48.885721270291356	7.981481801995633
5991434890.693316	-48.71912344408703	7.974598483807121
5991472367.270456	-48.770677744609145	7.95993437017694
5991509843.847595	-48.96823016910385	7.947926135395088
5991547320.424734	-48.689071150867534	8.00079735878316
5991584797.001874	-48.72660920044598	7.988245964577549
5991622273.579013	-48.30641999978251	8.01143170826124
5991659750.156153	-48.10159091263857	8.011889534227729
5991697226.733292	-48.77936816957216	8.00457902486458
5991734703.310431	-48.58648167688671	8.011395044689992
5991772179.88757	-48.13086656440453	8.027005183481915
5991809656.464709	-48.434567269771385	8.029474838188811
5991847133.041849	-48.67637496489577	8.019805344841611
5991884609.618988	-48.72767947929617	8.049579505220228
5991922086.196128	-48.45426153827486	8.03410753511669
5991959562.773267	-48.556782631649725	8.059716884455302
5991997039.350406	-48.44394716995357	8.071505262024402
5992034515.927546	-48.637897329397546	8.048258522925314
5992071992.504684	-48.97643767971928	8.077880379654884
5992109469.081824	-48.763152050751124	8.06617886836062
5992146945.658963	-48.26023277370375	8.069955781356821
5992184422.236102	-48.49524792495306	8.115866812810388
5992221898.813242	-48.543424501039965	8.095947421550983
5992259375.390381	-48.31510671214863	8.094585002543907
5992296851.967521	-48.52229417931646	8.098697538117058
5992334328.54466	-48.43674813746907	8.117544924781836
5992371805.1217985	-48.510982807458134	8.13351142637616
5992409281.698938	-48.278116929203215	8.113767732107679
5992446758.276077	-48.723382450241324	8.112024122712034
5992484234.853217	-48.840058221313924	8.141380368188095
5992521711.430356	-48.44612182736935	8.154454810837294
5992559188.007495	-48.436716240805154	8.142452667176862
5992596664.584635	-48.27071446336805	8.172491923236526
5992634141.161774	-48.35063279268371	8.16699950097589
5992671617.738914	-48.11348932532638	8.164252490140703
5992709094.316052	-48.25910714943217	8.17221091489339
5992746570.893191	-48.34407071691128	8.14759128647738
5992784047.470331	-48.22009983784287	8.188097455293153
5992821524.04747	-48.79375195956938	8.189936454592363
5992859000.62461	-48.62513726251383	8.202805642611242
5992896477.201749	-48.68597814841706	8.194733698618382
5992933953.778888	-48.565448726467594	8.203834709837453
5992971430.356028	-48.2314042437953	8.190816656653402
5993008906.9331665	-48.191930479949846	8.207091535443201
5993046383.510306	-48.31983707888948	8.216992603574312
5993083860.087445	-48.299382093145724	8.217663710355499
5993121336.664585	-48.46761171876231	8.225828845081624
5993158813.241724	-48.08987171077036	8.25286284463791
5993196289.818863	-48.792747159104394	8.262564970907325
5993233766.396003	-48.2636853576961	8.249285034775092
5993271242.973142	-48.64844705897432	8.264494148685198
5993308719.550282	-48.40441087858251	8.269577533262733
5993346196.12742	-48.571954453996966	8.264352239982644
5993383672.704559	-48.73594219740425	8.273705374182235
5993421149.281699	-48.34047099786173	8.283570561628938
5993458625.858838	-49.23303525719862	8.296360324301597
5993496102.435978	-48.192100906617874	8.288928555893438
5993533579.013117	-48.18473735623633	8.297023232209806
5993571055.590256	-48.97541249221788	8.307912452351408
5993608532.167396	-48.6474183490819	8.313670606178638
5993646008.7445345	-48.61027878350192	8.320372653828931
5993683485.321674	-48.23672372187998	8.339625051638455
5993720961.898813	-48.63111176186696	8.32859123889714
5993758438.475952	-48.420166810945496	8.328564569545803
5993795915.053092	-48.90408076556737	8.335748898408548
5993833391.630231	-48.50764220580005	8.343955705228495
5993870868.207371	-48.92613090770483	8.366790230781863
5993908344.78451	-48.667849929928195	8.355633771075723
5993945821.361649	-47.868792477325364	8.368744129478848
5993983297.938788	-48.5046884712677	8.37378085624883
5994020774.515927	-48.21647918790656	8.383196153432163
5994058251.093067	-48.39462808714145	8.371753161822014
5994095727.670206	-48.31710483918383	8.39550528039069
5994133204.247345	-48.239932570591634	8.377639926110238
5994170680.824485	-47.905634331754584	8.403878557336
5994208157.401624	-47.99289750354309	8.392340809497643
5994245633.978764	-48.2260144666164	8.386365083690006
5994283110.5559025	-48.669036755714316	8.4152370767679
5994320587.133041	-48.53996742464787	8.412761372899373
5994358063.710181	-48.28958812619814	8.429357238540964
5994395540.28732	-48.46120609438028	8.435893941886803
5994433016.86446	-48.689496900891804	8.45467673328041
5994470493.441599	-48.519749211041486	8.449945334321296
5994507970.018739	-48.42235336810495	8.459504567660618
5994545446.595878	-48.39646171258765	8.454361244820362
5994582923.173017	-48.009333526672634	8.464803065994532
5994620399.750156	-48.16222766508764	8.468908818008941
5994657876.327295	-48.43319183855408	8.47739511940965
5994695352.904435	-48.415658001424866	8.492703406538723
5994732829.481574	-48.26299752831943	8.507141828630289
5994770306.058713	-48.54362060961074	8.499688981826441
5994807782.635853	-48.3631980414119	8.522659681478116
5994845259.212992	-48.03377545869225	8.512168389705407
5994882735.790132	-48.61346859011549	8.511454619944612
5994920212.36727	-47.9958904870888	8.504668527775022
5994957688.944409	-48.221522091700535	8.526816155902011
5994995165.521549	-48.21179745818088	8.520726856377978
5995032642.098688	-48.63128214959566	8.521988869784414
5995070118.675828	-47.85929938355727	8.550269244689872
5995107595.252967	-47.94048683849481	8.559420614083749
5995145071.830106	-48.32505106011027	8.529386043794013
5995182548.407246	-47.992600087575966	8.558164868824651
5995220024.984385	-48.09374421228962	8.569208901318348
5995257501.561524	-48.535572073348604	8.553635068494128
5995294978.138663	-48.1474254520844	8.576369055433581
5995332454.715802	-48.270341834328654	8.606251480685962
5995369931.292942	-48.06453928888287	8.586226045565239
5995407407.870081	-48.22899004697304	8.58196871457418
5995444884.447221	-48.40050204138913	8.589214469893461
5995482361.02436	-48.40125531393791	8.598508233207074
5995519837.601499	-48.107095134601174	8.611670916944503
5995557314.178638	-48.3862852836194	8.618761943375045
5995594790.755777	-48.158651859398695	8.619163181650414
5995632267.332917	-47.97210006556415	8.636968768298198
5995669743.910056	-48.03381174731905	8.64666061123306
5995707220.487196	-48.36480880826454	8.619305019491122
5995744697.064335	-48.0476562235483	8.637542328443754
5995782173.641474	-48.336842313657044	8.635382201512886
5995819650.218614	-48.14466363170013	8.635808282370464
5995857126.795753	-48.73921464769903	8.633605542841897
5995894603.372892	-48.09537931150359	8.675755917588976
5995932079.950031	-48.754258493644656	8.680831235663
5995969556.52717	-48.35022567600668	8.688272359370636
5996007033.10431	-48.299396062521886	8.675230533620745
5996044509.681449	-48.206214147802974	8.715173358760255
5996081986.258589	-48.31551688772138	8.671186767849125
5996119462.835728	-48.355380629448625	8.718410383576575
5996156939.412867	-48.44092796392821	8.711028356031006
5996194415.990006	-48.7530319738009	8.738352914062375
5996231892.567145	-48.2595130501315	8.730880188720995
5996269369.144285	-48.1286014247338	8.732760955024116
5996306845.721424	-48.16827087886929	8.719309255759104
5996344322.298563	-48.2992627752968	8.73066872082899
5996381798.875703	-47.976152661620574	8.731984206183961
5996419275.452842	-48.51821930843872	8.73743313957053
5996456752.029982	-48.2431767075264	8.757777392712526
5996494228.6071205	-48.13299923964883	8.749631107068726
5996531705.184259	-48.5968988925037	8.750450425353165
5996569181.761399	-48.10756653301301	8.746811014559006
5996606658.338538	-48.18797441490705	8.78165463171677
5996644134.915678	-48.48551347237024	8.786801029253093
5996681611.492817	-48.29940922215111	8.792455255944489
5996719088.069956	-48.478249798291806	8.79904580623473
5996756564.647096	-48.24016408844656	8.807283615845751
5996794041.224235	-48.13094991112595	8.813974670992666
5996831517.801374	-47.88584528675823	8.825356314531097
5996868994.378513	-48.12468117395079	8.818618326641705
5996906470.955652	-48.23695163947746	8.825329926006251
5996943947.532792	-48.38695028856867	8.830752816401432
5996981424.109931	-48.354534974001346	8.834367880160627
5997018900.687071	-48.2176637711712	8.837170329382262
5997056377.26421	-47.73770299959959	8.84711785117093
5997093853.84135	-48.32340288278181	8.865403569069965
5997131330.4184885	-48.403282329535095	8.877030144967705
5997168806.995627	-48.11104385354006	8.856666554844622
5997206283.572767	-47.887690465216636	8.874258445802642
5997243760.149906	-48.215503852790505	8.873490828704856
5997281236.727046	-48.379994364927384	8.89219863254829
5997318713.304185	-48.152626461521905	8.896568396539227
5997356189.881324	-48.147145662189075	8.887246941951226
5997393666.458464	-48.471211290724824	8.88529246762099
5997431143.035603	-48.22340536783801	8.90247994492702
5997468619.612742	-48.447365674297316	8.917560839450964
5997506096.189881	-48.05165667647976	8.923056809780135
5997543572.76702	-48.438706083030134	8.926903905683371
5997581049.34416	-48.27851722219103	8.930803958252048
5997618525.921299	-48.281328484881584	8.944857606846778
5997656002.498439	-48.24016851282096	8.924962521443442
5997693479.075578	-48.198587219824525	8.94803808684936
5997730955.652717	-48.09356572488801	8.944620417022797
5997768432.2298565	-48.212663534351506	8.957386083104026
5997805908.806995	-48.18336956994456	8.951217678530593
5997843385.384135	-48.33390866429503	8.950463916254861
5997880861.961274	-48.14531086227669	8.96253020272373
5997918338.538413	-47.59415521871943	8.98424431897777
5997955815.115553	-47.96732400825144	8.97218885702759
5997993291.692692	-48.220849983263896	9.014054396023955
5998030768.269832	-48.53434070037323	9.011322933741084
5998068244.846971	-48.576294916139474	9.017171469141596
5998105721.424109	-48.357814331441176	9.023941822006881
5998143198.001249	-47.97126355092971	9.0319445315981
5998180674.578388	-47.83695735032076	9.007881688213763
5998218151.155528	-48.515693869788294	9.01763180397296
5998255627.732667	-47.670868553902636	9.016733827882181
5998293104.309807	-47.98370956558715	9.042696329653923
5998330580.886946	-48.180714335196356	9.034424564429948
5998368057.464085	-48.179878003183845	9.060425913840188
5998405534.0412245	-48.24971720936004	9.065025555574746
5998443010.618363	-48.248492655845055	9.068616953455068
5998480487.195503	-48.34621162088828	9.051722333325008
5998517963.772642	-48.123631062475134	9.09023190064143
5998555440.349781	-48.239893419275	9.073263642936247
5998592916.926921	-48.37610313692124	9.091898702206171
5998630393.50406	-48.13876329284825	9.082791082205466
5998667870.0812	-48.05536399635402	9.084218318002078
5998705346.658339	-48.66703420566594	9.073839591390232
5998742823.235477	-47.75934495016159	9.108190803832343
5998780299.812617	-48.22048297538977	9.136176269879261
5998817776.389756	-47.71086245601025	9.123343952002783
5998855252.966896	-48.06213938533105	9.125873391712636
5998892729.544035	-48.35863463141942	9.122949890178333
5998930206.121174	-48.25198360296206	9.132752590797697
5998967682.698314	-48.243466080957106	9.149188281033627
5999005159.275453	-47.92066380275579	9.137347341292989
5999042635.852592	-48.15320927090373	9.170610440969611
5999080112.429731	-48.34739743102183	9.170900611821551
5999117589.00687	-48.30323600389698	9.172707474987101
5999155065.58401	-48.053936534001586	9.187877048009002
5999192542.161149	-48.1991492640683	9.174320326558066
5999230018.738289	-47.95596564000812	9.183533976420124
5999267495.315428	-48.58437599443222	9.191523967294856
5999304971.892567	-47.89946806020431	9.204791149403654
5999342448.469707	-48.38723289625986	9.188887300193526
5999379925.046845	-48.46601475308248	9.192872515761069
5999417401.623985	-48.07159831176311	9.232853873438689
5999454878.201124	-47.843316912099596	9.231888434010845
5999492354.778264	-47.72488471713052	9.253144116624998
5999529831.355403	-48.07929358644658	9.225053386787412
5999567307.932542	-48.12640345901775	9.260271397917709
5999604784.509682	-47.683312442612035	9.23024369892165
5999642261.086821	-48.48549063734276	9.262102618368635
5999679737.66396	-47.64954394072348	9.26770070768422
5999717214.241099	-48.197089132057094	9.272731747773385
5999754690.818238	-48.328895095177764	9.290528992614945
5999792167.395378	-47.9694886909402	9.27734811587207
5999829643.972517	-48.23252234937567	9.28489998482369
5999867120.549657	-48.14743276491245	9.28301629776963
5999904597.126796	-48.025652484821755	9.289782719715955
5999942073.703935	-47.810382392309805	9.301497072451447
5999979550.281075	-47.95103106851844	9.304768455292955
6000017026.858213	-47.75683389667684	9.323491839522882
6000054503.435353	-48.52609347889995	9.302389744212032
6000091980.012492	-48.22539703765695	9.316322359265799
6000129456.589631	-48.24325123153472	9.313779954920204
6000166933.166771	-47.86425767275507	9.329181208953063
6000204409.74391	-48.005600926157356	9.350073935227973
6000241886.32105	-48.56723938490368	9.381383437917597
6000279362.898189	-48.01923973215325	9.353989892957028
6000316839.4753275	-48.490191445836516	9.343617191475515
6000354316.052467	-48.10185390295941	9.37520643843252
6000391792.629606	-47.88913171381475	9.365387115849389
6000429269.206746	-48.04921554488302	9.368603930516127
6000466745.783885	-48.16598763775545	9.37210063267785
6000504222.361024	-48.05608659158474	9.389243801184538
6000541698.938164	-48.124170302140826	9.396010321624324
6000579175.515303	-47.94550781267738	9.411349756743608
6000616652.0924425	-47.96847596545184	9.400916272440348
6000654128.669581	-48.09354478044991	9.409965543871213
6000691605.246721	-48.07262511457796	9.410344015468143
6000729081.82386	-48.34230420281202	9.40407291149912
6000766558.400999	-47.88949174670337	9.432046058762733
6000804034.978139	-47.7572721632602	9.446431775338247
6000841511.555278	-47.960083198889095	9.448453328037044
6000878988.132418	-47.9731536146057	9.456274224125368
6000916464.709557	-48.00195957261118	9.442975817935782
6000953941.2866955	-48.43441386912999	9.480866202574736
6000991417.863835	-48.23517982555206	9.46441705029743
6001028894.440974	-48.22172195861537	9.461531020924083
6001066371.018114	-47.56516407441524	9.474778478218155
6001103847.595253	-48.064700055633864	9.485965223229305
6001141324.172392	-47.73178830829204	9.455850619530889
6001178800.749532	-47.8043249402383	9.482703385021042
6001216277.326671	-48.17932276024115	9.489531370510605
6001253753.9038105	-47.993040277968994	9.501424761929794
6001291230.480949	-48.05110222962408	9.512439003142532
6001328707.058088	-47.914957054637036	9.540307458401635
6001366183.635228	-48.080718515667876	9.504209984324856
6001403660.212367	-48.15051982531119	9.514935742352257
6001441136.789507	-48.10261913152005	9.530684072848247
6001478613.366646	-47.90237716412222	9.53745042037176
6001516089.943785	-47.44413321347366	9.554516643827062
6001553566.520925	-48.177786428673954	9.539672883449049
6001591043.098063	-47.92678999127215	9.567851730785652
6001628519.675203	-47.89742108985301	9.566025990983375
6001665996.252342	-48.027288736682934	9.568437070899247
6001703472.829481	-48.06208349254519	9.5800358235719
6001740949.406621	-48.12343699658902	9.570455460066487
6001778425.98376	-48.29958030359865	9.58668743764644
6001815902.5609	-47.829528858285585	9.594947447092188
6001853379.138039	-48.11910069263919	9.59052331549641
6001890855.715178	-48.174322841988996	9.59599014112508
6001928332.292317	-48.11636519255228	9.624929893002047
6001965808.869456	-48.01059412142871	9.580600087363983
6002003285.446596	-47.867061550336715	9.620713693951984
6002040762.023735	-48.33865509065895	9.613346371935908
6002078238.600875	-48.17833648900282	9.644361288977755
6002115715.178014	-48.10807865641536	9.636809995237378
6002153191.755153	-47.629126008453596	9.661173861233692
6002190668.332293	-48.06127325313463	9.674962661711184
6002228144.909431	-48.268714579588526	9.642372599058435
6002265621.486571	-48.166984293055926	9.652009363478223
6002303098.06371	-48.00195883830683	9.652880515897754
6002340574.640849	-48.230821303714215	9.673099347082953
6002378051.217989	-47.71589945439696	9.69490128767808
6002415527.795128	-48.32596518599602	9.65838670368379
6002453004.372268	-48.028081041026056	9.688331003010042
6002490480.949407	-47.98990564215678	9.703475964256757
6002527957.526546	-48.13013839579308	9.707292004745259
6002565434.103685	-48.09285573848413	9.707978770429493
6002602910.680824	-47.79564550316226	9.709000782896908
6002640387.257964	-48.06593817774366	9.706041236851245
6002677863.835103	-48.403363948226286	9.724095502868899
6002715340.412242	-48.46561894799638	9.752213698004226
6002752816.989382	-47.82171327805261	9.740384243785172
6002790293.566521	-48.06918263519472	9.745190163699576
6002827770.143661	-48.01521393041846	9.763141059290067
6002865246.720799	-48.38130429415878	9.763221600081913
6002902723.297938	-47.986684647577746	9.77164652161705
6002940199.875078	-48.02842024985631	9.767278150308876
6002977676.452217	-47.96250328272484	9.778322826806509
6003015153.029357	-47.884129544500055	9.77989685851765
6003052629.606496	-47.75181407880424	9.788757102091743
6003090106.183635	-48.02030327386725	9.780540451594085
6003127582.760775	-48.25405671400808	9.796044117368453
6003165059.3379135	-47.70862357468683	9.816117600775
6003202535.915053	-48.08939855238226	9.814435460191513
6003240012.492192	-47.81993226119649	9.82720079731671
6003277489.069332	-48.02321184919112	9.832639869513892
6003314965.646471	-48.1295560217798	9.837738520635181
6003352442.22361	-47.87622107690864	9.830341951118907
6003389918.80075	-48.34398236980352	9.845548080723834
6003427395.377889	-48.34617531557315	9.85591934458586
6003464871.955029	-48.131964127364014	9.857663482100236
6003502348.532167	-47.795988581041925	9.858526200184947
6003539825.109306	-48.389562678374254	9.867929625536277
6003577301.686446	-47.930163791072395	9.875277334940318
6003614778.263585	-48.232521588171366	9.868672243248305
6003652254.840725	-48.012925710260944	9.893739663951491
6003689731.417864	-48.17390410318129	9.870860716423465
6003727207.995003	-48.06256318366089	9.887508765336635
6003764684.572143	-47.980130499065766	9.893776045874706
6003802161.1492815	-48.4147129978949	9.913224111043734
6003839637.726421	-48.317213610926345	9.918038483901736
6003877114.30356	-47.84246378436581	9.90747076138927
6003914590.880699	-48.248476203626005	9.918557848399413
6003952067.457839	-48.29846202050498	9.929105909121153
6003989544.034978	-48.161159351915586	9.927339998846113
6004027020.612118	-48.118534158947874	9.948063188072638
6004064497.189257	-48.13368606921664	9.937210542837022
6004101973.766396	-48.034819592135236	9.966596768780043
6004139450.343535	-48.33407380399932	9.950104840359755
6004176926.920674	-48.01211820940637	9.96743655675141
6004214403.497814	-48.11823419647229	9.973005330648
6004251880.074953	-48.26371325764042	9.997144336637824
6004289356.652092	-47.963645989015575	9.985391877487476
6004326833.229232	-48.49134472480094	10.000622018785865
6004364309.806371	-48.225048043054606	9.989186881815845
6004401786.383511	-48.080465485743474	9.996129899963703
6004439262.9606495	-47.77771282968971	9.99705142343301
6004476739.537789	-47.97382625961986	10.026089209390868
6004514216.114928	-47.70631183000426	10.038200307235188
6004551692.692067	-47.99360921883896	10.014457110317291
6004589169.269207	-47.99957984478197	10.01765544552066
6004626645.846346	-48.160691959887885	10.040107655446954
6004664122.423486	-48.18291310822055	10.033022377630711
6004701599.000625	-48.37617825002649	10.03272447837092
6004739075.577764	-48.085135831138786	10.054248293172456
6004776552.154903	-47.76658414843492	10.055455955701115
6004814028.732042	-48.07612094379774	10.052506066146716
6004851505.309182	-48.107835813035166	10.082728302841355
6004888981.886321	-48.13946792904687	10.076346600250494
6004926458.46346	-47.82647510084882	10.077018406200676
6004963935.0406	-47.93325325073231	10.088721666711901
6005001411.617739	-47.780129615485166	10.08536188246027
6005038888.194879	-48.07423821510555	10.114875820052976
6005076364.7720175	-47.77901223294565	10.098899284144364
6005113841.349156	-48.15325665107359	10.106496594319538
6005151317.926296	-48.37369239028794	10.103856676949505
6005188794.503435	-47.94988114330755	10.122017812018377
6005226271.080575	-48.022955832036246	10.112638358536909
6005263747.657714	-47.929566479056845	10.143276452269767
6005301224.234853	-48.13930584232905	10.1228689563055
6005338700.811993	-47.431216955553175	10.1516544982536
6005376177.389132	-48.48777196517388	10.142812277917532
6005413653.966271	-48.15847343382344	10.143376303642672
6005451130.54341	-47.981587575483154	10.172157452913252
6005488607.120549	-48.00299203044996	10.152704876993282
6005526083.697689	-47.78956568393144	10.159355984585165
6005563560.274828	-48.09983400435825	10.168227948429376
6005601036.851968	-47.95054914188067	10.187842899997456
6005638513.429107	-47.92177485104169	10.182373249485268
6005675990.006247	-47.88087566806689	10.209258369185827
6005713466.583385	-47.99692073270556	10.192545724251305
6005750943.160524	-47.969025070913965	10.2134121090239
6005788419.737664	-48.22450200329632	10.21502786405535
6005825896.314803	-48.31427644621108	10.223060346935329
6005863372.891943	-48.055300078614295	10.244046377741917
6005900849.469082	-48.20395852676284	10.246548961004873
6005938326.046221	-48.172354381306775	10.229563678129793
6005975802.623361	-48.11800825755363	10.244281469325333
6006013279.2005	-47.800057434515615	10.253145457195403
6006050755.777639	-48.01873194893674	10.225920745177143
6006088232.354778	-48.020577775984165	10.255144611509762
6006125708.931917	-47.95413777510628	10.252898960679428
6006163185.509057	-48.08360925284353	10.263607877250188
6006200662.086196	-47.68403163466356	10.28187936889114
6006238138.663336	-48.11971301165312	10.28782897949753
6006275615.240475	-48.063244977884374	10.302041517877033
6006313091.817614	-47.85470115452247	10.292478489717126
6006350568.394753	-48.269461657957024	10.295731520228868
6006388044.971892	-47.96789589138919	10.315982108192777
6006425521.549032	-48.117676830214876	10.308974864621602
6006462998.126171	-48.12813070007707	10.312672057955659
6006500474.70331	-47.84971417146929	10.320530260335635
6006537951.28045	-48.34006107794501	10.326419636844951
6006575427.857589	-47.78148558626005	10.33754251501216
6006612904.434729	-48.19108592550077	10.35326782800555
6006650381.011868	-48.4832428334589	10.34129042756274
6006687857.589006	-48.16544212455359	10.349497838420975
6006725334.166146	-48.055147410245496	10.351493815309237
6006762810.743285	-47.69472116639083	10.353540859723802
6006800287.320425	-47.77672714062096	10.368023530019897
6006837763.897564	-48.32404967599337	10.389261183218478
6006875240.474703	-47.9179716077605	10.395084224780192
6006912717.051843	-48.27882450958085	10.400811706000997
6006950193.628982	-48.2012462691231	10.393288472743148
6006987670.206121	-48.02533777257735	10.404680361045436
6007025146.78326	-48.066942750971094	10.387103989113292
6007062623.3604	-47.8752428107954	10.406499602258432
6007100099.937539	-48.24667601916936	10.399070304820217
6007137576.514678	-48.42508054171563	10.428474782412716
6007175053.091818	-48.25919098829637	10.412385019371413
6007212529.668957	-48.07240392962767	10.430249513947347
6007250006.246097	-47.933934746867706	10.442550020229191
6007287482.8232355	-48.067503922948276	10.453061436767186
6007324959.400374	-47.67767798914049	10.455622429470024
6007362435.977514	-48.28360529640267	10.464743537508443
6007399912.554653	-48.0545124070772	10.472993687334661
6007437389.131793	-48.34943411924816	10.474816255107056
6007474865.708932	-47.71884198341968	10.474521713146538
6007512342.286071	-47.95794656751746	10.471569032000954
6007549818.863211	-47.61785823093536	10.483738328005355
6007587295.44035	-48.218043666549036	10.485771261353152
6007624772.017489	-47.81361390612858	10.497616681076599
6007662248.594628	-48.083339417166336	10.518769890921787
6007699725.171767	-48.113380197773424	10.500264125650673
6007737201.748907	-48.049196816025855	10.5247610925441
6007774678.326046	-48.03735190823901	10.528637117583813
6007812154.903186	-48.34516910292473	10.499169402688398
6007849631.480325	-48.30613017085328	10.549902171621126
6007887108.057464	-47.93382864117837	10.535471034900144
6007924584.6346035	-48.06593882634182	10.53767562844255
6007962061.211742	-48.24618279197486	10.549878833477408
6007999537.788882	-47.91972065970242	10.564650143558657
6008037014.366021	-48.18716600730441	10.572280457336747
6008074490.94316	-48.04466190429734	10.571808944059386
6008111967.5203	-48.40864324879018	10.592838615258787
6008149444.097439	-48.21414319843872	10.561417756029655
6008186920.674579	-48.277360003733435	10.597160629877306
6008224397.251718	-48.43071290253606	10.597151254985167
6008261873.828857	-48.4326984202307	10.593087210831703
6008299350.405996	-47.81381129703087	10.610963872136226
6008336826.983135	-48.125395023069906	10.597752790270015
6008374303.560275	-47.99402950123174	10.615866482064236
6008411780.137414	-48.206532791282264	10.622199341801073
6008449256.714554	-48.10777999902992	10.610698983344294
6008486733.291693	-48.34493713860495	10.636906265054796
6008524209.868832	-47.78929468421044	10.63397851979955
6008561686.4459715	-48.17673796348	10.633891479967282
6008599163.02311	-48.15254289318301	10.645680332834518
6008636639.60025	-48.36492385481267	10.663767083512031
6008674116.177389	-47.92886011765085	10.673004871436218
6008711592.754528	-48.01406348422782	10.651341404325308
6008749069.331668	-47.599539833633386	10.667972828312365
6008786545.908807	-47.81695672640615	10.670660108268807
6008824022.485947	-48.157652572324984	10.685035272902113
6008861499.063086	-48.132543583213156	10.70404816202584
6008898975.640224	-48.265095416077	10.7147150684964
6008936452.217364	-47.70252561893351	10.702986951471345
6008973928.794503	-48.48636734348084	10.721843501112556
6009011405.371643	-48.56087409211458	10.706897338271906
6009048881.948782	-48.05935749175607	10.706116711578977
6009086358.525921	-48.47709391808	10.723735543987946
6009123835.103061	-48.42459912770137	10.745080585724027
6009161311.6802	-48.15184919640928	10.735005739479941
6009198788.2573395	-47.949470186459	10.740811165041913
6009236264.834478	-48.313189982138034	10.762530173022094
6009273741.411617	-48.063072610472545	10.770432509286955
6009311217.988757	-48.16200676970606	10.755165807362204
6009348694.565896	-48.22786899672079	10.772638548617305
6009386171.143036	-48.315363464570325	10.755112918583972
6009423647.720175	-48.13874219902769	10.78849349691151
6009461124.297315	-47.93986336323676	10.783960047548105
6009498600.874454	-48.3376544238085	10.79050528733903
6009536077.451592	-47.93273340389341	10.797173542677196
6009573554.028732	-48.44357305482017	10.797335563281251
6009611030.605871	-48.36439508318708	10.798019999289986
6009648507.183011	-48.29541155804448	10.83189543280355
6009685983.76015	-48.09520876977784	10.814741643375736
6009723460.337289	-48.11396744678528	10.839738613090178
6009760936.914429	-48.38533113503288	10.82949534376975
6009798413.491568	-47.97811266120711	10.83604320658494
6009835890.068707	-48.28861059055171	10.837362691014585
6009873366.645846	-48.021100873752545	10.847577693060018
6009910843.222985	-48.230496738960504	10.866827957505736
6009948319.800125	-47.949908956865244	10.865823105178066
6009985796.377264	-48.28208600363328	10.8627598155683
6010023272.954404	-48.12966877100145	10.87797819926231
6010060749.531543	-48.24341611488066	10.881915311764311
6010098226.108682	-47.95613698089721	10.896116888710026
6010135702.685822	-48.265342017485445	10.899357866780933
6010173179.26296	-48.38355479219501	10.893284693626526
6010210655.8401	-47.99270479557981	10.874678113929658
6010248132.417239	-47.88745875231258	10.896295072964708
6010285608.994378	-47.8926106075489	10.914155847467171
6010323085.571518	-48.56996919961717	10.904825482401357
6010360562.148657	-48.16945051714751	10.919148791252224
6010398038.725797	-48.71507779791274	10.9258714868547
6010435515.302936	-48.27875539875413	10.952344912293558
6010472991.8800745	-47.819963633040956	10.930488901099709
6010510468.457214	-48.279962298490915	10.93811983241616
6010547945.034353	-48.47348422601083	10.969525883957566
6010585421.611493	-48.43791442910052	10.97048797311431
6010622898.188632	-47.8713555962776	10.964137659719245
6010660374.765772	-48.26110832400518	10.97640617646914
6010697851.342911	-48.0109526143795	10.979825669627605
6010735327.92005	-47.79471219644209	10.983254257598777
6010772804.4971895	-48.159366596047875	10.978046577214908
6010810281.074328	-48.28595647975325	11.006763091220453
6010847757.651468	-47.84821442247042	11.00652085146711
6010885234.228607	-48.38254424586629	11.00287805824535
6010922710.805746	-47.78244562256052	11.008356825445992
6010960187.382886	-47.86067737251592	11.017599328340006
6010997663.960025	-48.18949309802644	11.020321142279915
6011035140.537165	-48.4810616872045	11.020098647138578
6011072617.114304	-48.43705458528787	11.04250750544466
6011110093.6914425	-47.96044770122091	11.0457122875346
6011147570.268582	-48.541501579916016	11.042083030620443
6011185046.845721	-47.936079392695284	11.057679079035356
