5545662523.422861	-49.773897967175216	-0.9913235646209079
5545700000.0	-49.90427258725876	-0.9785105695473125
5545737476.577139	-49.86046156916575	-0.9666579152729097
5545774953.154279	-49.35261903188404	-0.9738539136419495
5545812429.731418	-50.05104694624194	-0.9597722619367176
5545849906.3085575	-49.7826085212035	-0.966054979554372
5545887382.885696	-50.041140604924756	-0.9360981223532544
5545924859.462835	-50.0760316442456	-0.9564380400404224
5545962336.039975	-49.97536290072431	-0.9575709826649508
5545999812.617114	-49.69971327080949	-0.9216560096480201
5546037289.194254	-49.90893363834799	-0.9359628630401712
5546074765.771393	-49.70626622526383	-0.9233321094992861
5546112242.348532	-49.652845132500275	-0.9101026615647164
5546149718.925672	-49.635795979217924	-0.9094267655801339
5546187195.5028105	-49.72182366717526	-0.9083101169006773
5546224672.07995	-49.4932529901779	-0.8941295938493874
5546262148.657089	-49.84231567100054	-0.9100801073609444
5546299625.234228	-49.734773390369405	-0.8941330551593868
5546337101.811368	-49.94257458973807	-0.8923793522581134
5546374578.388507	-49.84360037916605	-0.8814863705887868
5546412054.965647	-49.40126364976959	-0.9019298926900277
5546449531.542786	-49.695051241600254	-0.8421396794297477
5546487008.1199255	-49.466707875299676	-0.8506563161336133
5546524484.697064	-50.229974680022025	-0.8537801457762236
5546561961.274203	-50.13363320745749	-0.850974324477772
5546599437.851343	-50.03888887950887	-0.8570862356890354
5546636914.428482	-49.56522269924989	-0.8412858511333474
5546674391.005622	-49.47988052531292	-0.835053652011777
5546711867.582761	-49.700079151483756	-0.8141985946489613
5546749344.1599	-50.172522125366626	-0.814243918315751
5546786820.73704	-49.65925039265116	-0.8160467338959826
5546824297.314178	-49.613560694270774	-0.8267186999846753
5546861773.891318	-49.835123355980585	-0.8310238181177443
5546899250.468457	-49.234868826131674	-0.8164298502481101
5546936727.045596	-49.80215528981803	-0.7856194188886204
5546974203.622736	-49.640785795176036	-0.7820091664470995
5547011680.199875	-50.30017023199771	-0.788085149783875
5547049156.777015	-50.036977334845396	-0.7686434498226203
5547086633.354154	-49.985458187106204	-0.7834328584482351
5547124109.931293	-50.058518297427796	-0.7488024178466198
5547161586.508432	-49.663844755345465	-0.7548621646682381
5547199063.085571	-49.42084266348005	-0.7545747231523159
5547236539.662711	-50.095942787937815	-0.743175708708935
5547274016.23985	-49.89010845135304	-0.7806757447879697
5547311492.816989	-49.507008400604626	-0.7532547529162221
5547348969.394129	-49.49336184877788	-0.745210364349823
5547386445.971268	-49.90475111426838	-0.7182060666487778
5547423922.548408	-50.016902365190745	-0.7240401066670135
5547461399.125546	-49.7470356314702	-0.7195850116321735
5547498875.702685	-50.412573802990735	-0.7042688667011477
5547536352.279825	-49.84049256832869	-0.7236846841194606
5547573828.856964	-49.764153696544085	-0.7028695480442715
5547611305.434104	-49.99058698863298	-0.6838474840143401
5547648782.011243	-49.864995038781295	-0.6913003251444318
5547686258.588383	-49.73645227913508	-0.6846744460568557
5547723735.165522	-49.43220784842317	-0.6797268302523521
5547761211.7426605	-49.46628420959336	-0.6746893555263236
5547798688.3198	-49.61950314336055	-0.6469062807422147
5547836164.896939	-49.39521369645473	-0.6495096070178135
5547873641.474079	-49.854151736063514	-0.649361653889411
5547911118.051218	-48.89743563450483	-0.6744819994302853
5547948594.628357	-50.09811209470996	-0.6357145619859225
5547986071.205497	-49.57811466636098	-0.6355226176181175
5548023547.782636	-49.676398389444685	-0.609788696803222
5548061024.359776	-49.72846386710714	-0.6059105862705089
5548098500.936914	-50.38942180525831	-0.6439218988302214
5548135977.514053	-50.25174995712603	-0.6040799710311088
5548173454.091193	-49.93672503815037	-0.599476517706963
5548210930.668332	-49.5853453019149	-0.5949424476945107
5548248407.245472	-49.0720880962283	-0.580698397604994
5548285883.822611	-49.7771270186273	-0.5921872341965784
5548323360.39975	-49.94679296223728	-0.5785798109534295
5548360836.97689	-49.60601421745979	-0.6034907694922531
5548398313.5540285	-50.13585070034347	-0.5667109158013164
5548435790.131168	-49.54337213884166	-0.5480896769186211
5548473266.708307	-49.52582218972458	-0.5569098108429825
5548510743.285446	-49.573239440390886	-0.5417762181604824
5548548219.862586	-49.64873354076401	-0.5493566022653411
5548585696.439725	-49.765582179437125	-0.5583164452074908
5548623173.016865	-49.90911057947207	-0.5345873048117203
5548660649.594004	-50.240763635016414	-0.5306137101971726
5548698126.171143	-49.88228805348362	-0.5303521094371807
5548735602.748282	-50.08909437483753	-0.5062411318084757
5548773079.325421	-50.14037319562442	-0.5021360490882234
5548810555.902561	-49.50236744557902	-0.5167497793516533
5548848032.4797	-49.602852071755564	-0.5051766986390915
5548885509.05684	-49.61116508321021	-0.49696161060464794
5548922985.633979	-49.66468285201994	-0.49260765298637027
5548960462.211118	-49.757319392958735	-0.49810383174945866
5548997938.788258	-49.619794635667006	-0.47786727930519274
5549035415.3653965	-49.88954918587939	-0.48598404859880023
5549072891.942536	-49.89844911019724	-0.4691934463828637
5549110368.519675	-49.941674350613496	-0.4820109585156614
5549147845.096814	-49.423906337120286	-0.46827183015181834
5549185321.673954	-49.54278146877681	-0.46515080215646687
5549222798.251093	-50.265087810828824	-0.44335868826188113
5549260274.828233	-49.84165143728291	-0.45238101449577334
5549297751.405372	-49.60570061496316	-0.4281426857635721
5549335227.982511	-49.95601091150273	-0.44082610036803643
5549372704.55965	-49.76187845956937	-0.4103633628956949
5549410181.136789	-49.47786023095399	-0.41344897212018417
5549447657.713929	-49.933624772375495	-0.41326365202967774
5549485134.291068	-49.45086892020667	-0.40435331150919346
5549522610.868207	-49.564381861093516	-0.4112010335344974
5549560087.445347	-49.83630784370206	-0.40114110405901565
5549597564.022486	-49.57285140870901	-0.42245568183068716
5549635040.599626	-49.82809864186747	-0.38546367210278887
5549672517.1767645	-49.25580746012134	-0.3550462195138837
5549709993.753903	-49.947217145844604	-0.38767347607974806
5549747470.331043	-49.73300238317245	-0.3756305020510661
5549784946.908182	-49.68256955936341	-0.3590892065560728
5549822423.485322	-49.98259696713074	-0.34129797003373424
5549859900.062461	-50.02857363067829	-0.3416314714272157
5549897376.6396	-49.69091316031306	-0.35109521972938834
5549934853.21674	-49.72456217028481	-0.352532436632654
5549972329.793879	-49.62990837109121	-0.3562568436166549
5550009806.371018	-49.488202201857135	-0.30926633456216635
5550047282.948157	-49.607989369774906	-0.3180585348454101
5550084759.525297	-50.04813931103285	-0.3329893137522801
5550122236.102436	-49.714663189216125	-0.313176612135751
5550159712.679575	-50.13630535097121	-0.30446305711463795
5550197189.256715	-49.67427740791665	-0.32447743129840767
5550234665.833854	-49.756444941392715	-0.2858470234352738
5550272142.410994	-49.290890244405276	-0.3004020404515964
5550309618.988132	-50.03695683257641	-0.2694273442698502
5550347095.565271	-50.277581836974896	-0.28163893485038044
5550384572.142411	-49.76194715454844	-0.29445883873190376
5550422048.71955	-49.97531920759525	-0.27325524721767463
5550459525.29669	-50.28659500215262	-0.26901736508425544
5550497001.873829	-49.52127854864207	-0.27274147720365405
5550534478.450968	-49.750951383400746	-0.25388307491717854
5550571955.028108	-49.72234240173259	-0.24778764138049572
5550609431.605247	-49.87543883342597	-0.2296827414780018
5550646908.182386	-49.52263137517596	-0.24783897089661128
5550684384.759525	-49.82421123035165	-0.22965706434593194
5550721861.336664	-49.999755906655395	-0.20893036878588506
5550759337.913804	-49.71656871668279	-0.24227384359761622
5550796814.490943	-49.58651553852755	-0.20894535127979288
5550834291.068083	-49.65204999696141	-0.20761995093726823
5550871767.645222	-49.56568382261017	-0.20221677238092498
5550909244.222361	-49.50487185833587	-0.21135867877052444
5550946720.7995	-49.77110673082536	-0.19361032375040674
5550984197.376639	-49.95279328825022	-0.17863930777126644
5551021673.953779	-49.50033150194528	-0.1551649561976727
5551059150.530918	-50.10196077769354	-0.1843275998668648
5551096627.108057	-49.72575597964625	-0.16877952515723985
5551134103.685197	-49.757079240672375	-0.16164573562788187
5551171580.262336	-49.51828501600219	-0.17384805340512244
5551209056.839476	-50.04666632234706	-0.15774343618506068
5551246533.416615	-50.16510248704093	-0.14675045896735806
5551284009.993753	-50.16462136499481	-0.12737716055636394
5551321486.570893	-49.587519520502326	-0.13692170862972283
5551358963.148032	-49.54713437996883	-0.13012542377964892
5551396439.725172	-49.64002195583551	-0.1438851877201284
5551433916.302311	-50.0886716185964	-0.0899972315017825
5551471392.879451	-49.84100808366934	-0.12005862268275079
5551508869.45659	-49.63286367468789	-0.10138389487038875
5551546346.033729	-49.5478743208392	-0.08933702456545119
5551583822.610868	-49.75743863820674	-0.08237256937940807
5551621299.188007	-49.82584947471344	-0.08435212127205532
5551658775.765147	-49.59680967443025	-0.08436291830560981
5551696252.342286	-49.68844071984614	-0.06993278519841503
5551733728.919425	-49.61464411949321	-0.06442977433512898
5551771205.496565	-49.63005645802204	-0.06688892645778498
5551808682.073704	-49.690334127085436	-0.08256894609071067
5551846158.650844	-49.72485209861718	-0.052333712633778555
5551883635.2279825	-50.02460468557379	-0.03934638833996485
5551921111.805121	-49.510308353219145	-0.03979018817169181
5551958588.382261	-49.584754790752534	-0.03080663199906898
5551996064.9594	-49.70206288627711	-0.022322218147377875
5552033541.53654	-49.65574154900659	-0.011648521548960481
5552071018.113679	-49.89567585685759	-0.010203302947969606
5552108494.690818	-49.97017162050736	-0.005331760760749142
5552145971.267958	-49.810639767290006	-0.01210279190637546
5552183447.845097	-50.14987020918219	0.006466173866943649
5552220924.422236	-49.62503949416866	0.005377371201562256
5552258400.999375	-49.20501917479021	0.011728383867281556
5552295877.576514	-49.457398406816594	0.030773922849595767
5552333354.153654	-49.77622241172716	0.025912581967323208
5552370830.730793	-50.2066098946794	0.02748158293475325
5552408307.307933	-49.90458751198739	0.0444853452902806
5552445783.885072	-49.771168356076174	0.0424464731166459
5552483260.462211	-49.54800149626875	0.032931993730808885
5552520737.0393505	-49.27775633111808	0.03176780140575396
5552558213.616489	-49.58983118120904	0.06752094709357759
5552595690.193629	-49.98068848094598	0.07685307842522192
5552633166.770768	-49.758391697028735	0.08168085566885301
5552670643.347908	-49.91673621433705	0.06996217633493815
5552708119.925047	-49.93472819456415	0.08804971544849699
5552745596.502186	-50.127321170075476	0.08757519840230696
5552783073.079326	-49.9288582643329	0.09673902827004367
5552820549.656465	-49.71781505307735	0.10259077834866404
5552858026.233604	-49.34000087847547	0.09349482812182221
5552895502.810743	-49.64268054974337	0.10831913021073647
5552932979.387882	-49.869816486605394	0.13356784265042745
5552970455.965022	-49.93200232602273	0.11078917819810234
5553007932.542161	-50.04382695643879	0.10572530000670795
5553045409.119301	-50.17780783628013	0.1280572661759321
5553082885.69644	-49.43830062942273	0.14014933529054044
5553120362.273579	-49.326481574974565	0.14419677469745404
5553157838.8507185	-49.56193241042128	0.15553705310410845
5553195315.427857	-49.85083324649771	0.15340192780778544
5553232792.004997	-49.49707009195401	0.15707543207338076
5553270268.582136	-50.11526662903609	0.1724210641094263
5553307745.159275	-49.844277119844435	0.15497054532674256
5553345221.736415	-49.62192749638277	0.19201879636260746
5553382698.313554	-49.96563050584995	0.19171178155749122
5553420174.890694	-49.99762382815849	0.1869410166755483
5553457651.467833	-49.313135082601775	0.17793852656650408
5553495128.044971	-49.416228480913006	0.21260270846259663
5553532604.622111	-49.32231658474897	0.22267871472374431
5553570081.19925	-49.77123105064085	0.20411463293533624
5553607557.77639	-49.65009570174742	0.21797598854255057
5553645034.353529	-50.021481087038204	0.22437154055411362
5553682510.930668	-50.31406492088556	0.24037360351483586
5553719987.507808	-49.54135823596295	0.22672020887273975
5553757464.084947	-49.69664977972918	0.2435132545049998
5553794940.6620865	-49.77600520314241	0.22308673515085573
5553832417.239225	-49.52176616475703	0.26362869099090674
5553869893.816365	-49.983538845068274	0.23547454341911858
5553907370.393504	-49.92883330778787	0.2625979701837881
5553944846.970643	-50.0416204348791	0.2707142721447387
5553982323.547783	-49.815648952875236	0.2915128068058132
5554019800.124922	-49.76354199952312	0.2709716799727069
5554057276.702062	-49.89980395634007	0.2800234820289838
5554094753.279201	-50.1999647579546	0.27420797763103544
5554132229.856339	-49.46156171489771	0.2847708901663505
5554169706.433479	-49.655582828818595	0.3073917371850776
5554207183.010618	-49.847256276074894	0.29582296167623956
5554244659.587758	-50.10392674106103	0.3215658985602927
5554282136.164897	-49.798983569866884	0.31483538947653766
5554319612.742036	-49.83736096058999	0.32953614541802817
5554357089.319176	-49.886544046069716	0.31433012050719156
5554394565.896315	-50.16062304336448	0.34463487930326414
5554432042.473454	-48.95212623055285	0.33076660636180377
5554469519.050593	-49.93055237781271	0.3305903685401933
5554506995.627732	-49.466749275478776	0.35251170874965754
5554544472.204872	-49.84090475308632	0.38609183504166833
5554581948.782011	-49.25812726246743	0.3711804225464666
5554619425.359151	-49.95822356389681	0.3635146273439304
5554656901.93629	-49.43090280967424	0.3617253594778365
5554694378.513429	-49.70440667927821	0.37233733419914855
5554731855.090569	-49.929909275743654	0.3922166400442259
5554769331.667707	-49.73739780920756	0.3973677515896566
5554806808.244847	-49.62298127993269	0.3934534989170971
5554844284.821986	-49.58791678444338	0.43878226013440685
5554881761.399125	-49.638451387156735	0.39762782320518514
5554919237.976265	-49.74746540709134	0.3876601964724375
5554956714.553404	-49.518553869111	0.4290908983732451
5554994191.130544	-50.11001973310422	0.44020023169919936
5555031667.707683	-50.13881131425065	0.42328557826490465
5555069144.284822	-49.42911142709272	0.4280628323093248
5555106620.861961	-50.08914588533911	0.4238015036408476
5555144097.4391	-49.48020340845808	0.4513596276779105
5555181574.01624	-49.697443815099334	0.44288022396646387
5555219050.593379	-49.48361395111008	0.46421065375805454
5555256527.170519	-49.72114398762851	0.46092376947767866
5555294003.747658	-50.10733655190335	0.4787719757635319
5555331480.324797	-49.466705522781105	0.4912088807280371
5555368956.901937	-49.521212250776486	0.4740674920264818
5555406433.479075	-49.85012363536842	0.4834847780900522
5555443910.056215	-50.10986222778844	0.48307526225489106
5555481386.633354	-50.06573582697228	0.5009847602529194
5555518863.210493	-49.98332291889679	0.5008664790385781
5555556339.787633	-49.92333666417602	0.50565106710815
5555593816.364772	-50.108590426900825	0.5433772369958156
5555631292.941912	-49.77334158936627	0.5168698314548045
5555668769.519051	-50.30447078708253	0.5114638759350828
5555706246.0961895	-49.831186209831884	0.5480570178500991
5555743722.673329	-49.436677327699236	0.5619886847901737
5555781199.250468	-49.6796693254431	0.5489476650764243
5555818675.827608	-49.48681557137208	0.5713048215026478
5555856152.404747	-49.60134345256179	0.5677868325366081
5555893628.981886	-49.76997887183667	0.5423049064878532
5555931105.559026	-49.9330364632004	0.5602489457730683
5555968582.136165	-49.56887151762048	0.5756188396879314
5556006058.7133045	-49.414742343088385	0.5823647137744673
5556043535.290443	-49.86749372219562	0.5876402490014083
5556081011.867582	-49.7866654716896	0.5814580224420635
5556118488.444722	-49.95614028225169	0.6155053003781752
5556155965.021861	-49.99919070388753	0.5873620381847291
5556193441.599001	-49.54464029869942	0.616789029059632
5556230918.17614	-49.34584010387986	0.6159788498470814
5556268394.753279	-49.027527565499	0.6128485490833042
5556305871.330419	-49.61855461324451	0.6570978340514786
5556343347.9075575	-49.41971613694857	0.65288523346727
5556380824.484697	-49.74276226494858	0.6265252005207782
5556418301.061836	-49.76280203423768	0.6633322013226673
5556455777.638976	-49.61050264619969	0.6411812763004505
5556493254.216115	-49.76200893843425	0.6756112568447793
5556530730.793254	-49.91390959002439	0.6718683587656001
5556568207.370394	-49.83133879510486	0.6486757098308852
5556605683.947533	-49.792119871781175	0.669601308229544
5556643160.5246725	-50.17136454608328	0.695625283080238
5556680637.101811	-49.42713309897263	0.6813897138289146
5556718113.67895	-49.73969139435181	0.6799982224185628
5556755590.25609	-49.84385954532119	0.6879082676694313
5556793066.833229	-49.73599267164041	0.6977783025815313
5556830543.410369	-49.85485244430407	0.7008173830808789
5556868019.987508	-49.25736442917868	0.7275773971922013
5556905496.564647	-49.610322122855266	0.7493525439089711
5556942973.141787	-49.245502983305755	0.7377504881932978
5556980449.718925	-49.71711220147447	0.7333085965719016
5557017926.296065	-49.67985473022192	0.7031963633730433
5557055402.873204	-49.72628109713473	0.746935516232089
5557092879.450343	-49.420327881331694	0.7438872824305631
5557130356.027483	-49.82773497417742	0.7560498527976764
5557167832.604622	-49.57558082156374	0.7620060734066301
5557205309.181762	-50.09061846847701	0.7623367971755188
5557242785.758901	-49.842265383628714	0.7740472229050555
5557280262.33604	-49.93107695511003	0.7820038277865433
5557317738.913179	-50.3270691980477	0.778979762010638
5557355215.490318	-49.91938627580603	0.800273975542593
5557392692.067458	-49.51708257829888	0.8221090068668542
5557430168.644597	-49.85140926691926	0.8086763284043097
5557467645.221736	-50.03590938380821	0.802868099122559
5557505121.798876	-49.54103591958187	0.8094951669390381
5557542598.376015	-49.25735533065123	0.8068896393810371
5557580074.953155	-49.59140497270677	0.8212598797567325
5557617551.530293	-49.3215042008335	0.8314020694108364
5557655028.107433	-50.10612129669104	0.8156305848509487
5557692504.684572	-49.64200038426961	0.8409239732284934
5557729981.261711	-49.92859563021946	0.8277339712139574
5557767457.838851	-49.19311622948851	0.8434363630074584
5557804934.41599	-49.87054841873241	0.8436950043373006
5557842410.99313	-49.19965162077066	0.8641617076626227
5557879887.570269	-49.5049357857016	0.8655092298019709
5557917364.147408	-50.00404408388956	0.853401213294181
5557954840.724547	-50.34776732430802	0.8669521598242367
5557992317.301686	-49.522810931010106	0.8777034175928524
5558029793.878826	-49.403550810659326	0.8760993444768866
5558067270.455965	-50.0757247125898	0.8969926412630354
5558104747.033104	-49.91339376990253	0.8866352340736007
5558142223.610244	-49.521777233409495	0.9030025001705312
5558179700.187383	-49.277020813515705	0.8985187268850341
5558217176.764523	-49.12687422568994	0.9144415771041043
5558254653.341661	-49.668812014895146	0.9310369905186449
5558292129.9188	-49.9762645030159	0.9509795931223011
5558329606.49594	-49.86280811697397	0.9583143948030735
5558367083.073079	-49.944924909015064	0.9320807929340796
5558404559.650219	-49.999482134512306	0.9504274525989062
5558442036.227358	-49.73979105686941	0.9578854795535728
5558479512.804497	-49.60357795865842	0.9478070635981524
5558516989.381637	-49.52807914004282	0.976577439098814
5558554465.9587755	-49.857901110527735	0.9663425508358131
5558591942.535915	-50.05832100442874	0.9784929636132913
5558629419.113054	-49.5414324075081	0.982172691381185
5558666895.690193	-50.041098883712614	0.9862338196674555
5558704372.267333	-49.81458818294607	0.9942910072269207
5558741848.844472	-49.94419788358728	1.016673653531802
5558779325.421612	-49.87596335768329	0.9941546872200735
5558816801.998751	-49.714091248563264	1.0359701463384186
5558854278.575891	-50.075457538021226	1.0180787642736657
5558891755.153029	-49.85502027706603	1.0094818036307025
5558929231.730168	-49.44743382212134	1.0225720139200634
5558966708.307308	-49.67989984865948	1.0157883165346016
5559004184.884447	-49.5629922506365	1.013295882448785
5559041661.461587	-49.89816432624102	1.0544523039785536
5559079138.038726	-49.77849357452396	1.0624139484134332
5559116614.615865	-49.566401739377056	1.0571486823824383
5559154091.193005	-49.43519979042077	1.0777591507902655
5559191567.7701435	-49.59408050556136	1.073893737625451
5559229044.347283	-49.80248566368011	1.0979745122174844
5559266520.924422	-49.64511118619701	1.0884941046202323
5559303997.501561	-49.719458308082665	1.0878424966096178
5559341474.078701	-49.668401628182835	1.1080460955333107
5559378950.65584	-49.72069374861726	1.0960976321196982
5559416427.23298	-49.969337737748376	1.100593332923308
5559453903.810119	-49.426906092299554	1.1068417376403068
5559491380.387258	-49.89622020832843	1.1156154695403075
5559528856.964397	-49.356774325152095	1.105971383542287
5559566333.541536	-49.53805508635308	1.1393901655887224
5559603810.118676	-49.802252057950525	1.1568110476654963
5559641286.695815	-50.30682755121036	1.1329580996441608
5559678763.272954	-50.06865554597083	1.149905357071685
5559716239.850094	-50.15873574659593	1.1457920257273453
5559753716.427233	-49.405416234095256	1.1533240916710554
5559791193.004373	-49.40660534140914	1.1872405528890797
5559828669.5815115	-49.284202198689755	1.158196406942792
5559866146.15865	-50.018848883820596	1.1942391933715437
5559903622.73579	-49.41354830142191	1.1823897026437025
5559941099.312929	-50.223669075682984	1.1751929136233101
5559978575.890069	-49.819413333310585	1.198565115607346
5560016052.467208	-49.35133509627156	1.2052455960317874
5560053529.044347	-49.123587871200556	1.213111106841213
5560091005.621487	-50.16404878372913	1.1943810807595168
5560128482.198626	-49.70441467937718	1.2237372885635711
5560165958.775765	-49.379399738799314	1.2310623765464321
5560203435.352904	-49.53161971736602	1.2212767701335168
5560240911.930044	-49.38994705391725	1.2344786788165443
5560278388.507183	-49.598061936646204	1.2351257717562047
5560315865.084322	-49.56824303429266	1.248365501372718
5560353341.661462	-49.85384439837722	1.2304409335311295
5560390818.238601	-49.22729495753458	1.2631173213481428
5560428294.815741	-49.615784061354454	1.2809197927076177
5560465771.3928795	-50.14104114043907	1.2682794358757241
5560503247.970018	-49.47846853089203	1.2808062005340528
5560540724.547158	-50.184371387023205	1.2638308534181317
5560578201.124297	-49.88279115807205	1.3041593287598876
5560615677.701437	-49.87367620709742	1.2823300855044604
5560653154.278576	-49.79456566732823	1.308096449184267
5560690630.855715	-49.72140240009654	1.3054374166341098
5560728107.432855	-49.443732125505164	1.3060978119262885
5560765584.009994	-49.663419136128	1.3156243176011664
5560803060.587133	-49.419324643406	1.3292292856846615
5560840537.164272	-49.94836334637898	1.3292274235624872
5560878013.741411	-49.22768671354531	1.3468528060340488
5560915490.318551	-49.88167182732789	1.349117818608173
5560952966.89569	-49.66566459017819	1.3398310088884577
5560990443.47283	-49.75468953797915	1.3404937049069874
5561027920.049969	-49.55849474855873	1.350074278187643
5561065396.627108	-49.54187753931005	1.3608424763651774
5561102873.204247	-49.3834147635771	1.3705357035553172
5561140349.781386	-49.69484335334392	1.3609004530802022
5561177826.358526	-49.762950280140544	1.3755902795280133
5561215302.935665	-49.75859232554792	1.3938688966802477
5561252779.512804	-49.18472617983119	1.3773951351811902
5561290256.089944	-49.71224549845939	1.394171058135274
5561327732.667083	-49.61593556926556	1.4255099704396688
5561365209.244223	-49.48778345259412	1.4205508432347376
5561402685.821362	-49.903271543898676	1.4068854465932155
5561440162.398501	-49.70033251564019	1.4002127975679404
5561477638.97564	-49.334300486480544	1.4229261501257395
5561515115.552779	-49.40960746251713	1.4434147203194652
5561552592.129919	-49.83323602524926	1.4334414277602785
5561590068.707058	-49.61133020205037	1.440650089832416
5561627545.284198	-49.73957038729761	1.4301642731377662
5561665021.861337	-49.76531253848036	1.4346472051443317
5561702498.438476	-49.56702071330771	1.4661395739932466
5561739975.015615	-49.59349413767832	1.4660645457325208
5561777451.592754	-49.74713810065644	1.4713477599966198
5561814928.169894	-49.59041981222864	1.4868716505500807
5561852404.747033	-49.791518741838985	1.4629741029726042
5561889881.324172	-50.31274012233622	1.489405445443479
5561927357.901312	-50.0517350546387	1.5180053562730946
5561964834.478451	-49.43390997798227	1.503469992546205
5562002311.055591	-49.51756486044155	1.4898631423974285
5562039787.63273	-49.58296554067314	1.5090361777989916
5562077264.209868	-49.88311852625469	1.5091519061675502
5562114740.787008	-49.58919180035865	1.5375322089496093
5562152217.364147	-49.7528230694263	1.5299416173572429
5562189693.941287	-49.47496636221174	1.5511666799318544
5562227170.518426	-49.401911282843784	1.5506608237397435
5562264647.095565	-49.18367657176589	1.5583130375195657
5562302123.672705	-49.42107397320882	1.533916737874398
5562339600.249844	-49.58094258019405	1.54759834767663
5562377076.826983	-49.55998619963701	1.5790476398013178
5562414553.404122	-48.881509403550545	1.5552084363662042
5562452029.981261	-50.00217714356601	1.5600272620725788
5562489506.558401	-49.564935006843456	1.6028644925294013
5562526983.13554	-49.980977610977256	1.5843073866909232
5562564459.71268	-49.415173531221974	1.5835332839956933
5562601936.289819	-49.7659959086849	1.5890690760864628
5562639412.866959	-49.41936919110538	1.6199449701349993
5562676889.4440975	-49.34543094919266	1.6277849940646854
5562714366.021236	-49.33715814092054	1.6165656266107231
5562751842.598376	-49.98329367019052	1.6206635940897758
5562789319.175515	-49.5374014244829	1.6269434465592276
5562826795.752655	-49.41461876989531	1.6277385864136968
5562864272.329794	-49.80042902962404	1.64682468074904
5562901748.906933	-49.23406120790279	1.644348133768101
5562939225.484073	-49.45617971167572	1.6603048228847062
5562976702.061212	-49.759990449840615	1.6387570061241166
5563014178.638351	-49.46044445380065	1.648789103455631
5563051655.21549	-49.856260374869336	1.6802087706412718
5563089131.792629	-50.074205315044615	1.6844448011826743
5563126608.369769	-49.833181999030735	1.6882596608442657
5563164084.946908	-49.17794969048618	1.697265133394664
5563201561.524048	-49.65080374035786	1.6740803148723682
5563239038.101187	-49.16060309567957	1.6887097718269344
5563276514.678326	-50.21255216883425	1.696359591289751
5563313991.2554655	-50.05583258602858	1.703724799206756
5563351467.832604	-49.44718143493639	1.7335029285840124
5563388944.409744	-50.237046169461514	1.733038869443323
5563426420.986883	-49.60862013018741	1.7636793811106697
5563463897.564022	-49.67626359230711	1.7180685124803503
5563501374.141162	-49.70483014291253	1.7233795071013984
5563538850.718301	-49.458209184511624	1.751998205287454
5563576327.295441	-49.464823959946656	1.7683675792979519
5563613803.87258	-49.31815049253126	1.7439264096857277
5563651280.449718	-50.083274815480365	1.7664831999890849
5563688757.026858	-49.653586772983466	1.7589601448704875
5563726233.603997	-49.52158381288253	1.7667156109246833
5563763710.181137	-49.864263447800575	1.7703255310392223
5563801186.758276	-49.504501270779286	1.7665692807477784
5563838663.335416	-49.51440067330692	1.78484660419858
5563876139.912555	-50.0546110125417	1.80659306573989
5563913616.489694	-49.59778563779146	1.7949811395401287
5563951093.0668335	-49.61110578909165	1.8207073913920164
5563988569.643972	-49.2619900603864	1.8015810364712463
5564026046.221112	-49.575195586543124	1.8355807615036046
5564063522.798251	-49.77245269599009	1.835545260024119
5564100999.37539	-49.35246421683773	1.8250919276953024
5564138475.95253	-49.49901158754776	1.8495050061391909
5564175952.529669	-50.05929856340038	1.8347917909045564
5564213429.106809	-49.899335127304965	1.8604926275485976
5564250905.683948	-49.53903015060725	1.8649830837330568
5564288382.261086	-49.4260773541792	1.8528661260008197
5564325858.838226	-49.62968097452708	1.8737454215951437
5564363335.415365	-49.78616495008736	1.8840018453315384
5564400811.992505	-49.8847945489132	1.8743984092348316
5564438288.569644	-49.369093588048955	1.8778069872388992
5564475765.146783	-49.74037039705976	1.8940062216820994
5564513241.723923	-49.7692253512626	1.9223598758936842
5564550718.301062	-49.90331032597609	1.9340002303729193
5564588194.8782015	-49.75812379953731	1.9077970344159871
5564625671.45534	-49.23475442496564	1.9144948242734305
5564663148.032479	-49.62966243933977	1.8900525739449032
5564700624.609619	-49.25377059964096	1.9116127692714622
5564738101.186758	-49.82386241860365	1.9416954866277742
5564775577.763898	-49.605581393022234	1.9538173788564326
5564813054.341037	-49.89834498426489	1.9392631518760128
5564850530.918176	-49.58686105098445	1.9562538197064168
5564888007.495316	-49.40472877074667	1.9625536396656027
5564925484.072454	-49.464020293737775	1.9757855419091002
5564962960.649594	-49.54318869868221	1.9759290726191634
5565000437.226733	-49.39540958951963	1.9796826426201295
5565037913.803872	-49.782059917328915	1.9885590474312551
5565075390.381012	-49.97299722534632	1.9919869929666378
5565112866.958151	-49.337097114507635	1.9967953930030482
5565150343.535291	-49.10353177796675	2.014312094307632
5565187820.11243	-49.41756569122684	1.9898570793129307
5565225296.689569	-49.38890707885744	1.9849021837735663
5565262773.266708	-49.655110562343346	2.0075208972779923
5565300249.843847	-49.724486203526475	2.016643882214538
5565337726.420987	-49.46722411095077	2.024412377480364
5565375202.998126	-49.451174351100555	2.0491630299834434
5565412679.575266	-49.68503562112637	2.029288393184193
5565450156.152405	-49.39070389814441	2.0408264889903185
5565487632.729544	-49.551723952997946	2.0464548209091817
5565525109.306684	-49.49782512446199	2.073140776724659
5565562585.883822	-49.83058268949473	2.0614744067580575
5565600062.460962	-49.2819887371666	2.081360693517877
5565637539.038101	-49.91949837540459	2.061797807485054
5565675015.61524	-50.19462605200105	2.08921428710179
5565712492.19238	-50.0727043980867	2.078023490268949
5565749968.769519	-49.47851593317072	2.105605695176714
5565787445.346659	-49.813258008059364	2.0910822844302794
5565824921.923798	-49.42950128270779	2.1203049225435
5565862398.5009365	-49.933342892029685	2.107831114863824
5565899875.078076	-49.93131383605637	2.1193777829058758
5565937351.655215	-49.04350431974428	2.1060265191933714
5565974828.232355	-49.65439703983751	2.1229208104178134
5566012304.809494	-48.77377812580373	2.1644566008947352
5566049781.386633	-49.12402036203388	2.161115785729649
5566087257.963773	-50.17095351311542	2.1578473445228465
5566124734.540912	-49.683667881314065	2.143892538636774
5566162211.118052	-50.044265757482094	2.1484451937622295
5566199687.69519	-49.008186094254	2.1698136325408246
5566237164.272329	-49.32387621202377	2.1755456603691385
5566274640.849469	-49.651594676434875	2.2221481846372964
5566312117.426608	-49.95623225205465	2.1841313479198576
5566349594.003748	-49.89922619347284	2.1909057896170285
5566387070.580887	-49.42509743504628	2.204485850987941
5566424547.158027	-49.384326103255574	2.223682544860421
5566462023.735166	-49.975926940574396	2.1813310205064838
5566499500.3123045	-49.57278503809754	2.2257303233513324
5566536976.889444	-49.7718506649379	2.2128694519192837
5566574453.466583	-49.9130026980868	2.217407764868377
5566611930.043723	-49.48231530656395	2.2141443721006335
5566649406.620862	-49.197707599268384	2.25883055649618
5566686883.198001	-49.71831073372351	2.25911637685242
5566724359.775141	-49.91013854204589	2.246504730498615
5566761836.35228	-50.07150509018048	2.2281412583060334
5566799312.9294195	-49.83432319718802	2.2702484274316648
5566836789.506558	-49.6495838229566	2.2750098623945387
5566874266.083697	-49.769365960867596	2.2881068360883585
5566911742.660837	-49.392314391283264	2.282977979980021
5566949219.237976	-49.01808475974802	2.2660419147817006
5566986695.815116	-49.77241831413315	2.2940415730652868
5567024172.392255	-49.885860298348355	2.3065602244213785
5567061648.969394	-49.67928984184353	2.3116402138164363
5567099125.546534	-49.79151177431835	2.3187012277979306
5567136602.1236725	-49.47910726158591	2.3201347958740444
5567174078.700812	-49.217546691655166	2.324275977629766
5567211555.277951	-49.25986765869113	2.3380877854545337
5567249031.85509	-49.44945044104955	2.34019342599859
5567286508.43223	-49.51991115060656	2.3233161352469365
5567323985.009369	-49.11413983944398	2.3495155886664967
5567361461.586509	-49.63063818609456	2.355842859154912
5567398938.163648	-50.272034532590474	2.3801457659973186
5567436414.740787	-49.86825221427213	2.36129370526423
5567473891.317926	-49.84364738323649	2.360284816992337
5567511367.895065	-49.54381409209994	2.37838479690883
5567548844.472205	-50.08596662252881	2.398726199022043
5567586321.049344	-49.33622786371879	2.4024789221592426
5567623797.626484	-50.130217675380386	2.3882006854506144
5567661274.203623	-50.01209424718073	2.389263922374443
5567698750.780762	-49.32150151827739	2.412961900934885
5567736227.357902	-49.37556600607027	2.4117136666554555
5567773703.93504	-49.46854539583802	2.4252366862159738
5567811180.51218	-49.93553253793824	2.449174902183916
5567848657.089319	-49.618701026286075	2.428796107114485
5567886133.666458	-49.931904073636446	2.442504432330391
5567923610.243598	-49.80582706606147	2.4356762659688824
5567961086.820737	-49.25296831158939	2.449436954251197
5567998563.397877	-49.126484092275	2.451488872114224
5568036039.975016	-49.489233245519216	2.464729982002273
5568073516.552155	-49.74339057206264	2.4678046915240968
5568110993.129294	-49.43354857595003	2.4797332942328443
5568148469.706433	-49.579535259942816	2.4830722717242315
5568185946.283573	-49.55342510618651	2.510975033194418
5568223422.860712	-49.726376006051495	2.5024395826557324
5568260899.437851	-49.31775372753783	2.502971018406803
5568298376.014991	-49.321182624331634	2.4945678812423036
5568335852.59213	-49.73755159336029	2.506219209651458
5568373329.16927	-49.90319127043638	2.526393624285573
5568410805.746408	-49.66972483787994	2.5509416003958916
5568448282.323547	-49.716370267803775	2.5488615112780244
5568485758.900687	-49.41942057160045	2.546539766072237
5568523235.477826	-49.59777445346543	2.5309443018068056
5568560712.054966	-49.478169972178236	2.5348962961403054
5568598188.632105	-49.95330038490493	2.577830539495589
5568635665.209244	-49.76200404182471	2.5643349287632096
5568673141.786384	-49.463153424592655	2.5630010290668896
5568710618.363523	-49.21381582413144	2.602601491704133
5568748094.940662	-49.87958225716106	2.5875157681698187
5568785571.517801	-49.264508457302504	2.5846917752081335
5568823048.09494	-49.48608075719023	2.57030606445216
5568860524.67208	-49.82381002048111	2.6041641240605866
5568898001.249219	-49.78931387251998	2.6060091464147312
5568935477.826359	-49.9694906537235	2.6199682524931736
5568972954.403498	-49.97381671560359	2.618799683271968
5569010430.980638	-49.62490225312937	2.6335363952247084
5569047907.557776	-49.684993829125084	2.6181177315416426
5569085384.134915	-49.460574555603486	2.6613353773356
5569122860.712055	-49.542440265468244	2.6287350630384356
5569160337.289194	-49.9078867979904	2.656583425917887
5569197813.866334	-50.3795781803864	2.694066871397332
5569235290.443473	-49.161173208426376	2.65476894806454
5569272767.020612	-49.886590825946364	2.663821684099275
5569310243.597752	-49.47673759699426	2.7006999633300244
5569347720.1748905	-49.45578974973171	2.679306204355193
5569385196.75203	-49.19530988049896	2.6775138320099323
5569422673.329169	-49.59677529834558	2.696147187065302
5569460149.906308	-49.72188300600106	2.7148259580745417
5569497626.483448	-49.88877559630471	2.7321793611955036
5569535103.060587	-49.54828778907818	2.703448162547191
5569572579.637727	-49.49891032439487	2.7382755435692054
5569610056.214866	-49.18653655692532	2.7296929463119635
5569647532.792005	-49.50382295402058	2.7538279789250537
5569685009.369144	-49.75610359118239	2.7311295954122707
5569722485.946283	-49.82215534994577	2.7805625941863368
5569759962.523423	-49.335369158557334	2.757479242638906
5569797439.100562	-49.644042865549274	2.7606547717394307
5569834915.677701	-49.43284694571068	2.7661646658370564
5569872392.254841	-49.84558839975573	2.7848141523289582
5569909868.83198	-49.26140966511397	2.7858597238491605
5569947345.40912	-49.609902771809715	2.79172050468307
5569984821.9862585	-48.88293422644389	2.7850605360402785
5570022298.563397	-49.717280922999464	2.799553784818354
5570059775.140537	-49.31777915681123	2.7977744278410954
5570097251.717676	-50.06031081795182	2.8221961250714265
5570134728.294816	-49.816868643988734	2.8041028901756437
5570172204.871955	-49.27859812762882	2.8328950554729984
5570209681.449095	-49.635277849645234	2.827545088700507
5570247158.026234	-49.633227032479056	2.8369671028990284
5570284634.603373	-49.666029293229805	2.854179411546551
5570322111.180512	-49.70871301095477	2.8392293687269032
5570359587.757651	-49.50000883422133	2.8621530345755257
5570397064.334791	-49.94867353716497	2.8633394746434297
5570434540.91193	-49.77255012723424	2.8841237089920395
5570472017.489069	-49.474482768807746	2.891732734930751
5570509494.066209	-49.67525003271981	2.8807617032090658
5570546970.643348	-49.75472818536237	2.8940342719054373
5570584447.220488	-49.74179041935965	2.9036405349605574
5570621923.7976265	-49.64207451657966	2.9189013040417784
5570659400.374765	-49.520463796745545	2.885793340707112
5570696876.951905	-50.05725122097796	2.9111531339495977
5570734353.529044	-50.026135253891255	2.9249602722621577
5570771830.106184	-49.60642626433678	2.923609716971178
5570809306.683323	-49.82657719920968	2.92319655123332
5570846783.260462	-49.95305403133867	2.9446444518420765
5570884259.837602	-49.427307756021065	2.9481852930406394
5570921736.414741	-49.7088154274023	2.9797366801673966
5570959212.99188	-50.25187136991241	2.970098934717519
5570996689.569019	-49.91944116846268	2.995439514462813
5571034166.146158	-50.07302926469137	2.9980946884865616
5571071642.723298	-49.35626776969622	3.010232096435005
5571109119.300437	-49.91869174053239	2.9902548217735
5571146595.877577	-49.77959384523358	3.009603331756971
5571184072.454716	-49.79334849993357	3.0209687082787244
5571221549.031855	-49.54257061463599	3.0244000564094846
5571259025.6089945	-49.84915285603924	3.000974725168133
5571296502.186133	-50.104716967163526	3.042259620224316
5571333978.763273	-49.886910103620686	3.0212894129403187
5571371455.340412	-49.323785906127696	3.0430554736721054
5571408931.917552	-49.776441526629185	3.0477877209951556
5571446408.494691	-49.45724521464114	3.053241815008619
5571483885.07183	-50.2526729311532	3.0567391508244115
5571521361.64897	-50.45326507005208	3.0668030832457824
5571558838.226109	-49.77252019655226	3.0671772430141955
5571596314.803248	-49.539905787461635	3.074158367970477
5571633791.380387	-49.71978532592332	3.097617645788798
5571671267.957526	-49.938859712580836	3.0755373131266386
5571708744.534666	-50.0520048053614	3.1149613071391262
5571746221.111805	-50.04239832106328	3.10798990350735
5571783697.688945	-49.49271862908185	3.100472558123591
5571821174.266084	-49.83833532385435	3.1282513831090974
5571858650.843223	-50.25929027371137	3.1304488372396473
5571896127.420362	-49.63507674140207	3.111813196028575
5571933603.997501	-50.09287590881315	3.1676946774193766
5571971080.574641	-49.60236188176828	3.1664697173685
5572008557.15178	-50.5405090628292	3.164388373723944
5572046033.728919	-49.67818830915099	3.178048127871455
5572083510.306059	-50.07723081400922	3.172378723039383
5572120986.883198	-49.826517893021375	3.193515144542375
5572158463.460338	-50.06202443227451	3.188763110166127
5572195940.037477	-49.59510637080701	3.20630170224438
5572233416.614615	-50.089613052501804	3.2204020871471184
5572270893.191755	-49.904993186322535	3.2204280623170294
5572308369.768894	-49.98771404406334	3.2436399168869556
5572345846.346034	-50.125769250483074	3.237417156022169
5572383322.923173	-49.92529878133584	3.2189014548904544
5572420799.500312	-50.30106417747723	3.2340836220560245
5572458276.077452	-50.108585034538706	3.273521394837608
5572495752.654591	-49.76257889754845	3.2660974577974162
5572533229.23173	-50.32959704387003	3.2675491834924624
5572570705.808869	-50.24906597346934	3.27708730734911
5572608182.386009	-50.57568137259359	3.301561069118934
5572645658.963148	-50.34040323161608	3.3165759226855647
5572683135.540287	-49.503228706497644	3.3008239272062196
5572720612.117427	-49.90849179497089	3.3107865265478305
5572758088.694566	-50.054981328008765	3.2985293397665028
5572795565.271706	-50.29828456181038	3.3546729331291036
5572833041.848845	-49.74132592677627	3.3197453700761006
5572870518.425983	-50.194195737638324	3.3380614774088513
5572907995.003123	-50.30300818973799	3.355520634645755
5572945471.580262	-50.164151528037735	3.339119617913837
5572982948.157402	-50.117785348961654	3.361558614940009
5573020424.734541	-50.64947737884313	3.3476904576242448
5573057901.31168	-50.48396530221665	3.351411738276752
5573095377.88882	-49.77861704343883	3.371803011523114
5573132854.465959	-50.275446224511526	3.391434900394923
5573170331.043098	-50.332210790367526	3.3896735513367267
5573207807.620237	-51.06404973656761	3.418741087890171
5573245284.197376	-50.34212758218315	3.4014578004041724
5573282760.774516	-50.12182501900712	3.423547362383838
5573320237.351655	-50.4154415463065	3.4251147911278395
5573357713.928795	-50.72242919515438	3.443740266700425
5573395190.505934	-50.30413737551358	3.4607021720343822
5573432667.083073	-50.364858399695684	3.460022144461144
5573470143.6602125	-50.660114999618166	3.4725980258399463
5573507620.237351	-50.63734758034844	3.496030527703826
5573545096.814491	-50.75465738059323	3.497595626088981
5573582573.39163	-50.33886765108808	3.495623920599197
5573620049.968769	-50.76150783822199	3.483338740902903
5573657526.545909	-50.760984695625275	3.531279615012768
5573695003.123048	-50.26757577219279	3.5252607014645356
5573732479.700188	-50.84117898498833	3.5328358498097456
5573769956.277327	-50.70595283950199	3.546997103767058
5573807432.8544655	-50.768971735918356	3.563911928632446
5573844909.431605	-50.58094201989458	3.5740809579906476
5573882386.008744	-51.060839997874936	3.5385113053389823
5573919862.585884	-50.78714183861998	3.5612800532001057
5573957339.163023	-50.59247963741419	3.6190167690901114
5573994815.740163	-51.03655185805281	3.585280832244002
5574032292.317302	-50.454684978367695	3.5688886239563447
5574069768.894441	-51.043228430173826	3.6096851643444343
5574107245.4715805	-51.57741873667341	3.623560588417817
5574144722.048719	-51.43015651207313	3.5963151173877446
5574182198.625859	-51.024029297000375	3.636204878974963
5574219675.202998	-50.541879595213146	3.661069244332321
5574257151.780137	-51.28487147758632	3.639270164444825
5574294628.357277	-51.17854400012086	3.64918717306321
5574332104.934416	-51.228655329739254	3.6619658784094105
5574369581.511556	-51.30392413621262	3.72242410807864
5574407058.088695	-51.184379822524484	3.7196858305372165
5574444534.665833	-51.41943258779078	3.7117346756554364
5574482011.242973	-51.360145396859565	3.7251190619346444
5574519487.820112	-51.83696695115516	3.7491808249355034
5574556964.397252	-51.71649723208925	3.756321795835323
5574594440.974391	-51.50393641655957	3.7581417111106536
5574631917.55153	-52.090931843854655	3.7481852617182563
5574669394.12867	-51.77754445726688	3.793006728021132
5574706870.705809	-51.13594966554633	3.814125418956156
5574744347.2829485	-52.0801990916727	3.8108138178382798
5574781823.860087	-51.7968865670275	3.832217540227069
5574819300.437226	-52.04287090471272	3.8451545238601255
5574856777.014366	-52.016422954420854	3.872148572893724
5574894253.591505	-52.426131256395735	3.859984125262208
5574931730.168645	-52.52417312081906	3.8783472809438555
5574969206.745784	-52.53499698260629	3.876944685480258
5575006683.322923	-52.56660066622479	3.904637952558635
5575044159.900063	-53.23296073479624	3.8848949320430797
5575081636.477201	-53.27783129605254	3.933320458940984
5575119113.054341	-52.84711275659195	3.9192255241108835
5575156589.63148	-53.9053037603366	3.935162061294341
5575194066.20862	-53.41968047061818	3.9518272197841955
5575231542.785759	-53.21648774007677	3.9779364834814968
5575269019.362898	-53.767630005838726	3.9904903416508715
5575306495.940038	-53.83205816398871	3.9888670296671576
5575343972.517177	-53.94191620547291	4.012220866410203
5575381449.0943165	-53.861941662822716	4.046959408531501
5575418925.671455	-54.54639754051912	4.0565318811983
5575456402.248594	-55.184044728887194	4.053488702370586
5575493878.825734	-54.83879032630134	4.066967062299779
5575531355.402873	-55.29471368067391	4.094699833246415
5575568831.980013	-56.12619677522126	4.1026073652875255
5575606308.557152	-56.685682614116416	4.134774769315982
5575643785.134291	-56.9018372522573	4.16188747922183
5575681261.711431	-57.523092406753506	4.212667853758514
5575718738.288569	-57.00160674904248	4.183203640739588
5575756214.865709	-57.174899451414475	4.22088568590904
5575793691.442848	-57.59261254960595	4.216065281136721
5575831168.019987	-57.87193003499116	4.2437444705970275
5575868644.597127	-58.42295157812202	4.315384210183659
5575906121.174266	-59.33313498803983	4.2884309606826
5575943597.751406	-59.43193606477792	4.2609083727672274
5575981074.328545	-61.14792879549257	4.319751369031197
5576018550.9056835	-61.04044497046697	4.322332240483909
5576056027.482823	-61.540527425532865	4.3708215732285005
5576093504.059962	-62.210213713080705	4.366437106271489
5576130980.637102	-62.391130531164045	4.3386397772482574
5576168457.214241	-64.61562874340773	4.382085365471648
5576205933.79138	-66.32087010623975	4.421035117700932
5576243410.36852	-65.01182034707752	4.387147232008699
5576280886.945659	-66.2677244030361	4.3803096085583455
5576318363.522799	-68.73157108968721	4.409120587085963
5576355840.099937	-68.82241114031498	4.37054175577935
5576393316.677077	-70.85754359715659	4.395546264832415
5576430793.254216	-70.37046826402073	4.424533234328292
5576468269.831355	-72.9919071139591	4.375434618029449
5576505746.408495	-74.52514821841348	4.33836549462187
5576543222.985634	-75.79760626025485	4.302152602847277
5576580699.562774	-76.62069313258046	4.2833325992003015
5576618176.139913	-80.71081731131403	4.17362665957588
5576655652.7170515	-82.06426270068307	4.052797198878096
5576693129.294191	-84.0249730695673	4.01354894828627
5576730605.87133	-82.72261721545405	3.771915205342761
5576768082.44847	-84.4268331928346	3.7133448912045006
5576805559.025609	-83.56253810248012	3.6639732092276778
5576843035.602748	-83.83190781133577	3.587015611484102
5576880512.179888	-81.02574982416427	3.4924982443405685
5576917988.757027	-80.66042733375055	3.33597968557542
5576955465.334167	-79.70706482326706	3.2925913997036296
5576992941.911305	-79.43204297567631	3.255923845581085
5577030418.488444	-76.62391733189861	3.126541710526129
5577067895.065584	-75.11167521142188	3.122368566784909
5577105371.642723	-74.93263628371294	3.1488067774888027
5577142848.219863	-73.48130206016971	2.984830352887313
5577180324.797002	-72.6986985662799	3.074224117808207
5577217801.374141	-70.37118279359831	3.0986832909136495
5577255277.951281	-71.25373939723674	3.0490167356710645
5577292754.5284195	-68.35117852957353	3.05487434397484
5577330231.105559	-68.42565771408974	3.0832950195379287
5577367707.682698	-66.96859616375853	3.02538242154986
5577405184.259837	-66.43343429003173	3.0779281127393547
5577442660.836977	-64.98720328255779	3.0866339362104913
5577480137.414116	-64.01338666289814	3.0578541521809792
5577517613.991256	-64.13722711482828	3.0591435651936036
5577555090.568395	-62.37042853754424	3.0566827222516917
5577592567.1455345	-62.52222702583261	3.120087321227614
5577630043.722673	-61.03274157871738	3.1418467975427555
5577667520.299812	-62.09579886632753	3.1197751179702324
5577704996.876952	-60.86622704780047	3.130822872877977
5577742473.454091	-60.379468536387655	3.1333386719797174
5577779950.031231	-59.91461310869135	3.147402460808272
5577817426.60837	-59.96413581524649	3.149474305226145
5577854903.185509	-59.146733875062296	3.195512816061438
5577892379.762649	-59.88200404671964	3.202016618578634
5577929856.3397875	-59.07855179847766	3.21755053840104
5577967332.916927	-59.09921185724621	3.205587295784883
5578004809.494066	-58.02180286846799	3.2341263074051967
5578042286.071205	-57.53524841156633	3.2595921646353525
5578079762.648345	-57.48666705817338	3.2622343120937076
5578117239.225484	-56.23571501452506	3.3172832010941975
5578154715.802624	-56.48616449178788	3.2497240567226724
5578192192.379763	-56.2344488752331	3.3327618360617715
5578229668.956902	-56.808365544759916	3.3085512794060508
5578267145.534041	-55.893881005882136	3.353552607399847
5578304622.11118	-56.369883673369124	3.3638096772065404
5578342098.68832	-56.49114442832392	3.358566033413403
5578379575.265459	-55.57660527935474	3.3745619667647695
5578417051.842598	-55.8232375813526	3.4166633847329106
5578454528.419738	-54.423833456157695	3.417362606926897
5578492004.996877	-54.895544471530364	3.4219568737670123
5578529481.574017	-55.54184778623114	3.4396360872045895
5578566958.151155	-54.916688844583334	3.444823152647262
5578604434.728294	-54.44067883657627	3.4623440771684875
5578641911.305434	-54.44902428570976	3.4675919866691185
5578679387.882573	-54.44402057589383	3.4962351143074697
5578716864.459713	-53.82276577615933	3.525441677670184
5578754341.036852	-53.96223552916976	3.486827547708752
5578791817.613991	-53.14919400210609	3.555757663234413
5578829294.191131	-54.273323693325594	3.5478066927079963
5578866770.76827	-54.2135988547269	3.5309895367689075
5578904247.345409	-53.40450192549535	3.5689882484283704
5578941723.922548	-54.087117505978284	3.5664175817627646
5578979200.499688	-53.22113265115148	3.58904018065723
5579016677.076827	-53.30297590267075	3.604589385407813
5579054153.653966	-53.446187798950305	3.614303335457747
5579091630.231106	-52.595426405145396	3.5907686349837267
5579129106.808245	-52.70656274273733	3.643337944562234
5579166583.385385	-52.499609365137715	3.653443260186583
5579204059.962523	-52.90082568707412	3.662229822065304
5579241536.539662	-52.10032029734417	3.6860289751111
5579279013.116802	-52.739329693531985	3.7181152203129577
5579316489.693941	-52.5616864645277	3.6746665489500234
5579353966.271081	-52.35756996858322	3.688125943731953
5579391442.84822	-52.21503123927108	3.6943240788080476
5579428919.425359	-52.794593875698084	3.7195931671657467
5579466396.002499	-52.17247430145227	3.7181184867778496
5579503872.579638	-52.21641639523628	3.738056622463904
5579541349.156777	-52.35906775006957	3.727723672919309
5579578825.733916	-51.59513391970326	3.75602461528635
5579616302.311055	-52.29680846103315	3.7297911589555133
5579653778.888195	-52.0187436953643	3.7717025435106453
5579691255.465334	-51.62187530476612	3.7915704778390227
5579728732.042474	-52.12523196445504	3.7579678771048646
5579766208.619613	-51.78246289700682	3.7843647180938773
5579803685.196752	-51.12433038453383	3.8206556484742142
5579841161.773891	-51.79857935525648	3.806151428688863
5579878638.35103	-51.83672922447143	3.833158696760406
5579916114.92817	-51.9295638245471	3.813213962450575
5579953591.505309	-51.55399683728585	3.801232533924297
5579991068.082448	-51.68950923932465	3.8563626762991645
5580028544.659588	-51.3824685213013	3.862891231093628
5580066021.236727	-52.10837224281528	3.8815933199768655
5580103497.813867	-51.55478700430678	3.882197082014648
5580140974.3910055	-51.40708312727401	3.888560896276654
5580178450.968145	-51.59668600312144	3.888816201169003
5580215927.545284	-51.642836870110784	3.9068923666938233
5580253404.122423	-51.334772396975595	3.9046117908834783
5580290880.699563	-50.85308039845	3.9263546814852934
5580328357.276702	-51.46611065396412	3.935823965960316
5580365833.853842	-51.46711368931645	3.9389877305016836
5580403310.430981	-51.585737513252845	3.9376752390835876
5580440787.00812	-50.93861057261488	3.9429923169036423
5580478263.585259	-50.90873435783246	3.943418979000521
5580515740.162398	-51.267900148176366	3.9657655034452115
5580553216.739538	-51.12096621203902	4.013772812991112
5580590693.316677	-51.85170591500619	3.981326839094816
5580628169.893816	-51.04518536424763	3.982977633218981
5580665646.470956	-51.21916283881192	4.003771815973989
5580703123.048095	-51.19686735270578	4.023212665281678
5580740599.625235	-51.217316377030706	4.02373595132496
5580778076.2023735	-50.87575328445211	4.0347870998526805
5580815552.779512	-51.390233278331834	4.040629429807743
5580853029.356652	-50.99080993052674	4.049451689866302
5580890505.933791	-51.4053128081281	4.065356107244318
5580927982.510931	-51.0462384082573	4.087880390664074
5580965459.08807	-51.55360145239091	4.059035295696211
5581002935.665209	-51.247240481454554	4.070065089399339
5581040412.242349	-51.23792405314637	4.08436910713266
5581077888.819488	-50.759784100448194	4.057356896905503
5581115365.396627	-50.87804690775493	4.111085353972213
5581152841.973766	-50.96627708590938	4.104090165631015
5581190318.550905	-50.51596842445019	4.120696312761217
5581227795.128045	-50.946323632840496	4.110372903435336
5581265271.705184	-50.9714242092942	4.125584516609262
5581302748.282324	-51.095461487941066	4.134238908595217
5581340224.859463	-50.59185670438764	4.1343888977826495
5581377701.436603	-50.293991143649954	4.154498526694352
5581415178.0137415	-50.97324348138631	4.160889978913408
5581452654.59088	-50.854373763541375	4.155877970408769
5581490131.16802	-50.70858658398987	4.176273252891562
5581527607.745159	-50.38687766817976	4.1530282850410885
5581565084.322299	-50.797466675184886	4.191768987626833
5581602560.899438	-50.52990524665276	4.191588512461218
5581640037.476577	-50.78978195708632	4.1709206688892815
5581677514.053717	-51.08326263737142	4.206466010409812
5581714990.630856	-51.46349613779482	4.221929588704634
5581752467.207995	-50.122594499206585	4.240121778545531
5581789943.785134	-50.502688830472486	4.2180364113519495
5581827420.362273	-50.526993012895446	4.23530226109993
5581864896.939413	-50.21447892099119	4.269008426170332
5581902373.516552	-51.23279462944381	4.264217363140471
5581939850.093692	-50.62063837917081	4.2509345007676895
5581977326.670831	-50.59012744893255	4.299397785336556
5582014803.24797	-50.35505083802217	4.264365265260703
5582052279.8251095	-50.41542777686446	4.282078909171695
5582089756.402248	-51.0443199703736	4.2796826591814465
5582127232.979388	-50.51067162804774	4.2913614536558145
5582164709.556527	-50.49416126919922	4.313543738225759
5582202186.133666	-50.43834423013217	4.306175497133201
5582239662.710806	-50.24369946989725	4.304841102067606
5582277139.287945	-50.73846327389386	4.293585447927899
5582314615.865085	-50.960639979583476	4.352309733774552
5582352092.442224	-51.01921761564859	4.349369692462034
5582389569.019362	-50.580838625650784	4.336148727594912
5582427045.596502	-50.180995180930815	4.347839284009743
5582464522.173641	-50.79560173555259	4.372109225900313
5582501998.750781	-50.21600721866968	4.342337837619154
5582539475.32792	-50.52395315533049	4.3663989027750265
5582576951.90506	-50.69584426893055	4.377342114329509
5582614428.482199	-50.24621006891353	4.393239092014694
5582651905.059338	-50.24256702402844	4.393963045017197
5582689381.636477	-50.74589105155849	4.392865559823868
5582726858.213616	-50.41862667513361	4.433211929064124
5582764334.790756	-50.99312998501595	4.40237773498608
5582801811.367895	-50.438337840713025	4.409417966014574
5582839287.945034	-50.63528457205541	4.411254671419928
5582876764.522174	-50.403804692167064	4.438348633890856
5582914241.099313	-50.266826289242026	4.422732995769046
5582951717.676453	-50.367107083922285	4.421521116125529
5582989194.253592	-50.915188558459484	4.437738579268151
5583026670.83073	-50.842111610192084	4.458808376360462
5583064147.40787	-50.20111631082933	4.448706830108508
5583101623.985009	-50.32660069616323	4.47286837059334
5583139100.562149	-50.55924421992883	4.4640883707040695
5583176577.139288	-50.39720733827817	4.467272349274173
5583214053.716427	-49.99261413711885	4.48198593012162
5583251530.293567	-50.49066132396387	4.492075745215073
5583289006.870706	-50.88059438648587	4.496746773483654
5583326483.447845	-50.437334597986485	4.500967542612865
5583363960.024984	-50.42991553984875	4.493377547605595
5583401436.602123	-50.29297247552509	4.539212992469121
5583438913.179263	-50.68484701028373	4.543190746627738
5583476389.756402	-50.54093255443568	4.528008643914356
5583513866.333542	-50.4154063106929	4.573188064122796
5583551342.910681	-50.5034109291085	4.54842492210365
5583588819.48782	-50.24658136794852	4.556625090393587
5583626296.06496	-50.37875530871914	4.54273914325133
5583663772.642098	-50.49439865350373	4.58470750879465
5583701249.219238	-50.133111607162064	4.583119079509956
5583738725.796377	-50.15140517176824	4.584940634988245
5583776202.373516	-50.17208681205763	4.588946786896055
5583813678.950656	-50.349040269009095	4.587910806401306
5583851155.527795	-50.35365156152985	4.61247322698066
5583888632.104935	-50.37060809432491	4.620754001416434
5583926108.682074	-50.45740231654453	4.620798404389764
5583963585.259213	-50.40612217092173	4.620866911166265
5584001061.836352	-50.31959291344319	4.643334632410929
5584038538.413491	-50.15748666979803	4.6269286220828505
5584076014.990631	-50.524319452712575	4.636203619913337
5584113491.56777	-49.8776485913131	4.631020270562859
5584150968.14491	-50.24554552765265	4.6430196035537685
5584188444.722049	-50.090518532723706	4.667978532505767
5584225921.299188	-50.23671052945428	4.657510521146911
5584263397.8763275	-50.36779866911349	4.63219794031879
5584300874.453466	-50.76703967346194	4.676207453125782
5584338351.030606	-50.39120026083243	4.6734620896504175
5584375827.607745	-50.55690632246873	4.703233293701204
5584413304.184884	-50.22431197794097	4.701335136741607
5584450780.762024	-50.072761967532074	4.682701710899546
5584488257.339163	-50.632579346053824	4.714480295009862
5584525733.916303	-50.454737075203255	4.708533373890023
5584563210.493442	-50.13764033808815	4.715603696222584
5584600687.0705805	-50.44177232806061	4.7055236647997205
5584638163.64772	-50.148018240252185	4.727455499563328
5584675640.224859	-50.18425366666193	4.732145658126884
5584713116.801999	-50.450226469383914	4.749390448902642
5584750593.379138	-50.44198341803483	4.760122364753983
5584788069.956277	-50.26566973082117	4.736446896753979
5584825546.533417	-50.225494924514464	4.782277654448945
5584863023.110556	-50.04552050021801	4.778195879399467
5584900499.6876955	-50.61028968514388	4.774072271803732
5584937976.264834	-50.62767341868012	4.77249731083695
5584975452.841973	-50.063275210095526	4.803371755517747
5585012929.419113	-50.28568041234752	4.807019783417962
5585050405.996252	-50.73003879503688	4.8077190676320445
5585087882.573392	-50.0234095226122	4.815030769510669
5585125359.150531	-50.07981788039892	4.820783197764967
5585162835.727671	-50.452787972116795	4.82434808866542
5585200312.30481	-50.27328589275048	4.839319213468958
5585237788.881948	-50.62125838187817	4.849597949633006
5585275265.459088	-50.269134027303785	4.819894571751684
5585312742.036227	-50.184358563249624	4.8505443115099585
5585350218.613367	-50.03611547917753	4.8246348662978225
5585387695.190506	-50.278476152098634	4.852803881244978
5585425171.767645	-50.38174439213424	4.873991330366989
5585462648.344785	-50.363910951678	4.881407600293749
5585500124.921924	-50.84116501557006	4.893309801224218
5585537601.4990635	-50.54917493885942	4.886098807395288
5585575078.076202	-50.541658181293215	4.871227179322535
5585612554.653341	-50.03258805588942	4.896596585465544
5585650031.230481	-50.419035267329406	4.914149528352777
5585687507.80762	-50.61402077390851	4.9007001524471985
5585724984.38476	-50.82526272505268	4.892593350516175
5585762460.961899	-50.2580687371897	4.92028840796803
5585799937.539038	-50.09802405276097	4.906727330857736
5585837414.116178	-50.100121974922715	4.9344313490876655
5585874890.693316	-50.413163915810074	4.941003507441051
5585912367.270456	-50.12982736640485	4.952605142690654
5585949843.847595	-50.1813577343788	4.96030325503361
5585987320.424734	-50.15134470038059	4.962402160335213
5586024797.001874	-50.3393917662935	4.965791595923581
5586062273.579013	-50.73668973280058	4.955784254297494
5586099750.156153	-50.59688540307154	4.990357164912653
5586137226.733292	-50.138406227244786	4.982351658459729
5586174703.310431	-50.09727138471314	4.982054460842837
5586212179.88757	-50.5262718129691	5.002302047156309
5586249656.464709	-49.798760587994906	4.982928744339107
5586287133.041849	-50.77456550373198	5.031420365179645
5586324609.618988	-50.43319189537449	5.004337037176239
5586362086.196128	-50.473908660989714	5.021221725566525
5586399562.773267	-50.70366883274033	5.021921925920903
5586437039.350406	-50.53517846662692	5.027020928066363
5586474515.927546	-49.667995113612875	5.029079181324879
5586511992.504684	-50.40364284559111	5.053207482739357
5586549469.081824	-50.665237437942025	5.045245799879225
5586586945.658963	-50.58462295989333	5.043005385135274
5586624422.236102	-49.825558072900975	5.058265492506458
5586661898.813242	-50.16658479860552	5.05312061930079
5586699375.390381	-50.12405915052589	5.080606261256353
5586736851.967521	-50.39767495139522	5.070923842300255
5586774328.54466	-50.6281658622956	5.1069417990646
5586811805.1217985	-50.5350107222819	5.085197160749812
5586849281.698938	-50.2554122787944	5.080827729858951
5586886758.276077	-50.035139856112465	5.1028587779000505
5586924234.853217	-50.719064159207086	5.079544483227818
5586961711.430356	-50.52346556103569	5.078321588876246
5586999188.007495	-50.7720556477317	5.118578403049536
5587036664.584635	-50.621436237810684	5.131838456556007
5587074141.161774	-50.110185163303704	5.152231563200427
5587111617.738914	-50.15881622767029	5.150928864444798
5587149094.316052	-50.29856874900153	5.14320150997261
5587186570.893191	-50.317335238679874	5.1510416374495165
5587224047.470331	-50.732182179468765	5.14994833327344
5587261524.04747	-50.27388743282778	5.164450093612873
5587299000.62461	-50.412812464988676	5.172190013855633
5587336477.201749	-50.51305567603136	5.176315923156508
5587373953.778888	-49.457912331462225	5.182703588797577
5587411430.356028	-50.26594022217567	5.1848614074202874
5587448906.9331665	-50.323241126926604	5.176691364397795
5587486383.510306	-50.265346307375715	5.1734503301564985
5587523860.087445	-50.241860819587394	5.232421914041789
5587561336.664585	-50.82267174298822	5.205384488025843
5587598813.241724	-50.711731522242104	5.210417073880361
5587636289.818863	-50.54882384850749	5.215800552965451
5587673766.396003	-49.91407266831782	5.226812620218972
5587711242.973142	-50.32337192731562	5.250359073526056
5587748719.550282	-49.90157049514026	5.246060073538167
5587786196.12742	-50.16458782922691	5.234334661191541
5587823672.704559	-49.738035555374964	5.2621136147857985
5587861149.281699	-50.22337805488164	5.2806745405913595
5587898625.858838	-50.30288430660461	5.263901469004966
5587936102.435978	-50.73898310749093	5.281104631607968
5587973579.013117	-50.30747655003765	5.29242170091494
5588011055.590256	-49.79657362637824	5.2640186477774735
5588048532.167396	-50.45837344501863	5.308368414182649
5588086008.7445345	-50.474483389875644	5.287183360404665
5588123485.321674	-50.235958255595854	5.301089989809737
5588160961.898813	-50.81469255661286	5.297796521729386
5588198438.475952	-50.426158881111974	5.314062386038511
5588235915.053092	-50.15135554250406	5.29925521488182
5588273391.630231	-50.22412694766966	5.331235242411688
5588310868.207371	-50.432085510113104	5.32653435166851
5588348344.78451	-50.3136714680302	5.3471882896021725
5588385821.361649	-49.96325447943785	5.332294430920628
5588423297.938788	-49.826051560919105	5.3571786698918755
5588460774.515927	-50.33108766416912	5.337903599188942
5588498251.093067	-50.17407100678609	5.334197582124069
5588535727.670206	-50.20536319380796	5.366501948750981
5588573204.247345	-50.084920866420475	5.3690552193129
5588610680.824485	-50.381391815347214	5.384461633827499
5588648157.401624	-50.22481305553795	5.373994181859008
5588685633.978764	-50.036321770460475	5.383819074889301
5588723110.5559025	-50.32962617425434	5.395113803312701
5588760587.133041	-50.2070074285652	5.390964514678126
5588798063.710181	-50.43313283252946	5.408124756874562
5588835540.28732	-50.1723081857338	5.394231684944757
5588873016.86446	-50.347465927548065	5.416192443471331
5588910493.441599	-50.531532859067305	5.408338654315231
5588947970.018739	-50.3979793453357	5.4353060215984375
5588985446.595878	-50.628428806665326	5.42515596013474
5589022923.173017	-50.03194236558889	5.443438200875747
5589060399.750156	-50.39089416363198	5.455856004059474
5589097876.327295	-50.56600803888267	5.461632325713348
5589135352.904435	-50.09649293513932	5.458466744618894
5589172829.481574	-50.36477200517314	5.4560413980247615
5589210306.058713	-50.22666679786862	5.488368040487537
5589247782.635853	-50.44345829433034	5.468114250986799
5589285259.212992	-50.57161046322549	5.487233668948934
5589322735.790132	-50.56022050048138	5.4823103241984095
5589360212.36727	-50.05196585207476	5.495118471508689
5589397688.944409	-50.80758385143929	5.512034791216232
5589435165.521549	-50.59343368091718	5.520313298341025
5589472642.098688	-50.75458724685436	5.481544849850036
5589510118.675828	-50.21002939919587	5.491884397085743
5589547595.252967	-50.07405804004212	5.526214025331526
5589585071.830106	-49.95698040774654	5.5333214139770615
5589622548.407246	-50.360930885227475	5.52029889022343
5589660024.984385	-49.98123073401097	5.550305153373989
5589697501.561524	-50.122052373244024	5.548268095898392
5589734978.138663	-50.38014843737876	5.557865372877758
5589772454.715802	-50.868161259047746	5.558972986649825
5589809931.292942	-50.63351621639818	5.590912922603871
5589847407.870081	-50.228667881662055	5.584014303843872
5589884884.447221	-50.83471640506971	5.5809999341181316
5589922361.02436	-50.52290994111403	5.578472795986016
5589959837.601499	-50.432359948684116	5.582730368463041
5589997314.178638	-50.05462349272239	5.60875948671506
5590034790.755777	-50.327680566718854	5.6222167166505015
5590072267.332917	-50.56006380037135	5.594007555529786
5590109743.910056	-50.592268290191086	5.614435238272683
5590147220.487196	-50.711420558234764	5.603915442430884
5590184697.064335	-50.061193748653416	5.633122166814104
5590222173.641474	-50.570900521720105	5.640626695260849
5590259650.218614	-50.46777713938777	5.631089685109668
5590297126.795753	-50.653290222910954	5.625123915560889
5590334603.372892	-50.90684061730889	5.675752736602066
5590372079.950031	-50.353680659651204	5.637784562671564
5590409556.52717	-50.62609685149616	5.647959564653649
5590447033.10431	-50.8315442349773	5.664550421605986
5590484509.681449	-50.19943179689992	5.679807452363139
5590521986.258589	-50.41397191152008	5.656282932789246
5590559462.835728	-50.33756541394334	5.690683833147671
5590596939.412867	-50.052004029027415	5.682020535536392
5590634415.990006	-50.56829908300177	5.686656660470793
5590671892.567145	-50.13153825576967	5.70883588900611
5590709369.144285	-50.328949763371384	5.724475820906273
5590746845.721424	-50.31519219542027	5.721104975659646
5590784322.298563	-50.700270048911094	5.694355099754763
5590821798.875703	-50.677918093821546	5.727535511093281
5590859275.452842	-50.13578111617231	5.709801772825492
5590896752.029982	-50.34602212972672	5.745084189696435
5590934228.6071205	-50.215220553540746	5.746758470604122
5590971705.184259	-50.5295792880706	5.763037718875018
5591009181.761399	-50.71041758128263	5.751420467689867
5591046658.338538	-50.58839939769739	5.765276320146982
5591084134.915678	-50.168489074738815	5.7662347545611885
5591121611.492817	-50.48311394919264	5.776266683102473
5591159088.069956	-50.389531818710864	5.769001062118261
5591196564.647096	-50.00667394479136	5.791608829244567
5591234041.224235	-50.25057600680527	5.782020088160314
5591271517.801374	-50.60443712328899	5.794091280172053
5591308994.378513	-50.59453059417005	5.803993244642681
5591346470.955652	-50.26877398715348	5.8098627008351755
5591383947.532792	-49.92470357871113	5.813429671067679
5591421424.109931	-50.682523211899586	5.791866303038774
5591458900.687071	-50.30306225809643	5.819841544996868
5591496377.26421	-50.79031048037932	5.822186254735002
5591533853.84135	-50.35654991957037	5.842283412328636
5591571330.4184885	-50.62895147364329	5.830551012033373
5591608806.995627	-50.52490813187217	5.829482491857578
5591646283.572767	-50.18173607920603	5.8360147214729405
5591683760.149906	-50.231711635492445	5.858435958381821
5591721236.727046	-50.67403402651968	5.88929559910252
5591758713.304185	-50.50633259064866	5.88270709956506
5591796189.881324	-50.69351320561441	5.888744666774612
5591833666.458464	-50.73492171469781	5.885456590651113
5591871143.035603	-50.171740820189086	5.8981710332134565
5591908619.612742	-50.71116274688292	5.88346830872145
5591946096.189881	-50.526951057302185	5.893932988544332
5591983572.76702	-50.37186042718311	5.9042236297759025
5592021049.34416	-50.53708212047862	5.895195352310994
5592058525.921299	-51.023881856120454	5.9250541086650514
5592096002.498439	-50.61863089022716	5.9116564314459
5592133479.075578	-50.54225291296832	5.931209413877217
5592170955.652717	-50.32622236075358	5.937317193052471
5592208432.2298565	-50.21902483532063	5.931156023784212
5592245908.806995	-50.10605177687724	5.95685774029197
5592283385.384135	-50.75354984944286	5.950161825456863
5592320861.961274	-50.318272534631355	5.94784504979252
5592358338.538413	-50.67610458465993	5.9730076802585765
5592395815.115553	-50.400625874798905	5.970570266670486
5592433291.692692	-50.0888104623661	6.003903985895767
5592470768.269832	-50.15056157530067	5.9925743643055025
5592508244.846971	-50.48065252138726	5.979666890170308
5592545721.424109	-50.463865543254656	5.981529019934967
5592583198.001249	-50.935410368854846	5.986500169841225
5592620674.578388	-50.46976176372559	6.00425434750431
5592658151.155528	-50.78622107801381	6.039667349311054
5592695627.732667	-50.12739662146656	6.021024150078594
5592733104.309807	-50.500478615217276	6.014925572668426
5592770580.886946	-49.99312378289305	6.041078700289908
5592808057.464085	-50.067123111978816	6.049946926623263
5592845534.0412245	-50.588677778896056	6.046960296205117
5592883010.618363	-50.484100772507574	6.052081281580178
5592920487.195503	-50.3577795054087	6.064635928441253
5592957963.772642	-50.61958028516977	6.069788946792162
5592995440.349781	-50.5459149478519	6.062746825718806
5593032916.926921	-50.94119607084613	6.0818414126767
5593070393.50406	-49.76216188599817	6.090327122322475
5593107870.0812	-50.533136623501406	6.092324170441615
5593145346.658339	-50.568115888598	6.055446115345884
5593182823.235477	-50.71307963012666	6.0936630351691745
5593220299.812617	-50.528142914276046	6.096613297985142
5593257776.389756	-50.20266621369586	6.113412850120077
5593295252.966896	-50.078445842675805	6.098512014551
5593332729.544035	-50.600040305085955	6.095762846524746
5593370206.121174	-50.486991837188555	6.1175371809225
5593407682.698314	-50.46518535414811	6.121508637108465
5593445159.275453	-50.39169848728677	6.154025443832403
5593482635.852592	-50.59465671560651	6.1177997244921505
5593520112.429731	-50.46580405805689	6.134445421357729
5593557589.00687	-50.39145469366048	6.169080792899284
5593595065.58401	-50.65643895899306	6.160040681669111
5593632542.161149	-51.23978138649731	6.175658986502395
5593670018.738289	-50.55090904654303	6.16621079904106
5593707495.315428	-50.4487138223847	6.201247484991032
5593744971.892567	-50.33959222606582	6.185235269317392
5593782448.469707	-50.17729984878489	6.165161145564683
5593819925.046845	-50.38373450891143	6.207354084462792
5593857401.623985	-50.69149531227639	6.209620482032019
5593894878.201124	-51.03677478083863	6.208248708797128
5593932354.778264	-50.62901933473852	6.212509270845687
5593969831.355403	-50.67140364721217	6.21111598695596
5594007307.932542	-50.50282607944546	6.216713828744664
5594044784.509682	-50.241845104842014	6.228867462033397
5594082261.086821	-50.61168211593301	6.232842866867052
5594119737.66396	-50.8265541266335	6.247530793955637
5594157214.241099	-51.042508533936854	6.236892564830026
5594194690.818238	-50.647926279221394	6.23769184170405
5594232167.395378	-50.62581992249312	6.264622916813768
5594269643.972517	-50.78044749013749	6.235957312218702
5594307120.549657	-50.3374918206696	6.271983650625143
5594344597.126796	-50.80492117808244	6.290592507437149
5594382073.703935	-50.62510326089003	6.2766883114965974
5594419550.281075	-50.365351140399454	6.278078457031178
5594457026.858213	-50.45715113496306	6.281892028200358
5594494503.435353	-50.493591374545616	6.281432385451063
5594531980.012492	-50.363865282649705	6.290369418021805
5594569456.589631	-50.4475516964683	6.305661390054621
5594606933.166771	-50.738262811212984	6.321437939462634
5594644409.74391	-50.60767403622727	6.324396306467488
5594681886.32105	-50.25205678020484	6.3205140770613735
5594719362.898189	-50.4274012357865	6.31404032505116
5594756839.4753275	-50.940913711077485	6.321159867240592
5594794316.052467	-50.32516966684036	6.338231585539879
5594831792.629606	-50.754248816749914	6.324052400157527
5594869269.206746	-50.67893661501973	6.354303349612839
5594906745.783885	-50.0666306230748	6.334218059946039
5594944222.361024	-50.387153300753	6.363748869233648
5594981698.938164	-50.54165645768626	6.353763398583197
5595019175.515303	-50.668666084612255	6.355148391489682
5595056652.0924425	-50.782555905146495	6.386994270759392
5595094128.669581	-50.535141480766015	6.383947790274419
5595131605.246721	-50.521800092435825	6.381406775122339
5595169081.82386	-50.42508348748177	6.383340482707018
5595206558.400999	-51.139133745156265	6.408044941070768
5595244034.978139	-51.021025491306524	6.424120976578188
5595281511.555278	-50.41878873017012	6.421930740900313
5595318988.132418	-49.888424394309155	6.421673362805629
5595356464.709557	-50.38968765732419	6.4433161943551305
5595393941.2866955	-50.39846986667928	6.401239035240911
5595431417.863835	-50.683108194133304	6.423142840364774
5595468894.440974	-50.70611049912715	6.444487484427086
5595506371.018114	-50.83485727274817	6.444350325929328
5595543847.595253	-50.27757297879907	6.4311266982616395
5595581324.172392	-50.18419711617834	6.489353435193542
5595618800.749532	-50.7884604715806	6.435624407620277
5595656277.326671	-50.453255204727114	6.47686474288121
5595693753.9038105	-50.46046378892043	6.491665377869014
5595731230.480949	-50.539758602651396	6.4810883595233255
5595768707.058088	-50.418264964728195	6.487486436109584
5595806183.635228	-50.22919760342696	6.494591528629627
5595843660.212367	-50.6466543857545	6.505055609088648
5595881136.789507	-50.65456089640296	6.51268783965888
5595918613.366646	-50.338981067144665	6.499081667604575
5595956089.943785	-50.39181553598784	6.5253191438548495
5595993566.520925	-50.63032418753735	6.526009698706093
5596031043.098063	-49.897634856770495	6.540977096237405
5596068519.675203	-50.7338040207825	6.525318019858563
5596105996.252342	-50.52540723464648	6.526950144154664
5596143472.829481	-50.52568121977096	6.541922828731729
5596180949.406621	-50.42522861467462	6.547072487434704
5596218425.98376	-50.142492716029565	6.556513295690678
5596255902.5609	-50.56923972257042	6.560888610853846
5596293379.138039	-50.38770939718987	6.5692164270088975
5596330855.715178	-50.384209204249764	6.575634928292575
5596368332.292317	-50.70597916549323	6.584426284295059
5596405808.869456	-50.78085663611955	6.566372288302415
5596443285.446596	-50.35532642517994	6.600989580485253
5596480762.023735	-50.10108919013532	6.580322984284664
5596518238.600875	-50.75331045903972	6.59901647739726
5596555715.178014	-50.17775997569142	6.60771446417154
5596593191.755153	-50.824317974393395	6.605147198416446
5596630668.332293	-50.37408288495897	6.6090250987480905
5596668144.909431	-50.88402938866943	6.61855604239541
5596705621.486571	-50.5675942681437	6.643268745922843
5596743098.06371	-50.60880183810944	6.63119253188401
5596780574.640849	-50.735002175093946	6.658838366098003
5596818051.217989	-50.769283814854695	6.645862987001264
5596855527.795128	-50.56043187453339	6.638506293675096
5596893004.372268	-50.582990172818484	6.66905024507664
5596930480.949407	-50.96330039422572	6.688671314593572
5596967957.526546	-50.35004946406548	6.664595362782461
5597005434.103685	-50.592277902975724	6.697598591800856
5597042910.680824	-51.0552323275584	6.687562473807628
5597080387.257964	-50.472395979535804	6.714579790317462
5597117863.835103	-50.8848777591224	6.682548453898346
5597155340.412242	-50.41249215918329	6.710736252436699
5597192816.989382	-50.552063147303954	6.733084223226271
5597230293.566521	-50.56306297389241	6.7225531592676955
5597267770.143661	-50.62349325736058	6.719395383991723
5597305246.720799	-50.88866583486144	6.7364817823800776
5597342723.297938	-50.844765010190834	6.747186296804327
5597380199.875078	-50.84131833819253	6.7365214333289405
5597417676.452217	-51.13843004817583	6.737755397253589
5597455153.029357	-51.04638047362174	6.7578157095335545
5597492629.606496	-50.808405110305145	6.740137321912256
5597530106.183635	-50.599137393961854	6.770777356356831
5597567582.760775	-50.05658808281918	6.752479052867392
5597605059.3379135	-50.51897850887989	6.770756236802813
5597642535.915053	-50.577549340018564	6.774442877189303
5597680012.492192	-50.600178368359316	6.781127098459846
5597717489.069332	-50.64005342051851	6.775203399054924
5597754965.646471	-50.492176746842404	6.803020273026167
5597792442.22361	-50.75783078193619	6.801353176030855
5597829918.80075	-50.823834034160015	6.813346552872121
5597867395.377889	-50.84184991656269	6.821685009178713
5597904871.955029	-50.4711777577647	6.794998595271572
5597942348.532167	-50.62017113384631	6.815989227651463
5597979825.109306	-50.67648243668094	6.8137635938563665
5598017301.686446	-50.61498830037806	6.810654001358951
5598054778.263585	-50.93028569127419	6.8317351712103145
5598092254.840725	-50.72323259380123	6.824679883039148
5598129731.417864	-50.772628693040936	6.848080342771785
5598167207.995003	-50.22638059676637	6.866222523118404
5598204684.572143	-50.28717457332522	6.85238413759668
5598242161.1492815	-50.23218525541569	6.869701388331119
5598279637.726421	-50.85735253034719	6.854269074228531
5598317114.30356	-50.659665273137676	6.887076983323627
5598354590.880699	-50.69342102412812	6.887593609884905
5598392067.457839	-50.649403970220476	6.894836075828842
5598429544.034978	-50.288494855761776	6.8889564449388505
5598467020.612118	-50.96485167915578	6.893465390692894
5598504497.189257	-50.31669412207394	6.901475106378269
5598541973.766396	-50.79375272638187	6.892403000687182
5598579450.343535	-50.58270082737387	6.91226213327919
5598616926.920674	-50.495609698175926	6.940469154146934
5598654403.497814	-50.866795357007966	6.93121339544974
5598691880.074953	-50.83300247415964	6.942177145647194
5598729356.652092	-50.91650805539828	6.92505998899124
5598766833.229232	-51.04373537034781	6.9712195028241455
5598804309.806371	-50.633050170773416	6.925143795805022
5598841786.383511	-50.53063050981466	6.942253966233864
5598879262.9606495	-50.644712924703974	6.960058738000452
5598916739.537789	-50.44848451223725	6.9689323738047975
5598954216.114928	-50.86765455378357	6.951012099965038
5598991692.692067	-50.9747456363135	6.992724784088177
5599029169.269207	-50.86547333241599	6.965802930945763
5599066645.846346	-50.931859759548026	7.001019782525036
5599104122.423486	-50.643752446468724	7.00870331639291
5599141599.000625	-50.53287491209102	6.985289073988972
5599179075.577764	-51.03480027732818	6.992633307576084
5599216552.154903	-50.44714276214984	7.024914647331103
5599254028.732042	-50.74145870959128	7.004570936087844
5599291505.309182	-50.34938148092494	7.020762574845657
5599328981.886321	-50.29492352875834	7.026203957612703
5599366458.46346	-50.396049510769984	7.041502438884986
5599403935.0406	-50.86027103275502	7.0491156710048095
5599441411.617739	-50.84839577583688	7.066990932345577
5599478888.194879	-51.0066917297775	7.0637004876497
5599516364.7720175	-50.56879673015025	7.061192752088408
5599553841.349156	-50.75767347166794	7.06099463300138
5599591317.926296	-50.32947003684583	7.065182645839113
5599628794.503435	-50.911781534271505	7.1001054642678145
5599666271.080575	-50.63964303626837	7.074224195405518
5599703747.657714	-50.986827999772586	7.065963163103106
5599741224.234853	-50.19538499547273	7.08033904561442
5599778700.811993	-50.621253806429074	7.115114834889365
5599816177.389132	-50.68358619867386	7.0967711046500135
5599853653.966271	-51.05191991823342	7.110309031094733
5599891130.54341	-50.57518842136116	7.139325892881624
5599928607.120549	-50.991298855757954	7.147431704283155
5599966083.697689	-50.809765600422416	7.121157539679816
5600003560.274828	-50.947026749781884	7.144751541866501
5600041036.851968	-50.216183274384946	7.134188231380253
5600078513.429107	-50.89676671372657	7.141482415948038
5600115990.006247	-51.20912206818122	7.1518853088488665
5600153466.583385	-51.02717222456889	7.155541771679051
5600190943.160524	-50.377491221199875	7.163666141045191
5600228419.737664	-50.646901263331266	7.179554790109614
5600265896.314803	-50.39184704926464	7.180641404995549
5600303372.891943	-50.854472424058805	7.186615755736366
5600340849.469082	-51.13990140296689	7.197097240127314
5600378326.046221	-51.0009059788392	7.1788576532056165
5600415802.623361	-50.009436303690336	7.218830096967184
5600453279.2005	-50.94657549214772	7.182419586654721
5600490755.777639	-50.68994511461527	7.203808015002145
5600528232.354778	-50.83848033973748	7.186721121360123
5600565708.931917	-50.82264850759272	7.200374282793529
5600603185.509057	-50.9635612281333	7.2270852358474515
5600640662.086196	-50.813237444800535	7.2277876975762965
5600678138.663336	-51.04095036778831	7.228788404107771
5600715615.240475	-51.11083979036121	7.2210965197909776
5600753091.817614	-51.10218963067582	7.238603998654787
5600790568.394753	-50.59434026489909	7.23621147899476
5600828044.971892	-51.02349718018736	7.237938648924707
5600865521.549032	-50.75739846104838	7.232248363415641
5600902998.126171	-50.731962898738956	7.259633098937373
5600940474.70331	-50.60767590522162	7.25984780205702
5600977951.28045	-50.445086474476106	7.3084288499687675
5601015427.857589	-51.185477722494795	7.294662052727466
5601052904.434729	-50.83782821783035	7.28765903048567
5601090381.011868	-50.28520798331822	7.299645126407738
5601127857.589006	-50.253643649490044	7.322272003971721
5601165334.166146	-50.48682061351542	7.319169179126305
5601202810.743285	-50.613101522226145	7.310213261463357
5601240287.320425	-50.65222005897944	7.307130382521883
5601277763.897564	-50.694659846431954	7.341109649035692
5601315240.474703	-50.51568088058517	7.321997170266147
5601352717.051843	-50.81956954489539	7.332638170477065
5601390193.628982	-50.924122163776644	7.330617294438019
5601427670.206121	-50.93692105374571	7.356969711115216
5601465146.78326	-50.62666149463005	7.326133958254471
5601502623.3604	-50.8035990964537	7.3623928364575
5601540099.937539	-50.722225965417124	7.356233016586492
5601577576.514678	-50.285723057174465	7.365686451916494
5601615053.091818	-51.07171301882943	7.383540925303015
5601652529.668957	-50.579604120626634	7.361437058356371
5601690006.246097	-50.51147062193095	7.37808451774929
5601727482.8232355	-50.41179189976389	7.3870519815594635
5601764959.400374	-51.287146325274335	7.401946357588862
5601802435.977514	-50.65249655915621	7.403389599257791
5601839912.554653	-50.68236024954696	7.398836990992333
5601877389.131793	-50.83000224852072	7.427198990021802
5601914865.708932	-50.946849557488456	7.414105596298702
5601952342.286071	-50.82339143316156	7.429284670553943
5601989818.863211	-50.85752460122218	7.423260054614434
5602027295.44035	-50.62453014706947	7.439796006674816
5602064772.017489	-50.92393055662339	7.4395292863380735
5602102248.594628	-50.51247351302786	7.458044391168332
5602139725.171767	-50.473576395023	7.466927354784793
5602177201.748907	-50.25522132506695	7.457055373821636
5602214678.326046	-51.304712318822524	7.456766722467416
5602252154.903186	-49.92750437429266	7.461704488492713
5602289631.480325	-50.66248402033417	7.482489414338474
5602327108.057464	-51.04456137842987	7.481081142281276
5602364584.6346035	-50.68680760130091	7.495598817389873
5602402061.211742	-50.71220248350441	7.508124828929841
5602439537.788882	-50.86261351227825	7.486415896454358
5602477014.366021	-51.04326068538888	7.496961618053344
5602514490.94316	-50.42478306863289	7.5087451332884125
5602551967.5203	-51.22866716825729	7.498460899773356
5602589444.097439	-50.92234498218838	7.517622838554637
5602626920.674579	-50.39249319760259	7.526209204783289
5602664397.251718	-51.168035581422025	7.529300528668152
5602701873.828857	-49.97760100471001	7.543500734766588
5602739350.405996	-50.480854304067144	7.518166117381544
5602776826.983135	-51.19359478737817	7.542224381925371
5602814303.560275	-50.01144870782487	7.582184775788725
5602851780.137414	-50.473770088458004	7.556021491669539
5602889256.714554	-50.55024764957393	7.570583624055734
5602926733.291693	-50.673631356403035	7.568530453934998
5602964209.868832	-50.730456747725334	7.56511673563795
5603001686.4459715	-50.74548610283724	7.5694045344582745
5603039163.02311	-50.757548032517775	7.588952149518826
5603076639.60025	-50.923666247465576	7.605608135654224
5603114116.177389	-50.99751498000157	7.597126597214377
5603151592.754528	-50.10490890566797	7.606912488152336
5603189069.331668	-50.82531773089186	7.600463458748989
5603226545.908807	-51.0311154400498	7.611531955082527
5603264022.485947	-51.14676595563481	7.624000431694634
5603301499.063086	-50.86635502451397	7.63359931996562
5603338975.640224	-50.70444556495566	7.644607365362937
5603376452.217364	-50.82317803945797	7.6717039138318714
5603413928.794503	-51.06583965671731	7.621239804254803
5603451405.371643	-50.33835793636189	7.662070872974184
5603488881.948782	-50.80876774707657	7.649939144009314
5603526358.525921	-50.86964257774842	7.6527127625536995
5603563835.103061	-50.64214040836612	7.678620849117058
5603601311.6802	-50.37076046825505	7.679705719360881
5603638788.2573395	-50.926504635980265	7.681510797007027
5603676264.834478	-51.200877006587895	7.672610650505101
5603713741.411617	-50.49592692860426	7.692502969507096
5603751217.988757	-51.01266311102398	7.701744492768408
5603788694.565896	-50.9325820425931	7.695137516338982
5603826171.143036	-50.792825199881015	7.7379479855925055
5603863647.720175	-50.98588637542988	7.725897066823746
5603901124.297315	-50.90208500419845	7.700435963965943
5603938600.874454	-50.478316166428755	7.702095863931894
5603976077.451592	-50.30653045468618	7.742898650062161
5604013554.028732	-51.01274048175774	7.731996298928086
5604051030.605871	-51.041633831901414	7.7383618581752085
5604088507.183011	-50.687412284389666	7.753838699928667
5604125983.76015	-50.86124961368705	7.746004952090876
5604163460.337289	-50.7980479168375	7.751788856008755
5604200936.914429	-50.47361344101053	7.762063307033891
5604238413.491568	-50.76800040906318	7.7728833083562385
5604275890.068707	-51.026487950362124	7.766960626146334
5604313366.645846	-50.45535304061997	7.77893155531853
5604350843.222985	-50.92238410394322	7.802684648567412
5604388319.800125	-51.118589752559316	7.791087651473008
5604425796.377264	-51.00288286121849	7.814079892251445
5604463272.954404	-51.56915500068662	7.8078567327436526
5604500749.531543	-50.204862787881304	7.796072779422298
5604538226.108682	-50.71547222695421	7.793936647740537
5604575702.685822	-50.62009730485584	7.841748069151264
5604613179.26296	-50.93698833029636	7.817276779727527
5604650655.8401	-50.835021980961834	7.84714473831715
5604688132.417239	-50.471092809003224	7.821535785765043
5604725608.994378	-50.744441380270715	7.829200815987043
5604763085.571518	-50.520036964414565	7.835731846333121
5604800562.148657	-51.1589179185556	7.844344244416989
5604838038.725797	-50.68714522171309	7.862437176878602
5604875515.302936	-51.02048126497784	7.856945298295828
5604912991.8800745	-50.31648427762512	7.904351691636927
5604950468.457214	-50.94860321561518	7.88311645088687
5604987945.034353	-50.92436952081221	7.881162769752345
5605025421.611493	-51.0009037371616	7.889508459558247
5605062898.188632	-50.96075604246639	7.900768770319539
5605100374.765772	-51.265406087462296	7.896095572829751
5605137851.342911	-50.64199978588975	7.915036931591159
5605175327.92005	-51.07312474850951	7.907901221078925
5605212804.4971895	-50.73637740914747	7.927697527432793
5605250281.074328	-50.892849218203544	7.9079814294762425
5605287757.651468	-50.85004301529495	7.945172723794448
5605325234.228607	-50.408700495117785	7.9201453104237975
5605362710.805746	-50.53652653308081	7.935878482388155
5605400187.382886	-50.72659904109892	7.949135519971099
5605437663.960025	-51.05394097178734	7.963638596355892
5605475140.537165	-50.524835476678014	7.948450718037432
5605512617.114304	-50.62961968610389	7.967002005449687
5605550093.6914425	-50.639171907721845	7.9510329800810045
5605587570.268582	-50.483207367117714	7.970832269529396
5605625046.845721	-51.01952473160719	7.97402817451579
