199181
201200
199862
296189
198746
198107
204291
198265
196288
204113
197799
199801
207190
198697
56807
205972
342064
198423
196805
196893
200394
201013
231376
211383
199660
199877
375870
354150
208871
198642
198992
214929
200743
201941
199566
198170
197186
200719
268148
201379
198956
198102
199818
198962
197863
200417
196150
351337
197340
198388
200317
198988
205847
198162
198110
208475
90751
298591
196751
199726
199190
206630
197297
197325
197267
198232
199327
202142
34336
197543
39922
200710
235390
115368
198926
196738
197372
120488
198219
196917
209187
379584
198909
201897
203884
199297
198125
197109
198103
224387
212179
195418
203405
197662
200659
196302
344421
69080
200412
200028
196801
197863
90173
197670
198802
197059
213019
199360
199170
210896
202834
389954
76758
248279
237083
140484
263010
190683
197384
220570
131059
196000
198841
200891
198701
244430
198472
197915
187787
215591
196453
248014
203774
197897
196999
196519
197919
197010
196852
197801
282592
199938
199538
198932
343923
199203
47785
198073
198525
198011
201060
81337
195131
373981
198592
196586
198252
198371
202066
195858
198947
199245
206914
203927
197003
197333
24491
199383
196797
198198
198004
200078
199626
210394
196679
196372
198158
197787
198989
198923
198190
252823
198520
199364
149526
212405
201912
41609
212809
198466
196211
198094
208227
195369
198824
250741
199029
199243
202136
196143
198622
205422
170095
193148
383278
198064
195276
200613
197351
203656
225927
26218
69369
310905
346414
198641
196494
217313
196748
102737
205474
200011
198413
375881
197246
198877
196912
197545
309101
196754
198697
197355
198162
206692
202643
196936
198387
206586
45020
198493
198380
195350
198757
196886
199938
197679
197921
195980
198916
347188
201067
197464
196935
196969
195670
197348
310176
385927
198438
201049
198647
34719
201738
218112
198667
197835
199076
197523
212999
198944
209534
198318
193386
209907
201166
199518
197821
204182
200238
199252
199416
196278
201255
75378
197029
196158
271717
199120
196653
195800
198624
197625
96857
276886
200579
198906
197995
211803
196985
198616