F	I	Q
6251.435189881324	0.08806610107421875	0.002025604248046875
12497.531379762648	0.08892822265625	0.001766204833984375
18743.627569643973	0.08856582641601562	0.0011749267578125
24989.723759525295	0.08800125122070312	0.001674652099609375
31235.81994940662	0.08839035034179688	0.001483917236328125
37481.91613928795	0.0875244140625	-6.4849853515625e-05
43728.01232916927	0.08817291259765625	0.001071929931640625
49974.10851905059	0.08746719360351562	0.00115203857421875
56220.20470893192	0.0886993408203125	0.000385284423828125
62466.30089881324	0.08768081665039062	0.000446319580078125
68712.39708869458	0.08714675903320312	-0.000751495361328125
74958.4932785759	0.08804702758789062	-0.000484466552734375
81204.58946845723	0.08881759643554688	-0.00112152099609375
87450.68565833855	0.08901214599609375	-0.001483917236328125
93696.78184821986	0.08818435668945312	-0.002155303955078125
99942.87803810119	0.0868377685546875	-0.00231170654296875
106188.97422798252	0.0885467529296875	-0.002040863037109375
112435.07041786384	0.08791351318359375	-0.0023040771484375
118681.16660774517	0.087677001953125	-0.002349853515625
124927.26279762649	0.08679962158203125	-0.003444671630859375
131173.35898750782	0.087860107421875	-0.003444671630859375
137419.45517738914	0.0869903564453125	-0.0031890869140625
143665.55136727047	0.08805465698242188	-0.004589080810546875
149911.6475571518	0.08834457397460938	-0.00371551513671875
156157.74374703312	0.087188720703125	-0.00473785400390625
162403.83993691445	0.08811187744140625	-0.00409698486328125
168649.93612679577	0.08776473999023438	-0.00502777099609375
174896.0323166771	0.08650588989257812	-0.004833221435546875
181142.1285065584	0.08906936645507812	-0.005352020263671875
187388.22469643972	0.08803558349609375	-0.006229400634765625
193634.32088632105	0.08824539184570312	-0.005413055419921875
199880.41707620237	0.08805084228515625	-0.006633758544921875
206126.5132660837	0.08721542358398438	-0.00626373291015625
212372.60945596502	0.08726119995117188	-0.006633758544921875
218618.70564584635	0.0880126953125	-0.006679534912109375
224864.80183572767	0.08739852905273438	-0.006885528564453125
231110.898025609	0.08784866333007812	-0.007999420166015625
237356.99421549033	0.08681488037109375	-0.0075225830078125
243603.09040537165	0.08742523193359375	-0.008785247802734375
249849.18659525298	0.08655929565429688	-0.007251739501953125
256095.2827851343	0.08712005615234375	-0.00885772705078125
262341.3789750156	0.08787155151367188	-0.0088653564453125
268587.4751648969	0.08662033081054688	-0.009090423583984375
274833.57135477825	0.08747100830078125	-0.009002685546875
281079.6675446596	0.08857345581054688	-0.009433746337890625
287325.7637345409	0.0883941650390625	-0.0094146728515625
293571.8599244222	0.08688735961914062	-0.00998687744140625
299817.95611430355	0.08680343627929688	-0.0108795166015625
306064.0523041849	0.08691024780273438	-0.012157440185546875
312310.1484940662	0.08665847778320312	-0.011859893798828125
318556.24468394753	0.0864105224609375	-0.011157989501953125
324802.34087382886	0.08678054809570312	-0.011447906494140625
331048.4370637102	0.0864410400390625	-0.012683868408203125
337294.5332535915	0.08710479736328125	-0.012691497802734375
343540.62944347283	0.08580780029296875	-0.011600494384765625
349786.72563335416	0.08641433715820312	-0.012302398681640625
356032.8218232355	0.08620071411132812	-0.0131683349609375
362278.91801311675	0.08568191528320312	-0.012783050537109375
368525.0142029981	0.08679580688476562	-0.012195587158203125
374771.1103928794	0.08618927001953125	-0.014179229736328125
381017.20658276073	0.0856781005859375	-0.014495849609375
387263.30277264206	0.086944580078125	-0.014942169189453125
393509.3989625234	0.08621978759765625	-0.014476776123046875
399755.4951524047	0.08597183227539062	-0.014545440673828125
406001.59134228603	0.08642578125	-0.014598846435546875
412247.68753216736	0.08663177490234375	-0.015079498291015625
418493.7837220487	0.08617782592773438	-0.01500701904296875
424739.87991193	0.08663177490234375	-0.01551055908203125
430985.97610181133	0.08516693115234375	-0.015537261962890625
437232.07229169266	0.08580780029296875	-0.015529632568359375
443478.168481574	0.0859375	-0.01700592041015625
449724.2646714553	0.08509445190429688	-0.01764678955078125
455970.36086133664	0.085662841796875	-0.01761627197265625
462216.45705121796	0.08599853515625	-0.0182342529296875
468462.5532410993	0.0858612060546875	-0.017436981201171875
474708.6494309806	0.08586883544921875	-0.018123626708984375
480954.74562086194	0.0847015380859375	-0.0182952880859375
487200.84181074327	0.0856475830078125	-0.0184478759765625
493446.9380006246	0.08539962768554688	-0.019908905029296875
499693.0341905059	0.08466720581054688	-0.019077301025390625
505939.13038038724	0.08551788330078125	-0.01972198486328125
512185.22657026857	0.0845794677734375	-0.019542694091796875
518431.3227601499	0.08395767211914062	-0.01961517333984375
524677.4189500313	0.0837249755859375	-0.018520355224609375
530923.5151399126	0.0847320556640625	-0.021030426025390625
537169.6113297939	0.083709716796875	-0.021484375
543415.7075196753	0.08404541015625	-0.020496368408203125
549661.8037095566	0.08482742309570312	-0.0216522216796875
555907.8998994379	0.08494186401367188	-0.02185821533203125
562153.9960893192	0.08489990234375	-0.021732330322265625
568400.0922792006	0.08384323120117188	-0.02231597900390625
574646.1884690819	0.08501815795898438	-0.02288818359375
580892.2846589632	0.083526611328125	-0.023349761962890625
587138.3808488445	0.0839691162109375	-0.022434234619140625
593384.4770387259	0.08388519287109375	-0.024204254150390625
599630.5732286072	0.08446502685546875	-0.022686004638671875
605876.6694184885	0.08339691162109375	-0.024829864501953125
612122.7656083698	0.08424758911132812	-0.024272918701171875
618368.8617982512	0.08322525024414062	-0.024639129638671875
624614.9579881325	0.0834197998046875	-0.024120330810546875
630861.0541780138	0.083038330078125	-0.0262908935546875
637107.1503678951	0.0846710205078125	-0.0247802734375
643353.2465577765	0.08319091796875	-0.024776458740234375
649599.3427476578	0.08233642578125	-0.02455902099609375
655845.4389375391	0.08261871337890625	-0.026203155517578125
662091.5351274204	0.08291244506835938	-0.026477813720703125
668337.6313173018	0.08267974853515625	-0.027751922607421875
674583.7275071831	0.08294296264648438	-0.027099609375
680829.8236970644	0.08112716674804688	-0.026760101318359375
687075.9198869457	0.08216094970703125	-0.026477813720703125
693322.0160768271	0.08196640014648438	-0.027370452880859375
699568.1122667084	0.082366943359375	-0.02759552001953125
705814.2084565897	0.08124542236328125	-0.02805328369140625
712060.304646471	0.08297348022460938	-0.028354644775390625
718306.4008363523	0.08196258544921875	-0.02861785888671875
724552.4970262336	0.08218002319335938	-0.0284423828125
730798.5932161149	0.08154296875	-0.02863311767578125
737044.6894059962	0.080810546875	-0.028209686279296875
743290.7855958776	0.08240890502929688	-0.029636383056640625
749536.8817857589	0.08106613159179688	-0.029361724853515625
755782.9779756402	0.08119964599609375	-0.0298614501953125
762029.0741655215	0.08184814453125	-0.030673980712890625
768275.1703554029	0.0815887451171875	-0.03107452392578125
774521.2665452842	0.0804595947265625	-0.029720306396484375
780767.3627351655	0.08143234252929688	-0.03049468994140625
787013.4589250468	0.08061599731445312	-0.032108306884765625
793259.5551149282	0.0809783935546875	-0.031230926513671875
799505.6513048095	0.0801544189453125	-0.031894683837890625
805751.7474946908	0.080078125	-0.032215118408203125
811997.8436845721	0.079742431640625	-0.032199859619140625
818243.9398744535	0.08097076416015625	-0.031871795654296875
824490.0360643348	0.0794830322265625	-0.032321929931640625
830736.1322542161	0.08028411865234375	-0.03301239013671875
836982.2284440974	0.07999038696289062	-0.033336639404296875
843228.3246339788	0.0803680419921875	-0.033557891845703125
849474.4208238601	0.07966995239257812	-0.03411102294921875
855720.5170137414	0.0791778564453125	-0.03369903564453125
861966.6132036228	0.07906723022460938	-0.0341339111328125
868212.7093935041	0.07874298095703125	-0.03417205810546875
874458.8055833854	0.07871246337890625	-0.033329010009765625
880704.9017732667	0.07861709594726562	-0.03527069091796875
886950.997963148	0.07912826538085938	-0.035266876220703125
893197.0941530294	0.07838821411132812	-0.035003662109375
899443.1903429107	0.07957077026367188	-0.0362396240234375
905689.286532792	0.07860183715820312	-0.03643035888671875
911935.3827226734	0.07829666137695312	-0.0364227294921875
918181.4789125547	0.07724761962890625	-0.036590576171875
924427.575102436	0.0781097412109375	-0.03717041015625
930673.6712923173	0.07689666748046875	-0.037570953369140625
936919.7674821987	0.07737350463867188	-0.03655242919921875
943165.86367208	0.07726287841796875	-0.038951873779296875
949411.9598619613	0.0771331787109375	-0.03815460205078125
955658.0560518426	0.07686233520507812	-0.037841796875
961904.152241724	0.0777435302734375	-0.038799285888671875
968150.2484316053	0.07715606689453125	-0.038726806640625
974396.3446214866	0.07621383666992188	-0.0401153564453125
980642.4408113679	0.07577133178710938	-0.03973388671875
986888.5370012493	0.07596206665039062	-0.039638519287109375
993134.6331911306	0.0775146484375	-0.040210723876953125
999380.7293810119	0.07579421997070312	-0.039852142333984375
1005626.8255708932	0.07566452026367188	-0.03957366943359375
1011872.9217607746	0.07561111450195312	-0.040729522705078125
1018119.0179506559	0.07613372802734375	-0.0413055419921875
1024365.1141405372	0.07511138916015625	-0.04058074951171875
1030611.2103304185	0.07503128051757812	-0.041412353515625
1036857.3065202999	0.0745391845703125	-0.040256500244140625
1043103.4027101812	0.0751190185546875	-0.042278289794921875
1049349.4989000624	0.07477569580078125	-0.041538238525390625
1055595.5950899436	0.07534027099609375	-0.041217803955078125
1061841.691279825	0.07440948486328125	-0.041461944580078125
1068087.7874697063	0.07339859008789062	-0.042461395263671875
1074333.8836595877	0.0742950439453125	-0.043437957763671875
1080579.979849469	0.07345199584960938	-0.043201446533203125
1086826.0760393504	0.07386398315429688	-0.043079376220703125
1093072.1722292316	0.0738677978515625	-0.0428466796875
1099318.268419113	0.07402801513671875	-0.044239044189453125
1105564.3646089942	0.07516098022460938	-0.04462432861328125
1111810.4607988757	0.07345199584960938	-0.043437957763671875
1118056.5569887569	0.07404708862304688	-0.045223236083984375
1124302.6531786383	0.07257080078125	-0.044277191162109375
1130548.7493685195	0.07225418090820312	-0.043903350830078125
1136794.845558401	0.07225418090820312	-0.04534149169921875
1143040.9417482822	0.072418212890625	-0.044422149658203125
1149287.0379381636	0.07260513305664062	-0.045680999755859375
1155533.1341280448	0.072509765625	-0.044925689697265625
1161779.2303179263	0.0731201171875	-0.046314239501953125
1168025.3265078075	0.07190322875976562	-0.046382904052734375
1174271.422697689	0.07089996337890625	-0.04613494873046875
1180517.5188875701	0.07091140747070312	-0.04555511474609375
1186763.6150774516	0.07108306884765625	-0.04569244384765625
1193009.7112673328	0.07138824462890625	-0.047183990478515625
1199255.8074572142	0.07011032104492188	-0.04647064208984375
1205501.9036470954	0.06995773315429688	-0.047275543212890625
1211747.9998369769	0.06961441040039062	-0.0472869873046875
1217994.096026858	0.07006072998046875	-0.0476226806640625
1224240.1922167395	0.06958389282226562	-0.048015594482421875
1230486.2884066207	0.07051849365234375	-0.04824066162109375
1236732.3845965022	0.06944656372070312	-0.0480499267578125
1242978.4807863834	0.0691986083984375	-0.048587799072265625
1249224.5769762648	0.068756103515625	-0.048755645751953125
1255470.673166146	0.06883621215820312	-0.048549652099609375
1261716.7693560275	0.0681304931640625	-0.048351287841796875
1267962.8655459087	0.06814956665039062	-0.049015045166015625
1274208.9617357901	0.0680999755859375	-0.049404144287109375
1280455.0579256713	0.0673370361328125	-0.0498504638671875
1286701.1541155528	0.06750106811523438	-0.0490570068359375
1292947.250305434	0.06723785400390625	-0.04912567138671875
1299193.3464953154	0.06769561767578125	-0.04974365234375
1305439.4426851966	0.0678558349609375	-0.049701690673828125
1311685.538875078	0.0667724609375	-0.049686431884765625
1317931.6350649593	0.06632614135742188	-0.050472259521484375
1324177.7312548407	0.06742095947265625	-0.05127716064453125
1330423.827444722	0.067291259765625	-0.0504913330078125
1336669.9236346034	0.06591796875	-0.050746917724609375
1342916.0198244846	0.06545257568359375	-0.052112579345703125
1349162.116014366	0.06619644165039062	-0.0523834228515625
1355408.2122042472	0.06571197509765625	-0.051593780517578125
1361654.3083941287	0.06557464599609375	-0.051792144775390625
1367900.40458401	0.06518173217773438	-0.052593231201171875
1374146.5007738913	0.06520843505859375	-0.053005218505859375
1380392.5969637726	0.06608963012695312	-0.052410125732421875
1386638.693153654	0.06522750854492188	-0.051952362060546875
1392884.7893435352	0.06520843505859375	-0.053478240966796875
1399130.8855334166	0.0643768310546875	-0.052936553955078125
1405376.9817232979	0.06522369384765625	-0.0533294677734375
1411623.0779131793	0.06288909912109375	-0.053668975830078125
1417869.1741030605	0.06389617919921875	-0.05344390869140625
1424115.270292942	0.06368255615234375	-0.054683685302734375
1430361.3664828232	0.06348800659179688	-0.055126190185546875
1436607.4626727044	0.06302261352539062	-0.0549774169921875
1442853.5588625858	0.06259918212890625	-0.05442047119140625
1449099.655052467	0.06309890747070312	-0.0565032958984375
1455345.7512423485	0.062591552734375	-0.054355621337890625
1461591.8474322297	0.06251144409179688	-0.055187225341796875
1467837.943622111	0.062652587890625	-0.055728912353515625
1474084.0398119923	0.0616607666015625	-0.0560150146484375
1480330.1360018738	0.061687469482421875	-0.055408477783203125
1486576.232191755	0.061260223388671875	-0.056362152099609375
1492822.3283816364	0.061656951904296875	-0.05617523193359375
1499068.4245715176	0.061405181884765625	-0.05694580078125
1505314.520761399	0.061885833740234375	-0.056842803955078125
1511560.6169512803	0.061115264892578125	-0.056453704833984375
1517806.7131411617	0.060779571533203125	-0.0562744140625
1524052.809331043	0.061305999755859375	-0.056476593017578125
1530298.9055209244	0.05979156494140625	-0.05728912353515625
1536545.0017108056	0.059490203857421875	-0.057559967041015625
1542791.097900687	0.0601348876953125	-0.057346343994140625
1549037.1940905682	0.0582427978515625	-0.057826995849609375
1555283.2902804497	0.058086395263671875	-0.058246612548828125
1561529.3864703309	0.058338165283203125	-0.05838775634765625
1567775.4826602123	0.058788299560546875	-0.0592193603515625
1574021.5788500935	0.05764007568359375	-0.058391571044921875
1580267.675039975	0.0577392578125	-0.0585479736328125
1586513.7712298562	0.058563232421875	-0.058269500732421875
1592759.8674197376	0.05859375	-0.05889129638671875
1599005.9636096188	0.05852508544921875	-0.059600830078125
1605252.0597995003	0.05783843994140625	-0.058712005615234375
1611498.1559893815	0.057186126708984375	-0.06026458740234375
1617744.252179263	0.05718231201171875	-0.060665130615234375
1623990.3483691441	0.05648040771484375	-0.060268402099609375
1630236.4445590256	0.0571136474609375	-0.060665130615234375
1636482.5407489068	0.055755615234375	-0.060665130615234375
1642728.6369387882	0.05704498291015625	-0.060802459716796875
1648974.7331286694	0.055896759033203125	-0.061382293701171875
1655220.8293185509	0.055454254150390625	-0.06064605712890625
1661466.925508432	0.05507659912109375	-0.06103515625
1667713.0216983135	0.055179595947265625	-0.06159210205078125
1673959.1178881947	0.054248809814453125	-0.061084747314453125
1680205.2140780762	0.054851531982421875	-0.062145233154296875
1686451.3102679574	0.055328369140625	-0.062160491943359375
1692697.4064578388	0.0545654296875	-0.062419891357421875
1698943.50264772	0.054149627685546875	-0.06267929077148438
1705189.5988376015	0.05329132080078125	-0.062053680419921875
1711435.6950274827	0.05267333984375	-0.062419891357421875
1717681.7912173641	0.053066253662109375	-0.062774658203125
1723927.8874072453	0.054035186767578125	-0.06328201293945312
1730173.9835971268	0.053607940673828125	-0.0630035400390625
1736420.079787008	0.052616119384765625	-0.062343597412109375
1742666.1759768894	0.052501678466796875	-0.06332778930664062
1748912.2721667707	0.051239013671875	-0.06352996826171875
1755158.368356652	0.051860809326171875	-0.06403732299804688
1761404.4645465333	0.050281524658203125	-0.06296157836914062
1767650.5607364147	0.05152130126953125	-0.06360626220703125
1773896.656926296	0.050922393798828125	-0.0646820068359375
1780142.7531161774	0.050830841064453125	-0.06475067138671875
1786388.8493060586	0.050510406494140625	-0.064971923828125
1792634.94549594	0.0500030517578125	-0.06466293334960938
1798881.0416858213	0.049968719482421875	-0.06462478637695312
1805127.1378757027	0.04950714111328125	-0.06647491455078125
1811373.234065584	0.0500030517578125	-0.0649871826171875
1817619.3302554653	0.049060821533203125	-0.06545639038085938
1823865.4264453466	0.048618316650390625	-0.06491851806640625
1830111.522635228	0.04938507080078125	-0.06695938110351562
1836357.6188251092	0.04920196533203125	-0.06598281860351562
1842603.7150149907	0.0482025146484375	-0.0655975341796875
1848849.8112048719	0.047702789306640625	-0.06548690795898438
1855095.9073947533	0.0478515625	-0.06600570678710938
1861342.0035846345	0.0474700927734375	-0.06727218627929688
1867588.099774516	0.047634124755859375	-0.06612396240234375
1873834.1959643972	0.04705810546875	-0.067108154296875
1880080.2921542786	0.046306610107421875	-0.0665435791015625
1886326.3883441598	0.04569244384765625	-0.06754302978515625
1892572.4845340413	0.04666900634765625	-0.0666046142578125
1898818.5807239225	0.046695709228515625	-0.06671524047851562
1905064.6769138037	0.04638671875	-0.06706619262695312
1911310.7731036851	0.0458831787109375	-0.06744766235351562
1917556.8692935663	0.04508209228515625	-0.0661163330078125
1923802.9654834478	0.04398345947265625	-0.06900787353515625
1930049.061673329	0.044933319091796875	-0.06799697875976562
1936295.1578632104	0.045299530029296875	-0.0677642822265625
1942541.2540530916	0.045581817626953125	-0.06781768798828125
1948787.350242973	0.04387664794921875	-0.06754302978515625
1955033.4464328543	0.043949127197265625	-0.06817245483398438
1961279.5426227357	0.043392181396484375	-0.06786727905273438
1967525.638812617	0.043212890625	-0.06938552856445312
1973771.7350024984	0.0422210693359375	-0.06811904907226562
1980017.8311923796	0.0430450439453125	-0.06927108764648438
1986263.927382261	0.0422210693359375	-0.06855010986328125
1992510.0235721422	0.041316986083984375	-0.06843185424804688
1998756.1197620237	0.0424346923828125	-0.06815719604492188
2005002.215951905	0.041027069091796875	-0.06901931762695312
2011248.3121417863	0.0412445068359375	-0.0695343017578125
2017494.4083316675	0.040699005126953125	-0.06942367553710938
2023740.504521549	0.040866851806640625	-0.06899642944335938
2029986.6007114302	0.040637969970703125	-0.06991958618164062
2036232.6969013116	0.040924072265625	-0.0686798095703125
2042478.7930911928	0.040355682373046875	-0.06970977783203125
2048724.8892810743	0.03974151611328125	-0.0699310302734375
2054970.9854709555	0.0387420654296875	-0.0697021484375
2061217.081660837	0.039371490478515625	-0.07016754150390625
2067463.1778507181	0.038814544677734375	-0.07126617431640625
2073709.2740405996	0.03888702392578125	-0.07149505615234375
2079955.3702304808	0.03777313232421875	-0.0701751708984375
2086201.4664203622	0.03820037841796875	-0.06992721557617188
2092447.5626102434	0.037357330322265625	-0.06924057006835938
2098693.658800125	0.03769683837890625	-0.07118606567382812
2104939.7549900063	0.037456512451171875	-0.07184600830078125
2111185.8511798875	0.037105560302734375	-0.07136917114257812
2117431.947369769	0.037418365478515625	-0.07122039794921875
2123678.0435596504	0.036327362060546875	-0.07111740112304688
2129924.1397495316	0.036273956298828125	-0.0706329345703125
2136170.235939413	0.035831451416015625	-0.07118606567382812
2142416.3321292945	0.03653717041015625	-0.07116317749023438
2148662.4283191757	0.0341033935546875	-0.07126235961914062
2154908.524509057	0.036075592041015625	-0.07157135009765625
2161154.620698938	0.033901214599609375	-0.07134628295898438
2167400.71688882	0.03459930419921875	-0.07173538208007812
2173646.813078701	0.0330352783203125	-0.07132720947265625
2179892.9092685822	0.033924102783203125	-0.07213973999023438
2186139.0054584634	0.032939910888671875	-0.072052001953125
2192385.101648345	0.032711029052734375	-0.07155227661132812
2198631.1978382263	0.03246307373046875	-0.07173538208007812
2204877.2940281075	0.032649993896484375	-0.072357177734375
2211123.3902179888	0.031925201416015625	-0.071685791015625
2217369.4864078704	0.03276824951171875	-0.07181167602539062
2223615.5825977516	0.03186798095703125	-0.0722198486328125
2229861.678787633	0.03155517578125	-0.07160568237304688
2236107.774977514	0.0316619873046875	-0.07271575927734375
2242353.8711673957	0.0301055908203125	-0.07324600219726562
2248599.967357277	0.03108978271484375	-0.0725860595703125
2254846.063547158	0.030086517333984375	-0.0728912353515625
2261092.1597370394	0.030231475830078125	-0.07277297973632812
2267338.255926921	0.030345916748046875	-0.07215499877929688
2273584.3521168022	0.0281982421875	-0.07144546508789062
2279830.4483066835	0.0285797119140625	-0.07228851318359375
2286076.5444965647	0.02797698974609375	-0.072509765625
2292322.6406864463	0.02838134765625	-0.0731658935546875
2298568.7368763275	0.02826690673828125	-0.07296371459960938
2304814.8330662088	0.027263641357421875	-0.07321548461914062
2311060.92925609	0.027896881103515625	-0.07288742065429688
2317307.0254459716	0.02754974365234375	-0.073760986328125
2323553.121635853	0.027050018310546875	-0.07259750366210938
2329799.217825734	0.027088165283203125	-0.07387542724609375
2336045.3140156153	0.027004241943359375	-0.07297897338867188
2342291.410205497	0.02574920654296875	-0.07303237915039062
2348537.506395378	0.02587127685546875	-0.0727691650390625
2354783.6025852594	0.025146484375	-0.07326507568359375
2361029.6987751406	0.02568817138671875	-0.07289886474609375
2367275.7949650222	0.025035858154296875	-0.07393264770507812
2373521.8911549035	0.0232086181640625	-0.07310867309570312
2379767.9873447847	0.023712158203125	-0.07378768920898438
2386014.083534666	0.023632049560546875	-0.07368087768554688
2392260.179724547	0.024261474609375	-0.07304000854492188
2398506.2759144288	0.023590087890625	-0.07350540161132812
2404752.37210431	0.022274017333984375	-0.0728912353515625
2410998.468294191	0.022457122802734375	-0.07390975952148438
2417244.5644840724	0.022441864013671875	-0.0743408203125
2423490.660673954	0.022396087646484375	-0.0736541748046875
2429736.7568638353	0.0221710205078125	-0.07344818115234375
2435982.8530537165	0.022487640380859375	-0.073455810546875
2442228.9492435977	0.021846771240234375	-0.07373428344726562
2448475.0454334794	0.020282745361328125	-0.07375335693359375
2454721.1416233606	0.02053070068359375	-0.07485580444335938
2460967.237813242	0.02011871337890625	-0.07497406005859375
2467213.334003123	0.020183563232421875	-0.074249267578125
2473459.4301930047	0.02046966552734375	-0.07356643676757812
2479705.526382886	0.019542694091796875	-0.074249267578125
2485951.622572767	0.01882171630859375	-0.07443618774414062
2492197.7187626483	0.0194549560546875	-0.07367706298828125
2498443.81495253	0.019222259521484375	-0.07318115234375
2504689.911142411	0.0174713134765625	-0.07505035400390625
2510936.0073322924	0.018077850341796875	-0.07320404052734375
2517182.1035221736	0.017543792724609375	-0.07316207885742188
2523428.1997120553	0.01770782470703125	-0.07282257080078125
2529674.2959019365	0.016815185546875	-0.07427978515625
2535920.3920918177	0.016399383544921875	-0.07337188720703125
2542166.488281699	0.016021728515625	-0.07353973388671875
2548412.5844715806	0.016452789306640625	-0.0745697021484375
2554658.680661462	0.015766143798828125	-0.0744781494140625
2560904.776851343	0.01593017578125	-0.0731353759765625
2567150.873041224	0.015888214111328125	-0.07375335693359375
2573396.969231106	0.015514373779296875	-0.07380294799804688
2579643.065420987	0.0135345458984375	-0.07391357421875
2585889.1616108683	0.014080047607421875	-0.07396316528320312
2592135.2578007495	0.01480865478515625	-0.07375717163085938
2598381.353990631	0.012767791748046875	-0.07424163818359375
2604627.4501805124	0.012866973876953125	-0.07396316528320312
2610873.5463703936	0.01290130615234375	-0.07404327392578125
2617119.642560275	0.01348114013671875	-0.0741729736328125
2623365.7387501565	0.012241363525390625	-0.07378768920898438
2629611.8349400377	0.01192474365234375	-0.07424545288085938
2635857.931129919	0.01091766357421875	-0.07421875
2642104.0273198	0.01166534423828125	-0.07400894165039062
2648350.123509682	0.010875701904296875	-0.07358551025390625
2654596.219699563	0.01074981689453125	-0.0724639892578125
2660842.315889444	0.01055908203125	-0.07323074340820312
2667088.4120793254	0.01013946533203125	-0.07370376586914062
2673334.508269207	0.009944915771484375	-0.072235107421875
2679580.6044590883	0.0097198486328125	-0.07378005981445312
2685826.7006489695	0.009395599365234375	-0.07368087768554688
2692072.7968388507	0.00948333740234375	-0.0736236572265625
2698318.8930287324	0.0085906982421875	-0.07191848754882812
2704564.9892186136	0.00780487060546875	-0.0724334716796875
2710811.085408495	0.008869171142578125	-0.07365036010742188
2717057.181598376	0.008495330810546875	-0.07250213623046875
2723303.2777882577	0.0081787109375	-0.07330703735351562
2729549.373978139	0.006587982177734375	-0.0732421875
2735795.47016802	0.00753021240234375	-0.07395172119140625
2742041.5663579013	0.006072998046875	-0.072418212890625
2748287.662547783	0.00620269775390625	-0.07250595092773438
2754533.758737664	0.005939483642578125	-0.0727081298828125
2760779.8549275454	0.005260467529296875	-0.07305526733398438
2767025.9511174266	0.005512237548828125	-0.07138442993164062
2773272.0473073083	0.00585174560546875	-0.07232666015625
2779518.1434971895	0.00385284423828125	-0.07279205322265625
2785764.2396870707	0.004199981689453125	-0.07220077514648438
2792010.335876952	0.003528594970703125	-0.0721282958984375
2798256.4320668336	0.00386810302734375	-0.0720672607421875
2804502.528256715	0.004230499267578125	-0.071929931640625
2810748.624446596	0.00272369384765625	-0.071624755859375
2816994.720636477	0.00359344482421875	-0.07198715209960938
2823240.816826359	0.002346038818359375	-0.07259750366210938
2829486.91301624	0.002506256103515625	-0.07071685791015625
2835733.0092061213	0.001628875732421875	-0.0717620849609375
2841979.1053960025	0.000850677490234375	-0.07146835327148438
2848225.201585884	0.001186370849609375	-0.071044921875
2854471.2977757654	0.00054931640625	-0.07090377807617188
2860717.3939656466	7.2479248046875e-05	-0.07012557983398438
2866963.490155528	-4.57763671875e-05	-0.0703582763671875
2873209.586345409	0.000316619873046875	-0.07097244262695312
2879455.6825352907	-0.000179290771484375	-0.0702362060546875
2885701.778725172	-0.000762939453125	-0.0711822509765625
2891947.874915053	-0.000823974609375	-0.07073211669921875
2898193.9711049343	-0.0001678466796875	-0.07045745849609375
2904440.067294816	-0.001682281494140625	-0.06992340087890625
2910686.163484697	-0.00188446044921875	-0.07013702392578125
2916932.2596745784	-0.001903533935546875	-0.069580078125
2923178.3558644596	-0.002490997314453125	-0.0692138671875
2929424.4520543413	-0.003414154052734375	-0.06983566284179688
2935670.5482442225	-0.002262115478515625	-0.06875991821289062
2941916.6444341037	-0.002796173095703125	-0.06927108764648438
2948162.740623985	-0.00292205810546875	-0.068389892578125
2954408.8368138666	-0.003154754638671875	-0.06916046142578125
2960654.933003748	-0.004947662353515625	-0.06892776489257812
2966901.029193629	-0.00354766845703125	-0.0686492919921875
2973147.1253835103	-0.00449371337890625	-0.06850051879882812
2979393.221573392	-0.00537872314453125	-0.06867218017578125
2985639.317763273	-0.00511932373046875	-0.06897735595703125
2991885.4139531543	-0.005096435546875	-0.06777191162109375
2998131.5101430356	-0.00493621826171875	-0.068328857421875
3004377.606332917	-0.005916595458984375	-0.06675338745117188
3010623.7025227984	-0.00620269775390625	-0.06734466552734375
3016869.7987126797	-0.007328033447265625	-0.06678390502929688
3023115.894902561	-0.00605010986328125	-0.06763076782226562
3029361.9910924425	-0.007778167724609375	-0.06762313842773438
3035608.0872823237	-0.00814056396484375	-0.066680908203125
3041854.183472205	-0.00829315185546875	-0.0668792724609375
3048100.279662086	-0.00786590576171875	-0.06552505493164062
3054346.375851968	-0.0092010498046875	-0.06628799438476562
3060592.472041849	-0.0070953369140625	-0.06650161743164062
3066838.5682317303	-0.008205413818359375	-0.0659942626953125
3073084.6644216115	-0.01007080078125	-0.06488037109375
3079330.760611493	-0.009006500244140625	-0.06545257568359375
3085576.8568013743	-0.009517669677734375	-0.06503677368164062
3091822.9529912556	-0.0099334716796875	-0.0647735595703125
3098069.049181137	-0.010486602783203125	-0.06410598754882812
3104315.1453710184	-0.010501861572265625	-0.06396102905273438
3110561.2415608997	-0.01120758056640625	-0.06366729736328125
3116807.337750781	-0.01111602783203125	-0.06399154663085938
3123053.433940662	-0.010890960693359375	-0.06407928466796875
3129299.5301305437	-0.0113677978515625	-0.06367111206054688
3135545.626320425	-0.01197052001953125	-0.06365966796875
3141791.722510306	-0.01146697998046875	-0.062713623046875
3148037.8187001874	-0.01197052001953125	-0.06320953369140625
3154283.914890069	-0.01219940185546875	-0.062107086181640625
3160530.0110799503	-0.0131378173828125	-0.0618133544921875
3166776.1072698315	-0.01296234130859375	-0.06243896484375
3173022.2034597127	-0.014019012451171875	-0.062229156494140625
3179268.2996495944	-0.01293182373046875	-0.06148529052734375
3185514.3958394756	-0.012584686279296875	-0.061656951904296875
3191760.492029357	-0.014331817626953125	-0.060993194580078125
3198006.588219238	-0.013912200927734375	-0.061767578125
3204252.6844091197	-0.014476776123046875	-0.061077117919921875
3210498.780599001	-0.015087127685546875	-0.060302734375
3216744.876788882	-0.014537811279296875	-0.059520721435546875
3222990.9729787633	-0.014984130859375	-0.05995941162109375
3229237.069168645	-0.01534271240234375	-0.05956268310546875
3235483.165358526	-0.01551055908203125	-0.0597686767578125
3241729.2615484074	-0.01561737060546875	-0.059757232666015625
3247975.3577382886	-0.016056060791015625	-0.060016632080078125
3254221.4539281703	-0.016132354736328125	-0.058734893798828125
3260467.5501180515	-0.015064239501953125	-0.0576629638671875
3266713.6463079327	-0.0162811279296875	-0.057964324951171875
3272959.742497814	-0.017215728759765625	-0.0574493408203125
3279205.8386876956	-0.017002105712890625	-0.0578765869140625
3285451.934877577	-0.016620635986328125	-0.056884765625
3291698.031067458	-0.01700592041015625	-0.056217193603515625
3297944.127257339	-0.0185089111328125	-0.056499481201171875
3304190.223447221	-0.018360137939453125	-0.055454254150390625
3310436.319637102	-0.017185211181640625	-0.055339813232421875
3316682.4158269833	-0.0180816650390625	-0.054595947265625
3322928.5120168645	-0.01705169677734375	-0.0546722412109375
3329174.608206746	-0.01854705810546875	-0.05466461181640625
3335420.7043966274	-0.01906585693359375	-0.05452728271484375
3341666.8005865086	-0.018497467041015625	-0.054508209228515625
3347912.89677639	-0.01897430419921875	-0.054027557373046875
3354158.992966271	-0.018108367919921875	-0.0531768798828125
3360405.0891561527	-0.0191192626953125	-0.051910400390625
3366651.185346034	-0.0191802978515625	-0.052585601806640625
3372897.281535915	-0.018833160400390625	-0.05358123779296875
3379143.3777257963	-0.0196685791015625	-0.051975250244140625
3385389.473915678	-0.019992828369140625	-0.05254364013671875
3391635.570105559	-0.0196533203125	-0.051097869873046875
3397881.6662954404	-0.019435882568359375	-0.05115509033203125
3404127.7624853216	-0.019557952880859375	-0.05113983154296875
3410373.8586752033	-0.020061492919921875	-0.05031585693359375
3416619.9548650845	-0.02044677734375	-0.050689697265625
3422866.0510549657	-0.020465850830078125	-0.04915618896484375
3429112.147244847	-0.02045440673828125	-0.04967498779296875
3435358.2434347286	-0.02130889892578125	-0.04857826232910156
3441604.33962461	-0.020551681518554688	-0.04708671569824219
3447850.435814491	-0.020565032958984375	-0.04814720153808594
3454096.532004372	-0.020862579345703125	-0.04686927795410156
3460342.628194254	-0.020513534545898438	-0.04611778259277344
3466588.724384135	-0.020030975341796875	-0.046497344970703125
3472834.8205740163	-0.02028656005859375	-0.04747772216796875
3479080.9167638975	-0.0213165283203125	-0.046169281005859375
3485327.012953779	-0.020671844482421875	-0.0459442138671875
3491573.1091436604	-0.021755218505859375	-0.04626274108886719
3497819.2053335416	-0.021173477172851562	-0.04494285583496094
3504065.301523423	-0.021450042724609375	-0.04511070251464844
3510311.3977133045	-0.021341323852539062	-0.04389190673828125
3516557.4939031857	-0.022077560424804688	-0.04518890380859375
3522803.590093067	-0.021574020385742188	-0.04433250427246094
3529049.686282948	-0.021455764770507812	-0.04381370544433594
3535295.78247283	-0.020975112915039062	-0.04320335388183594
3541541.878662711	-0.021518707275390625	-0.043491363525390625
3547787.974852592	-0.021383285522460938	-0.041904449462890625
3554034.0710424734	-0.02104949951171875	-0.042003631591796875
3560280.167232355	-0.021150588989257812	-0.0412750244140625
3566526.2634222363	-0.021932601928710938	-0.041881561279296875
3572772.3596121175	-0.020910263061523438	-0.03978157043457031
3579018.4558019987	-0.02101898193359375	-0.040500640869140625
3585264.5519918804	-0.021228790283203125	-0.03968048095703125
3591510.6481817616	-0.022308349609375	-0.0388641357421875
3597756.744371643	-0.021331787109375	-0.03977012634277344
3604002.840561524	-0.021677017211914062	-0.03914833068847656
3610248.9367514057	-0.021991729736328125	-0.037723541259765625
3616495.032941287	-0.021642684936523438	-0.03784751892089844
3622741.129131168	-0.020597457885742188	-0.037845611572265625
3628987.2253210493	-0.021368026733398438	-0.03725242614746094
3635233.321510931	-0.0218963623046875	-0.03684043884277344
3641479.417700812	-0.020483016967773438	-0.03541374206542969
3647725.5138906934	-0.021015167236328125	-0.03634834289550781
3653971.6100805746	-0.020931243896484375	-0.035205841064453125
3660217.7062704563	-0.020732879638671875	-0.035778045654296875
3666463.8024603375	-0.020658493041992188	-0.035221099853515625
3672709.8986502187	-0.0195770263671875	-0.03363990783691406
3678955.9948401	-0.019596099853515625	-0.03341102600097656
3685202.0910299816	-0.019823074340820312	-0.034374237060546875
3691448.187219863	-0.019918441772460938	-0.03242301940917969
3697694.283409744	-0.019611358642578125	-0.03267669677734375
3703940.3795996252	-0.02043914794921875	-0.031061172485351562
3710186.475789507	-0.018693923950195312	-0.031940460205078125
3716432.571979388	-0.01952362060546875	-0.031970977783203125
3722678.6681692693	-0.01930999755859375	-0.03146171569824219
3728924.7643591505	-0.018856048583984375	-0.030055999755859375
3735170.860549032	-0.019002914428710938	-0.030912399291992188
3741416.9567389134	-0.017194747924804688	-0.031269073486328125
3747663.0529287946	-0.018932342529296875	-0.030242919921875
3753909.149118676	-0.017705917358398438	-0.029361724853515625
3760155.2453085575	-0.01802825927734375	-0.030208587646484375
3766401.3414984387	-0.018827438354492188	-0.029272079467773438
3772647.43768832	-0.017948150634765625	-0.0290679931640625
3778893.533878201	-0.017984390258789062	-0.028184890747070312
3785139.630068083	-0.016942977905273438	-0.028011322021484375
3791385.726257964	-0.017086029052734375	-0.027973175048828125
3797631.8224478452	-0.016839981079101562	-0.027202606201171875
3803877.9186377265	-0.016286849975585938	-0.026584625244140625
3810124.0148276077	-0.01625823974609375	-0.025999069213867188
3816370.1110174893	-0.015451431274414062	-0.02712249755859375
3822616.2072073705	-0.015506744384765625	-0.025953292846679688
3828862.3033972518	-0.014987945556640625	-0.0254974365234375
3835108.399587133	-0.014868736267089844	-0.02431011199951172
3841354.4957770146	-0.014184951782226562	-0.025403976440429688
3847600.591966896	-0.014118194580078125	-0.025419235229492188
3853846.688156777	-0.014039993286132812	-0.025770187377929688
3860092.7843466583	-0.014399528503417969	-0.023659706115722656
3866338.88053654	-0.012828826904296875	-0.024282455444335938
3872584.976726421	-0.013073921203613281	-0.02361011505126953
3878831.0729163024	-0.012650489807128906	-0.024147987365722656
3885077.1691061836	-0.012149810791015625	-0.022962570190429688
3891323.2652960652	-0.012295722961425781	-0.02349376678466797
3897569.3614859465	-0.01226043701171875	-0.021955490112304688
3903815.4576758277	-0.01059722900390625	-0.02191925048828125
3910061.553865709	-0.009836196899414062	-0.021553993225097656
3916307.6500555906	-0.010664939880371094	-0.021549224853515625
3922553.7462454718	-0.010363578796386719	-0.022406578063964844
3928799.842435353	-0.009560585021972656	-0.021413803100585938
3935045.938625234	-0.009505271911621094	-0.02086353302001953
3941292.034815116	-0.008952140808105469	-0.021569252014160156
3947538.131004997	-0.008030891418457031	-0.021407127380371094
3953784.2271948783	-0.007686614990234375	-0.0211639404296875
3960030.3233847595	-0.0071849822998046875	-0.02056407928466797
3966276.419574641	-0.007328987121582031	-0.02045154571533203
3972522.5157645224	-0.006159782409667969	-0.020055770874023438
3978768.6119544036	-0.004864692687988281	-0.019827842712402344
3985014.708144285	-0.005619049072265625	-0.019683837890625
3991260.8043341665	-0.0056304931640625	-0.020395278930664062
3997506.9005240477	-0.0050563812255859375	-0.019945144653320312
4003752.996713929	-0.004124641418457031	-0.02069854736328125
4009999.09290381	-0.004380226135253906	-0.0205230712890625
4016245.1890936918	-0.0034847259521484375	-0.019982337951660156
4022491.285283573	-0.0025873184204101562	-0.020265579223632812
4028737.381473454	-0.0022125244140625	-0.019789695739746094
4034983.4776633354	-0.0022373199462890625	-0.018201828002929688
4041229.573853217	-0.00096893310546875	-0.02008533477783203
4047475.6700430983	-0.0006561279296875	-0.01913738250732422
4053721.7662329795	-0.00098419189453125	-0.01925373077392578
4059967.8624228607	-0.00047016143798828125	-0.019857406616210938
4066213.9586127424	0.000164031982421875	-0.019738197326660156
4072460.0548026236	0.0004062652587890625	-0.01889324188232422
4078706.150992505	0.0022096633911132812	-0.018820762634277344
4084952.247182386	0.0023651123046875	-0.01878833770751953
4091198.3433722677	0.0017900466918945312	-0.02067089080810547
4097444.439562149	0.0022935867309570312	-0.019979476928710938
4103690.53575203	0.0036039352416992188	-0.020162582397460938
4109936.6319419113	0.0023546218872070312	-0.019738197326660156
4116182.728131793	0.003916740417480469	-0.019965171813964844
4122428.824321674	0.0041141510009765625	-0.020463943481445312
4128674.9205115554	0.0043125152587890625	-0.020587921142578125
4134921.0167014366	0.0037298202514648438	-0.02029895782470703
4141167.1128913183	0.0042171478271484375	-0.020076751708984375
4147413.2090811995	0.005099296569824219	-0.01935577392578125
4153659.3052710807	0.005657196044921875	-0.02081775665283203
4159905.401460962	0.007266998291015625	-0.021318435668945312
4166151.4976508436	0.0072498321533203125	-0.020506858825683594
4172397.593840725	0.007174491882324219	-0.021579742431640625
4178643.690030606	0.007945060729980469	-0.02228069305419922
4184889.786220487	0.006985664367675781	-0.02112579345703125
4191135.882410369	0.008823394775390625	-0.0217132568359375
4197381.97860025	0.008337974548339844	-0.021562576293945312
4203628.074790131	0.009420394897460938	-0.022606849670410156
4209874.170980012	0.010028839111328125	-0.022375106811523438
4216120.267169894	0.010056495666503906	-0.022522926330566406
4222366.363359774	0.009859085083007812	-0.02322673797607422
4228612.459549656	0.0103607177734375	-0.0219573974609375
4234858.555739538	0.012148857116699219	-0.022991180419921875
4241104.651929419	0.011440277099609375	-0.022960662841796875
4247350.7481193	0.012511253356933594	-0.02361297607421875
4253596.844309182	0.011981964111328125	-0.024051666259765625
4259842.940499063	0.012989044189453125	-0.024547576904296875
4266089.036688944	0.012180328369140625	-0.02512359619140625
4272335.132878825	0.01326751708984375	-0.024938583374023438
4278581.229068707	0.014192581176757812	-0.025554656982421875
4284827.325258588	0.013750076293945312	-0.02547454833984375
4291073.421448469	0.01369476318359375	-0.025819778442382812
4297319.517638351	0.014253616333007812	-0.025791168212890625
4303565.613828232	0.0145416259765625	-0.026475906372070312
4309811.710018113	0.015993118286132812	-0.025800704956054688
4316057.806207995	0.016143798828125	-0.026605606079101562
4322303.902397876	0.016031265258789062	-0.027973175048828125
4328549.998587757	0.015851974487304688	-0.028257369995117188
4334796.094777639	0.015905380249023438	-0.026365280151367188
4341042.19096752	0.015798568725585938	-0.027929306030273438
4347288.287157401	0.0167694091796875	-0.02960968017578125
4353534.383347282	0.017583847045898438	-0.029222488403320312
4359780.479537164	0.016298294067382812	-0.029815673828125
4366026.575727046	0.018293380737304688	-0.030628204345703125
4372272.671916926	0.018095016479492188	-0.0297393798828125
4378518.768106808	0.01708221435546875	-0.0298919677734375
4384764.86429669	0.018016815185546875	-0.03034210205078125
4391010.96048657	0.018339157104492188	-0.031106948852539062
4397257.056676452	0.01784515380859375	-0.03126716613769531
4403503.152866333	0.01827239990234375	-0.032253265380859375
4409749.2490562145	0.017827987670898438	-0.032390594482421875
4415995.345246096	0.01924896240234375	-0.03244972229003906
4422241.441435977	0.019500732421875	-0.0337066650390625
4428487.537625859	0.019626617431640625	-0.033916473388671875
4434733.63381574	0.018251419067382812	-0.034030914306640625
4440979.730005621	0.019805908203125	-0.03503990173339844
4447225.826195503	0.02045440673828125	-0.035137176513671875
4453471.922385383	0.01987457275390625	-0.03488922119140625
4459718.018575265	0.019641876220703125	-0.03568840026855469
4465964.114765147	0.01979827880859375	-0.03656959533691406
4472210.2109550275	0.020160675048828125	-0.03672599792480469
4478456.307144909	0.020488739013671875	-0.037433624267578125
4484702.403334791	0.020689010620117188	-0.03882598876953125
4490948.499524672	0.020265579223632812	-0.03855133056640625
4497194.595714553	0.021732330322265625	-0.03832817077636719
4503440.691904434	0.020967483520507812	-0.038967132568359375
4509686.788094316	0.020624160766601562	-0.03885459899902344
4515932.884284197	0.02077484130859375	-0.04001808166503906
4522178.980474078	0.020641326904296875	-0.03961181640625
4528425.07666396	0.020971298217773438	-0.041416168212890625
4534671.172853841	0.021656036376953125	-0.04088401794433594
4540917.269043722	0.020681381225585938	-0.040943145751953125
4547163.365233604	0.0208282470703125	-0.042781829833984375
4553409.461423485	0.020444869995117188	-0.04202461242675781
4559655.557613366	0.02123260498046875	-0.04186058044433594
4565901.653803248	0.021043777465820312	-0.04388618469238281
4572147.749993129	0.021587371826171875	-0.044071197509765625
4578393.84618301	0.021266937255859375	-0.0445098876953125
4584639.942372892	0.020586013793945312	-0.04452705383300781
4590886.038562773	0.02101898193359375	-0.04412841796875
4597132.1347526545	0.021144866943359375	-0.04525566101074219
4603378.230942535	0.02056121826171875	-0.04591178894042969
4609624.327132417	0.021026611328125	-0.045375823974609375
4615870.423322299	0.021188735961914062	-0.046871185302734375
4622116.519512179	0.021282196044921875	-0.0475311279296875
4628362.615702061	0.020814895629882812	-0.04696846008300781
4634608.711891943	0.02060699462890625	-0.04767417907714844
4640854.808081823	0.019439697265625	-0.04780769348144531
4647100.904271705	0.020807266235351562	-0.04888916015625
4653347.000461586	0.021457672119140625	-0.049854278564453125
4659593.0966514675	0.02056121826171875	-0.0500335693359375
4665839.192841349	0.01969146728515625	-0.050174713134765625
4672085.28903123	0.020122528076171875	-0.05077362060546875
4678331.385221112	0.019893646240234375	-0.049922943115234375
4684577.481410993	0.019779205322265625	-0.050907135009765625
4690823.577600874	0.0193634033203125	-0.051727294921875
4697069.673790756	0.020061492919921875	-0.052951812744140625
4703315.769980636	0.0191497802734375	-0.0526123046875
4709561.866170518	0.019012451171875	-0.0530853271484375
4715807.9623604	0.0182037353515625	-0.053600311279296875
4722054.0585502805	0.018795013427734375	-0.0537109375
4728300.154740162	0.018741607666015625	-0.053569793701171875
4734546.250930044	0.01898956298828125	-0.05506134033203125
4740792.347119925	0.01882171630859375	-0.055553436279296875
4747038.443309806	0.01888275146484375	-0.05564117431640625
4753284.539499687	0.018856048583984375	-0.055332183837890625
4759530.635689569	0.017749786376953125	-0.05648040771484375
4765776.73187945	0.01728057861328125	-0.0569610595703125
4772022.828069331	0.01769256591796875	-0.057109832763671875
4778268.924259213	0.017169952392578125	-0.0572052001953125
4784515.020449094	0.017696380615234375	-0.058055877685546875
4790761.116638975	0.0164031982421875	-0.0577239990234375
4797007.212828857	0.015888214111328125	-0.058429718017578125
4803253.309018738	0.016185760498046875	-0.05855560302734375
4809499.405208619	0.01573944091796875	-0.058475494384765625
4815745.501398501	0.014751434326171875	-0.059051513671875
4821991.597588382	0.016143798828125	-0.059661865234375
4828237.693778263	0.01602935791015625	-0.060611724853515625
4834483.789968144	0.015533447265625	-0.06005096435546875
4840729.886158026	0.01507568359375	-0.061687469482421875
4846975.9823479075	0.014369964599609375	-0.061443328857421875
4853222.078537788	0.015018463134765625	-0.06139373779296875
4859468.17472767	0.0141143798828125	-0.062366485595703125
4865714.270917552	0.01593780517578125	-0.061573028564453125
4871960.367107432	0.01445770263671875	-0.06280136108398438
4878206.463297314	0.01360321044921875	-0.06258010864257812
4884452.559487195	0.012516021728515625	-0.063201904296875
4890698.655677076	0.0129852294921875	-0.06381607055664062
4896944.751866958	0.012805938720703125	-0.06443023681640625
4903190.848056839	0.011310577392578125	-0.06399917602539062
4909436.9442467205	0.010990142822265625	-0.0644683837890625
4915683.040436602	0.01184844970703125	-0.06430435180664062
4921929.136626483	0.01084136962890625	-0.065155029296875
4928175.232816365	0.011505126953125	-0.06433868408203125
4934421.329006245	0.01079559326171875	-0.06573867797851562
4940667.425196127	0.010711669921875	-0.06610107421875
4946913.521386009	0.010547637939453125	-0.06708145141601562
4953159.617575889	0.00962066650390625	-0.06694793701171875
4959405.713765771	0.0090484619140625	-0.06766128540039062
4965651.809955653	0.0089874267578125	-0.06676864624023438
4971897.906145534	0.0100860595703125	-0.06672286987304688
4978144.002335415	0.008762359619140625	-0.06729507446289062
4984390.098525296	0.008304595947265625	-0.06761932373046875
4990636.194715178	0.008106231689453125	-0.06743621826171875
4996882.290905059	0.006744384765625	-0.068359375
5003128.38709494	0.0071258544921875	-0.06855010986328125
5009374.483284822	0.00594329833984375	-0.06905364990234375
5015620.579474703	0.007198333740234375	-0.06951522827148438
5021866.675664584	0.006008148193359375	-0.07029342651367188
5028112.771854466	0.005519866943359375	-0.06998062133789062
5034358.868044347	0.00562286376953125	-0.070648193359375
5040604.964234228	0.004924774169921875	-0.07091903686523438
5046851.06042411	0.00298309326171875	-0.07062149047851562
5053097.156613991	0.005222320556640625	-0.07032394409179688
5059343.252803872	0.00342559814453125	-0.071685791015625
5065589.348993754	0.003971099853515625	-0.07100296020507812
5071835.445183635	0.003505706787109375	-0.07112503051757812
5078081.541373516	0.00283050537109375	-0.07195281982421875
5084327.637563397	0.003704071044921875	-0.07256317138671875
5090573.733753279	0.00318145751953125	-0.07242584228515625
5096819.8299431605	0.0034332275390625	-0.07171249389648438
5103065.926133041	0.001895904541015625	-0.07220458984375
5109312.022322923	0.001651763916015625	-0.07245254516601562
5115558.118512805	0.00040435791015625	-0.07288360595703125
5121804.214702685	0.00061798095703125	-0.07245635986328125
5128050.310892567	0.000354766845703125	-0.07434463500976562
5134296.407082448	-0.000823974609375	-0.07338714599609375
5140542.503272329	-0.00115203857421875	-0.07265853881835938
5146788.599462211	-0.0012054443359375	-0.07398223876953125
5153034.695652092	-0.001220703125	-0.07410049438476562
5159280.791841974	-0.001598358154296875	-0.07352447509765625
5165526.888031855	-0.0023651123046875	-0.07367706298828125
5171772.984221736	-0.003803253173828125	-0.07379531860351562
5178019.080411618	-0.00255584716796875	-0.07358551025390625
5184265.176601498	-0.0035400390625	-0.07335662841796875
5190511.27279138	-0.003265380859375	-0.07403182983398438
5196757.368981262	-0.00411224365234375	-0.07484817504882812
5203003.4651711425	-0.004673004150390625	-0.07451629638671875
5209249.561361024	-0.005157470703125	-0.07471084594726562
5215495.657550906	-0.005031585693359375	-0.075164794921875
5221741.753740787	-0.005207061767578125	-0.07517242431640625
5227987.849930668	-0.00608062744140625	-0.07498931884765625
5234233.946120549	-0.005619049072265625	-0.07562637329101562
5240480.042310431	-0.00635528564453125	-0.07560348510742188
5246726.138500312	-0.00710296630859375	-0.07638931274414062
5252972.234690193	-0.007266998291015625	-0.07637405395507812
5259218.330880075	-0.0083160400390625	-0.07569122314453125
5265464.4270699555	-0.00717926025390625	-0.07555770874023438
5271710.523259837	-0.008758544921875	-0.07631301879882812
5277956.619449719	-0.009403228759765625	-0.07570266723632812
5284202.7156396	-0.009490966796875	-0.07592391967773438
5290448.811829481	-0.009296417236328125	-0.07652664184570312
5296694.908019363	-0.010730743408203125	-0.0756072998046875
5302941.004209244	-0.011005401611328125	-0.076934814453125
5309187.100399125	-0.01000213623046875	-0.07760238647460938
5315433.196589006	-0.01244354248046875	-0.07695388793945312
5321679.292778888	-0.011264801025390625	-0.077850341796875
5327925.388968769	-0.012302398681640625	-0.07636260986328125
5334171.48515865	-0.012409210205078125	-0.07677841186523438
5340417.581348532	-0.012325286865234375	-0.07711410522460938
5346663.677538414	-0.013202667236328125	-0.07606887817382812
5352909.773728294	-0.014362335205078125	-0.07637405395507812
5359155.869918176	-0.01458740234375	-0.0771026611328125
5365401.966108057	-0.01482391357421875	-0.0765533447265625
5371648.062297938	-0.015567779541015625	-0.07693099975585938
5377894.15848782	-0.014896392822265625	-0.07570648193359375
5384140.254677701	-0.01630401611328125	-0.0764312744140625
5390386.3508675825	-0.01576995849609375	-0.07758712768554688
5396632.447057464	-0.01651763916015625	-0.0765228271484375
5402878.543247345	-0.016704559326171875	-0.07710647583007812
5409124.639437227	-0.01696014404296875	-0.07799530029296875
5415370.735627107	-0.01751708984375	-0.07717132568359375
5421616.831816989	-0.01812744140625	-0.07850265502929688
5427862.928006871	-0.017810821533203125	-0.07815170288085938
5434109.024196751	-0.0198516845703125	-0.07678604125976562
5440355.120386633	-0.018489837646484375	-0.076995849609375
5446601.216576515	-0.020298004150390625	-0.07718658447265625
5452847.3127663955	-0.02014923095703125	-0.07779312133789062
5459093.408956277	-0.020687103271484375	-0.07767105102539062
5465339.505146158	-0.020824432373046875	-0.07749557495117188
5471585.60133604	-0.0214996337890625	-0.077362060546875
5477831.697525921	-0.021514892578125	-0.07688140869140625
5484077.793715802	-0.021816253662109375	-0.07743453979492188
5490323.889905684	-0.021453857421875	-0.0760345458984375
5496569.986095565	-0.02222442626953125	-0.0773162841796875
5502816.082285446	-0.023349761962890625	-0.07645797729492188
5509062.178475328	-0.022563934326171875	-0.07722854614257812
5515308.2746652085	-0.023651123046875	-0.07680130004882812
5521554.37085509	-0.02375030517578125	-0.07742691040039062
5527800.467044972	-0.024658203125	-0.07772445678710938
5534046.563234853	-0.02423858642578125	-0.07665634155273438
5540292.659424734	-0.02436065673828125	-0.07761764526367188
5546538.755614616	-0.025913238525390625	-0.07729721069335938
5552784.851804497	-0.0261688232421875	-0.0764007568359375
5559030.947994378	-0.026561737060546875	-0.07671356201171875
5565277.044184259	-0.025726318359375	-0.076446533203125
5571523.140374141	-0.027095794677734375	-0.07750701904296875
5577769.2365640225	-0.02728271484375	-0.07584762573242188
5584015.332753903	-0.027637481689453125	-0.07664108276367188
5590261.428943785	-0.028308868408203125	-0.07558059692382812
5596507.525133667	-0.028228759765625	-0.07612991333007812
5602753.621323547	-0.029571533203125	-0.0765380859375
5608999.717513429	-0.028964996337890625	-0.07668685913085938
5615245.81370331	-0.029022216796875	-0.0757293701171875
5621491.909893191	-0.029788970947265625	-0.07619857788085938
5627738.006083073	-0.030487060546875	-0.07628631591796875
5633984.102272954	-0.031444549560546875	-0.07689666748046875
5640230.1984628355	-0.031543731689453125	-0.07640838623046875
5646476.294652717	-0.031604766845703125	-0.07636642456054688
5652722.390842598	-0.0309906005859375	-0.07632064819335938
5658968.48703248	-0.0310821533203125	-0.07712173461914062
5665214.58322236	-0.033222198486328125	-0.07683181762695312
5671460.679412242	-0.032794952392578125	-0.07691574096679688
5677706.775602124	-0.0328826904296875	-0.0759124755859375
5683952.871792004	-0.033740997314453125	-0.07567596435546875
5690198.967981886	-0.034084320068359375	-0.0749969482421875
5696445.064171768	-0.034458160400390625	-0.07618331909179688
5702691.160361649	-0.03525543212890625	-0.07452392578125
5708937.25655153	-0.035938262939453125	-0.07469558715820312
5715183.352741411	-0.034942626953125	-0.0741729736328125
5721429.448931293	-0.036159515380859375	-0.07498550415039062
5727675.545121174	-0.0355987548828125	-0.07501983642578125
5733921.641311055	-0.037128448486328125	-0.07459640502929688
5740167.737500937	-0.036540985107421875	-0.07456588745117188
5746413.8336908175	-0.03780364990234375	-0.07489395141601562
5752659.929880699	-0.037044525146484375	-0.0733184814453125
5758906.026070581	-0.03682708740234375	-0.0753936767578125
5765152.122260462	-0.0373077392578125	-0.07489013671875
5771398.218450343	-0.037532806396484375	-0.07475662231445312
5777644.314640225	-0.037380218505859375	-0.07376480102539062
5783890.410830106	-0.038478851318359375	-0.07360458374023438
5790136.507019987	-0.0388641357421875	-0.07408905029296875
5796382.603209868	-0.0399932861328125	-0.07344818115234375
5802628.69939975	-0.039886474609375	-0.07332611083984375
5808874.795589631	-0.040859222412109375	-0.07365036010742188
5815120.891779512	-0.0404815673828125	-0.07387161254882812
5821366.987969394	-0.040790557861328125	-0.07373046875
5827613.0841592755	-0.040538787841796875	-0.07310104370117188
5833859.180349156	-0.04164886474609375	-0.07288360595703125
5840105.276539038	-0.04180908203125	-0.07175827026367188
5846351.372728919	-0.041713714599609375	-0.07271194458007812
5852597.4689188	-0.0426788330078125	-0.0730438232421875
5858843.565108682	-0.042652130126953125	-0.07248306274414062
5865089.661298563	-0.0441131591796875	-0.07190322875976562
5871335.757488444	-0.042812347412109375	-0.0727691650390625
5877581.853678326	-0.04467010498046875	-0.07239532470703125
5883827.949868207	-0.0437469482421875	-0.07178878784179688
5890074.046058089	-0.044429779052734375	-0.07164382934570312
5896320.142247969	-0.0460052490234375	-0.07210540771484375
5902566.238437851	-0.044513702392578125	-0.07221603393554688
5908812.334627733	-0.04453277587890625	-0.07108688354492188
5915058.430817613	-0.04570770263671875	-0.07178878784179688
5921304.527007495	-0.045276641845703125	-0.0717620849609375
5927550.623197377	-0.04505157470703125	-0.07080841064453125
5933796.7193872575	-0.046314239501953125	-0.07072830200195312
5940042.815577139	-0.047054290771484375	-0.07054901123046875
5946288.91176702	-0.04621124267578125	-0.07017898559570312
5952535.007956902	-0.04788970947265625	-0.07005691528320312
5958781.104146783	-0.04886627197265625	-0.07118988037109375
5965027.200336664	-0.04808807373046875	-0.07027816772460938
5971273.296526546	-0.04824066162109375	-0.06982421875
5977519.392716427	-0.048381805419921875	-0.07004165649414062
5983765.488906308	-0.049221038818359375	-0.07042312622070312
5990011.58509619	-0.049518585205078125	-0.07037734985351562
5996257.6812860705	-0.04926300048828125	-0.069793701171875
6002503.777475952	-0.05086517333984375	-0.06957244873046875
6008749.873665834	-0.04981231689453125	-0.06903839111328125
6014995.969855715	-0.05039215087890625	-0.06981658935546875
6021242.066045596	-0.0502471923828125	-0.06933212280273438
6027488.162235478	-0.051204681396484375	-0.06909561157226562
6033734.258425359	-0.051563262939453125	-0.06866455078125
6039980.35461524	-0.051311492919921875	-0.06917572021484375
6046226.450805121	-0.052001953125	-0.06921768188476562
6052472.546995003	-0.051441192626953125	-0.06769943237304688
6058718.643184884	-0.05225372314453125	-0.06720352172851562
6064964.739374765	-0.0533294677734375	-0.06688690185546875
6071210.835564647	-0.052608489990234375	-0.06740570068359375
6077456.931754529	-0.0524139404296875	-0.06850051879882812
6083703.027944409	-0.053363800048828125	-0.0670318603515625
6089949.124134291	-0.05425262451171875	-0.06666183471679688
6096195.220324172	-0.05327606201171875	-0.06703948974609375
6102441.316514053	-0.054813385009765625	-0.06634902954101562
6108687.412703935	-0.054149627685546875	-0.06680679321289062
6114933.508893816	-0.056110382080078125	-0.06691741943359375
6121179.6050836975	-0.054737091064453125	-0.06538772583007812
6127425.701273579	-0.055942535400390625	-0.0656280517578125
6133671.79746346	-0.05591583251953125	-0.06523513793945312
6139917.893653342	-0.055721282958984375	-0.06528472900390625
6146163.989843222	-0.056118011474609375	-0.06461715698242188
6152410.086033104	-0.05702972412109375	-0.064849853515625
6158656.182222986	-0.05649566650390625	-0.06488800048828125
6164902.278412866	-0.05638885498046875	-0.0648956298828125
6171148.374602748	-0.057621002197265625	-0.0642852783203125
6177394.47079263	-0.05771636962890625	-0.06471633911132812
6183640.5669825105	-0.058597564697265625	-0.06265640258789062
6189886.663172392	-0.058383941650390625	-0.0641937255859375
6196132.759362273	-0.058071136474609375	-0.06274795532226562
6202378.855552155	-0.0576629638671875	-0.0627288818359375
6208624.951742036	-0.05799102783203125	-0.06317520141601562
6214871.047931917	-0.059177398681640625	-0.06330490112304688
6221117.144121799	-0.059383392333984375	-0.06279373168945312
6227363.240311679	-0.06038665771484375	-0.062744140625
6233609.336501561	-0.06008148193359375	-0.06195068359375
6239855.432691443	-0.059814453125	-0.0624847412109375
6246101.5288813235	-0.060333251953125	-0.062091827392578125
6252347.625071205	-0.060649871826171875	-0.061279296875
6258593.721261087	-0.06050872802734375	-0.0614776611328125
6264839.817450968	-0.0610198974609375	-0.062206268310546875
6271085.913640849	-0.061794281005859375	-0.0603790283203125
6277332.00983073	-0.061435699462890625	-0.0610809326171875
6283578.106020612	-0.06171417236328125	-0.05985260009765625
6289824.202210493	-0.062267303466796875	-0.06027984619140625
6296070.298400374	-0.062221527099609375	-0.0603790283203125
6302316.394590256	-0.062427520751953125	-0.059970855712890625
6308562.4907801375	-0.06282424926757812	-0.05982208251953125
6314808.586970018	-0.0626983642578125	-0.060070037841796875
6321054.6831599	-0.06272125244140625	-0.058841705322265625
6327300.779349781	-0.06381607055664062	-0.058483123779296875
6333546.875539662	-0.06422805786132812	-0.058795928955078125
6339792.971729544	-0.06407546997070312	-0.058101654052734375
6346039.067919425	-0.06487655639648438	-0.05810546875
6352285.164109306	-0.0652313232421875	-0.057910919189453125
6358531.260299188	-0.06509017944335938	-0.057403564453125
6364777.356489069	-0.06566238403320312	-0.05792999267578125
6371023.4526789505	-0.06515884399414062	-0.058803558349609375
6377269.548868831	-0.0653533935546875	-0.057529449462890625
6383515.645058713	-0.06648635864257812	-0.057373046875
6389761.741248595	-0.0658111572265625	-0.057605743408203125
6396007.837438475	-0.06563568115234375	-0.05643463134765625
6402253.933628357	-0.066162109375	-0.055973052978515625
6408500.029818239	-0.06663131713867188	-0.056682586669921875
6414746.126008119	-0.0662994384765625	-0.056850433349609375
6420992.222198001	-0.06763839721679688	-0.055675506591796875
6427238.318387882	-0.06691360473632812	-0.055721282958984375
6433484.4145777635	-0.0671539306640625	-0.05460357666015625
6439730.510767645	-0.06686782836914062	-0.05490875244140625
6445976.606957526	-0.06728363037109375	-0.05487823486328125
6452222.703147408	-0.067108154296875	-0.0546875
6458468.799337289	-0.06793594360351562	-0.05487823486328125
6464714.89552717	-0.06873321533203125	-0.053821563720703125
6470960.991717052	-0.06866836547851562	-0.05408477783203125
6477207.087906932	-0.06943511962890625	-0.05406951904296875
6483453.184096814	-0.06882095336914062	-0.05249786376953125
6489699.280286696	-0.06866455078125	-0.052154541015625
6495945.376476577	-0.06982040405273438	-0.05199432373046875
6502191.472666458	-0.07007980346679688	-0.05216217041015625
6508437.56885634	-0.07134628295898438	-0.05237579345703125
6514683.665046221	-0.06976318359375	-0.05219268798828125
6520929.761236102	-0.07069778442382812	-0.052471160888671875
6527175.857425983	-0.069976806640625	-0.052215576171875
6533421.953615865	-0.07026290893554688	-0.051876068115234375
6539668.049805746	-0.07131576538085938	-0.051609039306640625
6545914.145995627	-0.070953369140625	-0.05059051513671875
6552160.242185509	-0.07107925415039062	-0.050083160400390625
6558406.3383753905	-0.07294464111328125	-0.049468994140625
6564652.434565271	-0.07165145874023438	-0.050930023193359375
6570898.530755153	-0.0724029541015625	-0.050403594970703125
6577144.626945034	-0.071319580078125	-0.04921722412109375
6583390.723134915	-0.07209014892578125	-0.04950714111328125
6589636.819324797	-0.07364273071289062	-0.0491485595703125
6595882.915514678	-0.072052001953125	-0.049495697021484375
6602129.011704559	-0.07213592529296875	-0.04888153076171875
6608375.107894441	-0.07201004028320312	-0.048625946044921875
6614621.204084322	-0.07339859008789062	-0.048458099365234375
6620867.3002742035	-0.07309722900390625	-0.047878265380859375
6627113.396464084	-0.0738525390625	-0.0473175048828125
6633359.492653966	-0.07409286499023438	-0.047153472900390625
6639605.588843848	-0.07405853271484375	-0.047046661376953125
6645851.685033728	-0.07328033447265625	-0.046962738037109375
6652097.78122361	-0.07423782348632812	-0.046772003173828125
6658343.877413492	-0.073760986328125	-0.046245574951171875
6664589.973603372	-0.07437896728515625	-0.046604156494140625
6670836.069793254	-0.07355499267578125	-0.0461273193359375
6677082.165983135	-0.07456588745117188	-0.04550933837890625
6683328.262173017	-0.07524490356445312	-0.045475006103515625
6689574.358362898	-0.07435226440429688	-0.045108795166015625
6695820.454552779	-0.0755462646484375	-0.044933319091796875
6702066.550742661	-0.07505416870117188	-0.044040679931640625
6708312.646932541	-0.0750732421875	-0.042774200439453125
6714558.743122423	-0.07630157470703125	-0.04400634765625
6720804.839312305	-0.0758514404296875	-0.0434417724609375
6727050.9355021855	-0.0762939453125	-0.04290771484375
6733297.031692067	-0.07726669311523438	-0.044010162353515625
6739543.127881949	-0.07636260986328125	-0.0436553955078125
6745789.22407183	-0.0770263671875	-0.042430877685546875
6752035.320261711	-0.07733917236328125	-0.042926788330078125
6758281.416451592	-0.07732772827148438	-0.042278289794921875
6764527.512641474	-0.0774078369140625	-0.042224884033203125
6770773.608831355	-0.0771331787109375	-0.04167938232421875
6777019.705021236	-0.07801437377929688	-0.0414276123046875
6783265.801211118	-0.07791900634765625	-0.042461395263671875
6789511.897400999	-0.077789306640625	-0.041473388671875
6795757.99359088	-0.07706069946289062	-0.04113006591796875
6802004.089780762	-0.077850341796875	-0.03986358642578125
6808250.185970643	-0.07812118530273438	-0.040378570556640625
6814496.282160524	-0.07888412475585938	-0.040882110595703125
6820742.378350406	-0.07853317260742188	-0.03989410400390625
6826988.474540287	-0.07770156860351562	-0.039447784423828125
6833234.570730168	-0.07892608642578125	-0.038761138916015625
6839480.66692005	-0.07828903198242188	-0.03824615478515625
6845726.763109931	-0.07974624633789062	-0.039333343505859375
6851972.8592998125	-0.07951736450195312	-0.037982940673828125
6858218.955489693	-0.07922744750976562	-0.0385894775390625
6864465.051679575	-0.0794830322265625	-0.038249969482421875
6870711.147869457	-0.0791015625	-0.037067413330078125
6876957.244059337	-0.07934951782226562	-0.037078857421875
6883203.340249219	-0.08050155639648438	-0.03749847412109375
6889449.436439101	-0.07917022705078125	-0.0377349853515625
6895695.532628981	-0.0801544189453125	-0.03630828857421875
6901941.628818863	-0.08157730102539062	-0.036548614501953125
6908187.725008744	-0.0805511474609375	-0.036327362060546875
6914433.8211986255	-0.08092117309570312	-0.0367584228515625
6920679.917388507	-0.0799713134765625	-0.035930633544921875
6926926.013578388	-0.08039093017578125	-0.036350250244140625
6933172.10976827	-0.08065032958984375	-0.03536224365234375
6939418.205958151	-0.08212661743164062	-0.034786224365234375
6945664.302148032	-0.08068466186523438	-0.034229278564453125
6951910.398337914	-0.080596923828125	-0.034206390380859375
6958156.494527794	-0.08116912841796875	-0.03409576416015625
6964402.590717676	-0.08106613159179688	-0.03350067138671875
6970648.686907558	-0.08214569091796875	-0.033313751220703125
6976894.7830974385	-0.08135986328125	-0.033443450927734375
6983140.87928732	-0.0811920166015625	-0.033397674560546875
6989386.975477202	-0.082855224609375	-0.031993865966796875
6995633.071667083	-0.082794189453125	-0.033039093017578125
7001879.167856964	-0.0821380615234375	-0.031932830810546875
7008125.264046845	-0.0821380615234375	-0.0311126708984375
7014371.360236727	-0.08182144165039062	-0.0315093994140625
7020617.456426608	-0.08269882202148438	-0.031219482421875
7026863.552616489	-0.08273696899414062	-0.030818939208984375
7033109.648806371	-0.0827484130859375	-0.029163360595703125
7039355.7449962525	-0.08406829833984375	-0.03035736083984375
7045601.841186133	-0.08285140991210938	-0.030185699462890625
7051847.937376015	-0.083343505859375	-0.02962493896484375
7058094.033565896	-0.08258438110351562	-0.028961181640625
7064340.129755777	-0.0841064453125	-0.02877044677734375
7070586.225945659	-0.0836029052734375	-0.028911590576171875
7076832.32213554	-0.08386993408203125	-0.0283203125
7083078.418325421	-0.0843963623046875	-0.02822113037109375
7089324.514515303	-0.08377838134765625	-0.02811431884765625
7095570.610705184	-0.08363723754882812	-0.028247833251953125
7101816.7068950655	-0.08408737182617188	-0.027194976806640625
7108062.803084946	-0.08338546752929688	-0.026668548583984375
7114308.899274828	-0.08327484130859375	-0.0264434814453125
7120554.99546471	-0.08496856689453125	-0.0265960693359375
7126801.09165459	-0.08337783813476562	-0.0265655517578125
7133047.187844472	-0.08350372314453125	-0.026844024658203125
7139293.284034354	-0.08460617065429688	-0.025875091552734375
7145539.380224234	-0.08295059204101562	-0.025875091552734375
7151785.476414116	-0.08410263061523438	-0.02477264404296875
7158031.572603997	-0.08510589599609375	-0.025173187255859375
7164277.6687938785	-0.08397674560546875	-0.025238037109375
7170523.76498376	-0.0831451416015625	-0.023952484130859375
7176769.861173641	-0.08452606201171875	-0.0243988037109375
7183015.957363523	-0.08553314208984375	-0.0250396728515625
7189262.053553403	-0.08464813232421875	-0.02466583251953125
7195508.149743285	-0.08452987670898438	-0.023365020751953125
7201754.245933167	-0.08423233032226562	-0.023418426513671875
7208000.342123047	-0.08466720581054688	-0.022052764892578125
7214246.438312929	-0.08568572998046875	-0.023532867431640625
7220492.534502811	-0.084930419921875	-0.02269744873046875
7226738.630692692	-0.08550643920898438	-0.022762298583984375
7232984.726882573	-0.08597946166992188	-0.022182464599609375
7239230.823072454	-0.08597564697265625	-0.020908355712890625
7245476.919262336	-0.08535003662109375	-0.02085113525390625
7251723.015452217	-0.08532333374023438	-0.0214691162109375
7257969.111642098	-0.08541107177734375	-0.020904541015625
7264215.20783198	-0.08567428588867188	-0.020145416259765625
7270461.304021861	-0.08658599853515625	-0.01937103271484375
7276707.400211742	-0.085784912109375	-0.019702911376953125
7282953.496401624	-0.08685684204101562	-0.019626617431640625
7289199.592591505	-0.08670806884765625	-0.020130157470703125
7295445.688781386	-0.08603286743164062	-0.018383026123046875
7301691.784971268	-0.08664321899414062	-0.018604278564453125
7307937.881161149	-0.08636093139648438	-0.018047332763671875
7314183.97735103	-0.08664703369140625	-0.01739501953125
7320430.073540912	-0.08559417724609375	-0.017696380615234375
7326676.169730793	-0.08599472045898438	-0.018238067626953125
7332922.265920674	-0.08626937866210938	-0.01668548583984375
7339168.362110555	-0.08712005615234375	-0.016872406005859375
7345414.458300437	-0.0868377685546875	-0.01566314697265625
7351660.5544903185	-0.08758163452148438	-0.01735687255859375
7357906.650680199	-0.0867767333984375	-0.015781402587890625
7364152.746870081	-0.08797073364257812	-0.01593780517578125
7370398.843059963	-0.08691024780273438	-0.0144500732421875
7376644.939249843	-0.08595657348632812	-0.01621246337890625
7382891.035439725	-0.0872955322265625	-0.015438079833984375
7389137.131629606	-0.08613204956054688	-0.015026092529296875
7395383.227819487	-0.0870513916015625	-0.014102935791015625
7401629.324009369	-0.08705520629882812	-0.014423370361328125
7407875.42019925	-0.086944580078125	-0.01334381103515625
7414121.516389132	-0.08758926391601562	-0.01361083984375
7420367.612579013	-0.08709716796875	-0.01248931884765625
7426613.708768894	-0.08684921264648438	-0.013439178466796875
7432859.804958776	-0.08704757690429688	-0.01412200927734375
7439105.901148656	-0.08768081665039062	-0.012115478515625
7445351.997338538	-0.08746719360351562	-0.01280975341796875
7451598.09352842	-0.08660888671875	-0.012271881103515625
7457844.1897183005	-0.088226318359375	-0.011676788330078125
7464090.285908182	-0.08771133422851562	-0.0106658935546875
7470336.382098064	-0.08798599243164062	-0.0111846923828125
7476582.478287945	-0.0888671875	-0.010822296142578125
7482828.574477826	-0.088470458984375	-0.011058807373046875
7489074.670667707	-0.087432861328125	-0.01027679443359375
7495320.766857589	-0.08765411376953125	-0.010223388671875
7501566.86304747	-0.08761215209960938	-0.00975799560546875
7507812.959237351	-0.08695602416992188	-0.009929656982421875
7514059.055427233	-0.08880996704101562	-0.00940704345703125
7520305.151617114	-0.08785247802734375	-0.008182525634765625
7526551.247806995	-0.08786392211914062	-0.009449005126953125
7532797.343996877	-0.08773040771484375	-0.008136749267578125
7539043.440186758	-0.08866500854492188	-0.0075225830078125
7545289.536376639	-0.08757781982421875	-0.007568359375
7551535.632566521	-0.08849334716796875	-0.00798797607421875
7557781.728756402	-0.08834457397460938	-0.00560760498046875
7564027.824946283	-0.08774566650390625	-0.006916046142578125
7570273.921136165	-0.08766937255859375	-0.0065155029296875
7576520.017326046	-0.08826446533203125	-0.006237030029296875
7582766.113515927	-0.08877182006835938	-0.005496978759765625
7589012.209705808	-0.08791732788085938	-0.005931854248046875
7595258.30589569	-0.0876007080078125	-0.004581451416015625
7601504.402085572	-0.08758163452148438	-0.0043792724609375
7607750.498275452	-0.08818817138671875	-0.0048675537109375
7613996.594465334	-0.08837127685546875	-0.00417327880859375
7620242.690655215	-0.08794021606445312	-0.005756378173828125
7626488.786845096	-0.08747482299804688	-0.00384521484375
7632734.883034978	-0.08871841430664062	-0.003749847412109375
7638980.979224859	-0.08765029907226562	-0.003032684326171875
7645227.0754147405	-0.0879669189453125	-0.002490997314453125
7651473.171604622	-0.089141845703125	-0.001895904541015625
7657719.267794503	-0.08835601806640625	-0.00208282470703125
7663965.363984385	-0.08853530883789062	-0.002124786376953125
7670211.460174265	-0.08856964111328125	-0.001972198486328125
7676457.556364147	-0.0891571044921875	-0.00128173828125
7682703.652554029	-0.08841705322265625	-0.001659393310546875
7688949.748743909	-0.08826446533203125	-5.340576171875e-05
7695195.844933791	-0.08913040161132812	-0.000690460205078125
7701441.941123673	-0.08880233764648438	-0.0001068115234375
7707688.0373135535	-0.0883026123046875	0.00017547607421875
7713934.133503435	-0.08844757080078125	8.0108642578125e-05
7720180.229693316	-0.088623046875	0.00012969970703125
7726426.325883198	-0.08859634399414062	-0.000232696533203125
7732672.422073079	-0.08933639526367188	0.0012664794921875
7738918.51826296	-0.08900070190429688	0.001712799072265625
7745164.614452842	-0.08824539184570312	0.001209259033203125
7751410.710642723	-0.087982177734375	0.001148223876953125
7757656.806832604	-0.089141845703125	0.002178192138671875
7763902.903022486	-0.08858489990234375	0.002803802490234375
7770148.9992123665	-0.08751678466796875	0.002086639404296875
7776395.095402248	-0.08821868896484375	0.00186920166015625
7782641.19159213	-0.08864974975585938	0.003681182861328125
7788887.287782011	-0.08768081665039062	0.003124237060546875
7795133.383971892	-0.08903121948242188	0.004611968994140625
7801379.480161774	-0.08882904052734375	0.0040740966796875
7807625.576351655	-0.08853912353515625	0.00470733642578125
7813871.672541536	-0.0897369384765625	0.00450897216796875
7820117.768731417	-0.08832931518554688	0.004100799560546875
7826363.864921299	-0.08809280395507812	0.005016326904296875
7832609.9611111805	-0.0883026123046875	0.00577545166015625
7838856.057301061	-0.08788299560546875	0.006046295166015625
7845102.153490943	-0.08888626098632812	0.005229949951171875
7851348.249680825	-0.0875091552734375	0.005863189697265625
7857594.345870705	-0.08814239501953125	0.0072021484375
7863840.442060587	-0.08744049072265625	0.007106781005859375
7870086.538250468	-0.08758544921875	0.007354736328125
7876332.634440349	-0.08756256103515625	0.00780487060546875
7882578.730630231	-0.08856964111328125	0.007778167724609375
7888824.826820112	-0.087310791015625	0.008159637451171875
7895070.9230099935	-0.08788681030273438	0.00656890869140625
7901317.019199875	-0.0874481201171875	0.008350372314453125
7907563.115389756	-0.08913040161132812	0.00907135009765625
7913809.211579638	-0.08783340454101562	0.008697509765625
7920055.307769518	-0.08799362182617188	0.00904083251953125
7926301.4039594	-0.08843231201171875	0.009037017822265625
7932547.500149282	-0.08754348754882812	0.009891510009765625
7938793.596339162	-0.08758544921875	0.009033203125
7945039.692529044	-0.088165283203125	0.01064300537109375
7951285.788718926	-0.08791732788085938	0.011333465576171875
7957531.8849088065	-0.08847808837890625	0.011188507080078125
7963777.981098688	-0.08699417114257812	0.01105499267578125
7970024.077288569	-0.0868682861328125	0.01200103759765625
7976270.173478451	-0.08750534057617188	0.012363433837890625
7982516.269668332	-0.08749771118164062	0.012561798095703125
7988762.365858213	-0.08843994140625	0.011890411376953125
7995008.462048095	-0.0872650146484375	0.0123748779296875
8001254.558237976	-0.08751678466796875	0.0137481689453125
8007500.654427857	-0.08757781982421875	0.012481689453125
8013746.750617739	-0.08745193481445312	0.0128936767578125
8019992.84680762	-0.08740615844726562	0.013660430908203125
8026238.942997501	-0.08751678466796875	0.013507843017578125
8032485.039187383	-0.0870513916015625	0.014728546142578125
8038731.135377264	-0.088623046875	0.01434326171875
8044977.231567145	-0.08782958984375	0.0163726806640625
8051223.327757027	-0.08640670776367188	0.01502227783203125
8057469.423946908	-0.08635711669921875	0.015422821044921875
8063715.520136789	-0.0869598388671875	0.0155029296875
8069961.61632667	-0.08745956420898438	0.01528167724609375
8076207.712516552	-0.08698654174804688	0.016353607177734375
8082453.8087064335	-0.08729171752929688	0.015167236328125
8088699.904896314	-0.08589553833007812	0.017513275146484375
8094946.001086196	-0.08670806884765625	0.01715850830078125
8101192.097276077	-0.08726119995117188	0.016750335693359375
8107438.193465958	-0.08774948120117188	0.0180511474609375
8113684.28965584	-0.08699798583984375	0.01725006103515625
8119930.385845721	-0.0864410400390625	0.018657684326171875
8126176.482035602	-0.086212158203125	0.018573760986328125
8132422.578225484	-0.08716964721679688	0.019134521484375
8138668.674415365	-0.08618545532226562	0.019031524658203125
8144914.770605247	-0.08614349365234375	0.01873016357421875
8151160.866795127	-0.08617019653320312	0.01964569091796875
8157406.962985009	-0.0863037109375	0.01910400390625
8163653.059174891	-0.08652496337890625	0.01975250244140625
8169899.155364771	-0.0870208740234375	0.019378662109375
8176145.251554653	-0.08567047119140625	0.02079010009765625
8182391.347744535	-0.08535003662109375	0.020343780517578125
8188637.4439344155	-0.08568191528320312	0.020893096923828125
8194883.540124297	-0.08648681640625	0.021762847900390625
8201129.636314178	-0.08554840087890625	0.02132415771484375
8207375.73250406	-0.08553695678710938	0.022731781005859375
8213621.828693941	-0.0853271484375	0.0214691162109375
8219867.924883822	-0.08562469482421875	0.022388458251953125
8226114.021073704	-0.08469009399414062	0.02190399169921875
8232360.117263585	-0.085174560546875	0.021816253662109375
8238606.213453466	-0.08534622192382812	0.022586822509765625
8244852.309643348	-0.08484649658203125	0.0232086181640625
8251098.4058332285	-0.08531951904296875	0.023197174072265625
8257344.50202311	-0.08493423461914062	0.023632049560546875
8263590.598212992	-0.08544921875	0.023162841796875
8269836.694402873	-0.08472061157226562	0.02356719970703125
8276082.790592754	-0.08473587036132812	0.024349212646484375
8282328.886782636	-0.08539962768554688	0.025115966796875
8288574.982972517	-0.0849151611328125	0.024318695068359375
8294821.079162398	-0.08399581909179688	0.0257110595703125
8301067.175352279	-0.08422470092773438	0.026180267333984375
8307313.271542161	-0.08356857299804688	0.02622222900390625
8313559.367732042	-0.084625244140625	0.0256805419921875
8319805.463921923	-0.08421707153320312	0.026920318603515625
8326051.560111805	-0.08388137817382812	0.0263824462890625
8332297.656301687	-0.08441925048828125	0.026821136474609375
8338543.752491567	-0.08426284790039062	0.02675628662109375
8344789.848681449	-0.08338546752929688	0.026947021484375
8351035.94487133	-0.08341217041015625	0.02764129638671875
8357282.041061211	-0.0840606689453125	0.0263824462890625
8363528.137251093	-0.08477020263671875	0.02867889404296875
8369774.233440974	-0.0843505859375	0.028835296630859375
8376020.3296308555	-0.08367538452148438	0.02861785888671875
8382266.425820737	-0.08298873901367188	0.0287017822265625
8388512.522010618	-0.0833740234375	0.029476165771484375
8394758.6182005	-0.08379745483398438	0.029743194580078125
8401004.71439038	-0.08253097534179688	0.03002166748046875
8407250.810580263	-0.08312606811523438	0.029247283935546875
8413496.906770144	-0.08235549926757812	0.030303955078125
8419743.002960024	-0.08333969116210938	0.031673431396484375
8425989.099149905	-0.08290863037109375	0.030399322509765625
8432235.195339788	-0.08292770385742188	0.031642913818359375
8438481.291529668	-0.0826568603515625	0.030872344970703125
8444727.38771955	-0.08216094970703125	0.032428741455078125
8450973.483909432	-0.08212661743164062	0.03150177001953125
8457219.580099313	-0.08251571655273438	0.032440185546875
8463465.676289193	-0.08220291137695312	0.032543182373046875
8469711.772479076	-0.08315277099609375	0.031925201416015625
8475957.868668957	-0.08196640014648438	0.03282928466796875
8482203.964858837	-0.08173751831054688	0.0319061279296875
8488450.06104872	-0.0823822021484375	0.033145904541015625
8494696.1572386	-0.08160400390625	0.03438568115234375
8500942.253428482	-0.08180618286132812	0.034130096435546875
8507188.349618364	-0.08103179931640625	0.033489227294921875
8513434.445808245	-0.08133697509765625	0.03388214111328125
8519680.541998126	-0.081939697265625	0.034912109375
8525926.638188006	-0.08078765869140625	0.035427093505859375
8532172.734377889	-0.080810546875	0.03515625
8538418.83056777	-0.0810089111328125	0.0362396240234375
8544664.92675765	-0.08080673217773438	0.035858154296875
8550911.022947533	-0.08074188232421875	0.03598785400390625
8557157.119137414	-0.08153152465820312	0.036510467529296875
8563403.215327295	-0.08050537109375	0.0361328125
8569649.311517177	-0.08057785034179688	0.036251068115234375
8575895.407707058	-0.07936477661132812	0.036914825439453125
8582141.503896939	-0.0795745849609375	0.037631988525390625
8588387.600086821	-0.07978057861328125	0.036594390869140625
8594633.696276702	-0.079254150390625	0.03722381591796875
8600879.792466583	-0.0798187255859375	0.038055419921875
8607125.888656463	-0.08047866821289062	0.037181854248046875
8613371.984846346	-0.07880020141601562	0.038143157958984375
8619618.081036227	-0.07865524291992188	0.038120269775390625
8625864.177226108	-0.08005523681640625	0.038242340087890625
8632110.27341599	-0.07803726196289062	0.038311004638671875
8638356.36960587	-0.07936859130859375	0.0396575927734375
8644602.465795752	-0.07831573486328125	0.03973388671875
8650848.561985634	-0.0780029296875	0.040454864501953125
8657094.658175515	-0.07867813110351562	0.0399932861328125
8663340.754365396	-0.07779312133789062	0.03986358642578125
8669586.850555278	-0.07796096801757812	0.040363311767578125
8675832.94674516	-0.07873153686523438	0.0403594970703125
8682079.04293504	-0.07855987548828125	0.0413665771484375
8688325.139124922	-0.07838821411132812	0.041172027587890625
8694571.235314803	-0.0784912109375	0.041080474853515625
8700817.331504684	-0.07775115966796875	0.041736602783203125
8707063.427694565	-0.07678985595703125	0.04248046875
8713309.523884447	-0.0774383544921875	0.042194366455078125
8719555.620074328	-0.07738494873046875	0.04190826416015625
8725801.716264209	-0.07709884643554688	0.042591094970703125
8732047.812454091	-0.0774688720703125	0.04215240478515625
8738293.908643972	-0.07603073120117188	0.042896270751953125
8744540.004833853	-0.0774993896484375	0.043491363525390625
8750786.101023735	-0.0764617919921875	0.0440673828125
8757032.197213616	-0.0765228271484375	0.043346405029296875
8763278.293403497	-0.07578659057617188	0.044208526611328125
8769524.38959338	-0.07674789428710938	0.04453277587890625
8775770.48578326	-0.07596588134765625	0.04358673095703125
8782016.581973141	-0.0747222900390625	0.044170379638671875
8788262.678163024	-0.07662200927734375	0.044849395751953125
8794508.774352904	-0.07511138916015625	0.04532623291015625
8800754.870542785	-0.07593154907226562	0.045166015625
8807000.966732666	-0.07503128051757812	0.045291900634765625
8813247.062922549	-0.07612228393554688	0.046337127685546875
8819493.15911243	-0.07546234130859375	0.045612335205078125
8825739.25530231	-0.07484817504882812	0.045574188232421875
8831985.351492193	-0.07462692260742188	0.047176361083984375
8838231.447682073	-0.07403564453125	0.04669952392578125
8844477.543871954	-0.07380294799804688	0.047027587890625
8850723.640061837	-0.07384490966796875	0.04730987548828125
8856969.736251717	-0.07407760620117188	0.047344207763671875
8863215.832441598	-0.072784423828125	0.047039031982421875
8869461.92863148	-0.0736236572265625	0.0475616455078125
8875708.024821362	-0.07465744018554688	0.04778289794921875
8881954.121011242	-0.07379913330078125	0.04808807373046875
8888200.217201125	-0.07415771484375	0.04904937744140625
8894446.313391006	-0.07329940795898438	0.048969268798828125
8900692.409580886	-0.07300949096679688	0.04918670654296875
8906938.505770767	-0.07341384887695312	0.04907989501953125
8913184.60196065	-0.0723724365234375	0.049091339111328125
8919430.69815053	-0.07293319702148438	0.049449920654296875
8925676.794340411	-0.07246017456054688	0.04914093017578125
8931922.890530294	-0.072967529296875	0.049144744873046875
8938168.986720175	-0.07139968872070312	0.05004119873046875
8944415.082910055	-0.07208251953125	0.04988861083984375
8950661.179099938	-0.0723876953125	0.0504150390625
8956907.275289819	-0.07267379760742188	0.0513763427734375
8963153.3714797	-0.07233810424804688	0.050861358642578125
8969399.467669582	-0.07140731811523438	0.05248260498046875
8975645.563859463	-0.07149505615234375	0.051563262939453125
8981891.660049343	-0.0710296630859375	0.051105499267578125
8988137.756239226	-0.07126235961914062	0.051483154296875
8994383.852429107	-0.07189178466796875	0.052211761474609375
9000629.948618988	-0.07085037231445312	0.052734375
9006876.044808868	-0.070220947265625	0.05237579345703125
9013122.14099875	-0.07066726684570312	0.05266571044921875
9019368.237188632	-0.07100677490234375	0.052509307861328125
9025614.333378512	-0.06990432739257812	0.053829193115234375
9031860.429568395	-0.06987380981445312	0.0539398193359375
9038106.525758276	-0.07044219970703125	0.05274200439453125
9044352.621948157	-0.06956100463867188	0.05279541015625
9050598.71813804	-0.06997299194335938	0.054370880126953125
9056844.81432792	-0.07005691528320312	0.053924560546875
9063090.9105178	-0.06985092163085938	0.054229736328125
9069337.006707683	-0.06768035888671875	0.054805755615234375
9075583.102897564	-0.0687408447265625	0.05457305908203125
9081829.199087445	-0.06894302368164062	0.055419921875
9088075.295277325	-0.06909561157226562	0.055538177490234375
9094321.391467208	-0.06803131103515625	0.055538177490234375
9100567.487657089	-0.06887054443359375	0.054931640625
9106813.58384697	-0.069091796875	0.05511474609375
9113059.680036852	-0.06919097900390625	0.05651092529296875
9119305.776226733	-0.06734085083007812	0.055828094482421875
9125551.872416614	-0.06702041625976562	0.055934906005859375
9131797.968606496	-0.0672607421875	0.05648040771484375
9138044.064796377	-0.0671539306640625	0.05651092529296875
9144290.160986258	-0.0668487548828125	0.056667327880859375
9150536.25717614	-0.06687545776367188	0.057037353515625
9156782.353366021	-0.06650161743164062	0.057140350341796875
9163028.449555902	-0.066497802734375	0.057910919189453125
9169274.545745784	-0.0662384033203125	0.0573883056640625
9175520.641935665	-0.06626129150390625	0.05760955810546875
9181766.738125546	-0.06692886352539062	0.0577850341796875
9188012.834315427	-0.06525039672851562	0.058319091796875
9194258.93050531	-0.06546783447265625	0.0583953857421875
9200505.02669519	-0.06543350219726562	0.058254241943359375
9206751.12288507	-0.0654296875	0.05936431884765625
9212997.219074953	-0.06531906127929688	0.05926513671875
9219243.315264834	-0.06569671630859375	0.058834075927734375
9225489.411454715	-0.06509780883789062	0.05866241455078125
9231735.507644597	-0.06431198120117188	0.059185028076171875
9237981.603834478	-0.06534957885742188	0.06026458740234375
9244227.700024359	-0.06370925903320312	0.060398101806640625
9250473.796214242	-0.064361572265625	0.061038970947265625
9256719.892404122	-0.0634307861328125	0.061290740966796875
9262965.988594003	-0.06334686279296875	0.060394287109375
9269212.084783886	-0.06230926513671875	0.060894012451171875
9275458.180973766	-0.06377029418945312	0.061046600341796875
9281704.277163647	-0.06223297119140625	0.060535430908203125
9287950.373353528	-0.0621337890625	0.061496734619140625
9294196.46954341	-0.06277847290039062	0.06217193603515625
9300442.565733291	-0.06268692016601562	0.06232452392578125
9306688.661923172	-0.06276321411132812	0.061603546142578125
9312934.758113055	-0.061672210693359375	0.0621490478515625
9319180.854302935	-0.0622100830078125	0.0623931884765625
9325426.950492816	-0.0608978271484375	0.06300735473632812
9331673.046682699	-0.062465667724609375	0.06298828125
9337919.14287258	-0.060882568359375	0.06179046630859375
9344165.23906246	-0.061695098876953125	0.0630035400390625
9350411.335252343	-0.060726165771484375	0.06249237060546875
9356657.431442223	-0.06160736083984375	0.063812255859375
9362903.527632104	-0.060527801513671875	0.06357955932617188
9369149.623821987	-0.060512542724609375	0.06377792358398438
9375395.720011868	-0.060077667236328125	0.06397628784179688
9381641.816201748	-0.06024932861328125	0.06426239013671875
9387887.91239163	-0.060276031494140625	0.06349945068359375
9394134.008581512	-0.05971527099609375	0.0643463134765625
9400380.104771392	-0.059780120849609375	0.06473541259765625
9406626.200961273	-0.05893707275390625	0.0658111572265625
9412872.297151156	-0.059711456298828125	0.0652618408203125
9419118.393341037	-0.058086395263671875	0.0654754638671875
9425364.489530917	-0.058193206787109375	0.06599807739257812
9431610.5857208	-0.058681488037109375	0.06505203247070312
9437856.68191068	-0.0576324462890625	0.06539154052734375
9444102.778100561	-0.0576324462890625	0.0655059814453125
9450348.874290444	-0.058254241943359375	0.06711196899414062
9456594.970480325	-0.057682037353515625	0.06616592407226562
9462841.066670205	-0.057445526123046875	0.06671142578125
9469087.162860088	-0.058231353759765625	0.06638336181640625
9475333.259049969	-0.0572357177734375	0.06627273559570312
9481579.35523985	-0.057460784912109375	0.06696701049804688
9487825.45142973	-0.056972503662109375	0.066314697265625
9494071.547619613	-0.05670928955078125	0.06716156005859375
9500317.643809494	-0.05682373046875	0.06772232055664062
9506563.739999374	-0.05632781982421875	0.06767654418945312
9512809.836189257	-0.054599761962890625	0.0676727294921875
9519055.932379138	-0.055316925048828125	0.06874465942382812
9525302.028569018	-0.05574798583984375	0.0677337646484375
9531548.124758901	-0.05401611328125	0.06829452514648438
9537794.220948782	-0.054393768310546875	0.06844329833984375
9544040.317138663	-0.054531097412109375	0.06838226318359375
9550286.413328545	-0.053539276123046875	0.06847763061523438
9556532.509518426	-0.054698944091796875	0.06900405883789062
9562778.605708307	-0.053680419921875	0.0697479248046875
9569024.701898187	-0.054424285888671875	0.06927871704101562
9575270.79808807	-0.0535736083984375	0.06957244873046875
9581516.89427795	-0.053874969482421875	0.06953811645507812
9587762.990467831	-0.05333709716796875	0.07025146484375
9594009.086657714	-0.0528564453125	0.06997299194335938
9600255.182847595	-0.0527801513671875	0.0694580078125
9606501.279037476	-0.053203582763671875	0.07055282592773438
9612747.375227358	-0.0532073974609375	0.07027053833007812
9618993.471417239	-0.052127838134765625	0.06946182250976562
9625239.56760712	-0.052581787109375	0.07061004638671875
9631485.663797002	-0.050655364990234375	0.07091903686523438
9637731.759986883	-0.051403045654296875	0.0709381103515625
9643977.856176764	-0.052303314208984375	0.07072830200195312
9650223.952366646	-0.0507965087890625	0.0710296630859375
9656470.048556527	-0.0508270263671875	0.071014404296875
9662716.144746408	-0.050960540771484375	0.0717315673828125
9668962.240936289	-0.050304412841796875	0.0713043212890625
9675208.337126171	-0.0498046875	0.07134628295898438
9681454.433316052	-0.050182342529296875	0.07257843017578125
9687700.529505933	-0.04904937744140625	0.07215499877929688
9693946.625695815	-0.049900054931640625	0.07261276245117188
9700192.721885696	-0.0488739013671875	0.07259750366210938
9706438.818075577	-0.0486907958984375	0.07159423828125
9712684.91426546	-0.0491790771484375	0.07382965087890625
9718931.01045534	-0.049373626708984375	0.07292938232421875
9725177.10664522	-0.0484619140625	0.07296371459960938
9731423.202835103	-0.04864501953125	0.0725860595703125
9737669.299024984	-0.04813385009765625	0.07411956787109375
9743915.395214865	-0.0476531982421875	0.07229995727539062
9750161.491404748	-0.04755401611328125	0.07281112670898438
9756407.587594628	-0.0471038818359375	0.07347488403320312
9762653.68378451	-0.047191619873046875	0.07378387451171875
9768899.77997439	-0.04718780517578125	0.07402801513671875
9775145.876164272	-0.045867919921875	0.07403182983398438
9781391.972354153	-0.047016143798828125	0.07451629638671875
9787638.068544034	-0.04613494873046875	0.07442855834960938
9793884.164733917	-0.045459747314453125	0.07440185546875
9800130.260923797	-0.045703887939453125	0.07458877563476562
9806376.357113678	-0.045810699462890625	0.07483673095703125
9812622.45330356	-0.0462799072265625	0.07465362548828125
9818868.549493441	-0.0444488525390625	0.07549285888671875
9825114.645683322	-0.0451202392578125	0.07477188110351562
9831360.741873205	-0.045383453369140625	0.0758209228515625
9837606.838063085	-0.045017242431640625	0.07571792602539062
9843852.934252966	-0.044620513916015625	0.07522201538085938
9850099.030442849	-0.04376983642578125	0.07585906982421875
9856345.12663273	-0.043796539306640625	0.07569122314453125
9862591.22282261	-0.04328155517578125	0.07588958740234375
9868837.319012491	-0.04273223876953125	0.07481765747070312
9875083.415202374	-0.043285369873046875	0.07619094848632812
9881329.511392254	-0.042205810546875	0.07693862915039062
9887575.607582135	-0.043041229248046875	0.07701492309570312
9893821.703772018	-0.042583465576171875	0.0767822265625
9900067.799961898	-0.04203033447265625	0.07727813720703125
9906313.89615178	-0.042140960693359375	0.07581329345703125
9912559.992341662	-0.042278289794921875	0.07644271850585938
9918806.088531543	-0.041217803955078125	0.07600021362304688
9925052.184721423	-0.0402679443359375	0.07622909545898438
9931298.280911306	-0.041721343994140625	0.07776260375976562
9937544.377101187	-0.040313720703125	0.07770156860351562
9943790.473291067	-0.0412445068359375	0.07696533203125
9950036.56948095	-0.0405120849609375	0.07611465454101562
9956282.66567083	-0.04047393798828125	0.0774383544921875
9962528.761860712	-0.040904998779296875	0.077667236328125
9968774.858050592	-0.0394287109375	0.07848358154296875
9975020.954240475	-0.0387115478515625	0.07793426513671875
9981267.050430356	-0.0389862060546875	0.07838058471679688
9987513.146620236	-0.039936065673828125	0.0771636962890625