F	I	Q
5341994378.513429	0.059722900390625	-0.06084442138671875
5342000000.0	0.0607757568359375	-0.061397552490234375
5342005621.486571	0.060024261474609375	-0.0614471435546875
5342011242.973142	0.060680389404296875	-0.061183929443359375
5342016864.459713	0.060558319091796875	-0.06140899658203125
5342022485.946283	0.060077667236328125	-0.0609130859375
5342028107.432855	0.060581207275390625	-0.061519622802734375
5342033728.919425	0.05937957763671875	-0.060802459716796875
5342039350.405996	0.06009674072265625	-0.0610198974609375
5342044971.892567	0.06060028076171875	-0.061763763427734375
5342050593.379138	0.05960845947265625	-0.061214447021484375
5342056214.865709	0.059856414794921875	-0.062164306640625
5342061836.35228	0.05902862548828125	-0.06281661987304688
5342067457.838851	0.059474945068359375	-0.062458038330078125
5342073079.325421	0.05877685546875	-0.062713623046875
5342078700.811993	0.059329986572265625	-0.062175750732421875
5342084322.298563	0.058925628662109375	-0.06177520751953125
5342089943.785134	0.05867767333984375	-0.06282424926757812
5342095565.271706	0.05844879150390625	-0.062480926513671875
5342101186.758276	0.05896759033203125	-0.06261825561523438
5342106808.244847	0.0582427978515625	-0.062496185302734375
5342112429.731418	0.058567047119140625	-0.0642852783203125
5342118051.217989	0.057407379150390625	-0.06325149536132812
5342123672.704559	0.05837249755859375	-0.06237030029296875
5342129294.191131	0.058376312255859375	-0.06422042846679688
5342134915.677701	0.05804443359375	-0.062255859375
5342140537.164272	0.058868408203125	-0.06329345703125
5342146158.650844	0.058681488037109375	-0.06377792358398438
5342151780.137414	0.0584259033203125	-0.06264495849609375
5342157401.623985	0.05767059326171875	-0.06296539306640625
5342163023.110556	0.05768585205078125	-0.0637969970703125
5342168644.597127	0.056995391845703125	-0.06530380249023438
5342174266.083697	0.05738067626953125	-0.063690185546875
5342179887.570269	0.05694580078125	-0.06366729736328125
5342185509.05684	0.05621337890625	-0.063690185546875
5342191130.54341	0.05669403076171875	-0.06454849243164062
5342196752.029982	0.057384490966796875	-0.0644989013671875
5342202373.516552	0.0563812255859375	-0.06369400024414062
5342207995.003123	0.05628204345703125	-0.06507110595703125
5342213616.489694	0.05689239501953125	-0.06356430053710938
5342219237.976265	0.055896759033203125	-0.06391525268554688
5342224859.462835	0.056987762451171875	-0.06413650512695312
5342230480.949407	0.05600738525390625	-0.06424331665039062
5342236102.435978	0.05536651611328125	-0.064453125
5342241723.922548	0.055538177490234375	-0.06431198120117188
5342247345.40912	0.05599212646484375	-0.06526947021484375
5342252966.89569	0.055572509765625	-0.06423187255859375
5342258588.382261	0.054775238037109375	-0.0647430419921875
5342264209.868832	0.055538177490234375	-0.0654296875
5342269831.355403	0.054828643798828125	-0.06491470336914062
5342275452.841973	0.0555572509765625	-0.06604385375976562
5342281074.328545	0.054019927978515625	-0.06510543823242188
5342286695.815116	0.0552215576171875	-0.06595611572265625
5342292317.301686	0.0552215576171875	-0.06597900390625
5342297938.788258	0.054698944091796875	-0.06563568115234375
5342303560.274828	0.05419921875	-0.0653228759765625
5342309181.761399	0.05377960205078125	-0.06487655639648438
5342314803.24797	0.054508209228515625	-0.06587600708007812
5342320424.734541	0.054027557373046875	-0.06536102294921875
5342326046.221112	0.05438232421875	-0.06644439697265625
5342331667.707683	0.0535125732421875	-0.06595993041992188
5342337289.194254	0.0552520751953125	-0.06694412231445312
5342342910.680824	0.053035736083984375	-0.06576919555664062
5342348532.167396	0.052860260009765625	-0.06688690185546875
5342354153.653966	0.0537872314453125	-0.06627273559570312
5342359775.140537	0.053497314453125	-0.06674575805664062
5342365396.627108	0.0529327392578125	-0.06632614135742188
5342371018.113679	0.05290985107421875	-0.06570053100585938
5342376639.60025	0.05266571044921875	-0.06696319580078125
5342382261.086821	0.05307769775390625	-0.06713485717773438
5342387882.573392	0.052349090576171875	-0.06650161743164062
5342393504.059962	0.053409576416015625	-0.06678009033203125
5342399125.546534	0.052600860595703125	-0.0666046142578125
5342404747.033104	0.05265045166015625	-0.06658554077148438
5342410368.519675	0.05255889892578125	-0.06674957275390625
5342415990.006247	0.05060577392578125	-0.06737136840820312
5342421611.492817	0.0519561767578125	-0.06723403930664062
5342427232.979388	0.0520477294921875	-0.06789779663085938
5342432854.465959	0.0514678955078125	-0.06708145141601562
5342438475.95253	0.05124664306640625	-0.06746673583984375
5342444097.4391	0.0513916015625	-0.06697463989257812
5342449718.925672	0.050472259521484375	-0.06743621826171875
5342455340.412242	0.051342010498046875	-0.06766891479492188
5342460961.898813	0.05185699462890625	-0.06774139404296875
5342466583.385385	0.05126190185546875	-0.06743621826171875
5342472204.871955	0.05077362060546875	-0.0670928955078125
5342477826.358526	0.049587249755859375	-0.06737518310546875
5342483447.845097	0.04935455322265625	-0.06805038452148438
5342489069.331668	0.050098419189453125	-0.06820297241210938
5342494690.818238	0.049533843994140625	-0.06827926635742188
5342500312.30481	0.0490875244140625	-0.06807327270507812
5342505933.79138	0.049976348876953125	-0.06940078735351562
5342511555.277951	0.05069732666015625	-0.0692138671875
5342517176.764523	0.04991912841796875	-0.06767654418945312
5342522798.251093	0.04925537109375	-0.06738662719726562
5342528419.737664	0.04921722412109375	-0.06826400756835938
5342534041.224235	0.04950714111328125	-0.06840896606445312
5342539662.710806	0.0496826171875	-0.0690155029296875
5342545284.197376	0.048969268798828125	-0.068511962890625
5342550905.683948	0.049358367919921875	-0.06878662109375
5342556527.170519	0.0488433837890625	-0.0688018798828125
5342562148.657089	0.04903411865234375	-0.06965255737304688
5342567770.143661	0.0487823486328125	-0.06896591186523438
5342573391.630231	0.04891204833984375	-0.06862258911132812
5342579013.116802	0.048236846923828125	-0.06791305541992188
5342584634.603373	0.04663848876953125	-0.06954193115234375
5342590256.089944	0.04761505126953125	-0.0693206787109375
5342595877.576514	0.04785919189453125	-0.06957244873046875
5342601499.063086	0.047740936279296875	-0.06902313232421875
5342607120.549657	0.047992706298828125	-0.06939315795898438
5342612742.036227	0.048065185546875	-0.06966018676757812
5342618363.522799	0.04750823974609375	-0.06984710693359375
5342623985.009369	0.0471649169921875	-0.06987762451171875
5342629606.49594	0.04795074462890625	-0.07064437866210938
5342635227.982511	0.046695709228515625	-0.0697784423828125
5342640849.469082	0.046215057373046875	-0.06990432739257812
5342646470.955653	0.0464019775390625	-0.0701751708984375
5342652092.442224	0.047054290771484375	-0.0705108642578125
5342657713.928795	0.0464324951171875	-0.07011032104492188
5342663335.415365	0.04680633544921875	-0.07059097290039062
5342668956.901937	0.045856475830078125	-0.06913375854492188
5342674578.388507	0.045551300048828125	-0.06986236572265625
5342680199.875078	0.04666900634765625	-0.069671630859375
5342685821.361649	0.045795440673828125	-0.07117462158203125
5342691442.84822	0.04595184326171875	-0.07077407836914062
5342697064.334791	0.045360565185546875	-0.07074356079101562
5342702685.821362	0.045894622802734375	-0.0709686279296875
5342708307.307933	0.0458831787109375	-0.07074356079101562
5342713928.794503	0.04569244384765625	-0.0709686279296875
5342719550.281075	0.04508209228515625	-0.0714874267578125
5342725171.767645	0.044708251953125	-0.07079696655273438
5342730793.254216	0.0441741943359375	-0.07038497924804688
5342736414.740787	0.04488372802734375	-0.071014404296875
5342742036.227358	0.044342041015625	-0.07166671752929688
5342747657.713929	0.045063018798828125	-0.07081222534179688
5342753279.2005	0.044727325439453125	-0.070648193359375
5342758900.687071	0.044185638427734375	-0.07086944580078125
5342764522.173641	0.043689727783203125	-0.07172775268554688
5342770143.6602125	0.0434112548828125	-0.07183837890625
5342775765.146783	0.04442596435546875	-0.071075439453125
5342781386.633354	0.044097900390625	-0.0716552734375
5342787008.1199255	0.04410552978515625	-0.0714874267578125
5342792629.606496	0.042446136474609375	-0.07110214233398438
5342798251.093067	0.043804168701171875	-0.07112884521484375
5342803872.579638	0.04274749755859375	-0.07207489013671875
5342809494.066209	0.04370880126953125	-0.0716094970703125
5342815115.552779	0.04177093505859375	-0.07155609130859375
5342820737.0393505	0.04224395751953125	-0.0714263916015625
5342826358.525921	0.04134368896484375	-0.07277679443359375
5342831980.012492	0.042724609375	-0.071502685546875
5342837601.4990635	0.04213714599609375	-0.07199859619140625
5342843222.985634	0.041561126708984375	-0.07229995727539062
5342848844.472205	0.04235076904296875	-0.07179641723632812
5342854465.9587755	0.040828704833984375	-0.07215499877929688
5342860087.445347	0.040996551513671875	-0.07157135009765625
5342865708.931917	0.0416107177734375	-0.07194900512695312
5342871330.4184885	0.041423797607421875	-0.0712127685546875
5342876951.90506	0.041530609130859375	-0.07194137573242188
5342882573.39163	0.0419158935546875	-0.07191085815429688
5342888194.8782015	0.04201507568359375	-0.07187271118164062
5342893816.364772	0.0408172607421875	-0.07287216186523438
5342899437.851343	0.041477203369140625	-0.07248306274414062
5342905059.3379135	0.039768218994140625	-0.0726165771484375
5342910680.824485	0.040622711181640625	-0.07199478149414062
5342916302.311055	0.04030609130859375	-0.07276153564453125
5342921923.7976265	0.040981292724609375	-0.074066162109375
5342927545.284198	0.0398101806640625	-0.07399368286132812
5342933166.770768	0.041332244873046875	-0.07236862182617188
5342938788.2573395	0.039581298828125	-0.07295608520507812
5342944409.74391	0.03912353515625	-0.07260894775390625
5342950031.230481	0.039546966552734375	-0.07285690307617188
5342955652.7170515	0.0398712158203125	-0.0724334716796875
5342961274.203623	0.039825439453125	-0.0721588134765625
5342966895.690193	0.038341522216796875	-0.07342529296875
5342972517.1767645	0.038906097412109375	-0.07349395751953125
5342978138.663336	0.039402008056640625	-0.07327651977539062
5342983760.149906	0.03885650634765625	-0.07277679443359375
5342989381.636477	0.038116455078125	-0.07239913940429688
5342995003.123048	0.03802490234375	-0.07385635375976562
5343000624.609619	0.037578582763671875	-0.07362747192382812
5343006246.0961895	0.03760528564453125	-0.07341766357421875
5343011867.582761	0.03720855712890625	-0.07223892211914062
5343017489.069332	0.037883758544921875	-0.07275390625
5343023110.5559025	0.038909912109375	-0.07346725463867188
5343028732.042474	0.0376129150390625	-0.07287979125976562
5343034353.529044	0.038776397705078125	-0.07339096069335938
5343039975.015615	0.0374298095703125	-0.0740966796875
5343045596.502186	0.03786468505859375	-0.07394027709960938
5343051217.988757	0.0369873046875	-0.07330703735351562
5343056839.4753275	0.036464691162109375	-0.07390975952148438
5343062460.961899	0.036285400390625	-0.07485198974609375
5343068082.44847	0.03656005859375	-0.07364273071289062
5343073703.93504	0.03685760498046875	-0.073150634765625
5343079325.421612	0.03592681884765625	-0.07421493530273438
5343084946.908182	0.03668975830078125	-0.0738983154296875
5343090568.394753	0.036312103271484375	-0.07379913330078125
5343096189.881324	0.03542327880859375	-0.07311248779296875
5343101811.367895	0.0361328125	-0.07435226440429688
5343107432.8544655	0.03582763671875	-0.0743255615234375
5343113054.341037	0.03556060791015625	-0.07474517822265625
5343118675.827608	0.036266326904296875	-0.07445526123046875
5343124297.314178	0.035190582275390625	-0.07410812377929688
5343129918.80075	0.034954071044921875	-0.07314300537109375
5343135540.28732	0.035060882568359375	-0.074737548828125
5343141161.773891	0.0352630615234375	-0.07491683959960938
5343146783.260462	0.035381317138671875	-0.07446670532226562
5343152404.747033	0.034297943115234375	-0.07412338256835938
5343158026.233604	0.035083770751953125	-0.07501983642578125
5343163647.720175	0.0335845947265625	-0.0742950439453125
5343169269.206746	0.034336090087890625	-0.07442855834960938
5343174890.693316	0.033168792724609375	-0.07501983642578125
5343180512.179888	0.033172607421875	-0.07472610473632812
5343186133.666458	0.03339385986328125	-0.07505416870117188
5343191755.153029	0.032901763916015625	-0.0747222900390625
5343197376.6396	0.032985687255859375	-0.07474517822265625
5343202998.126171	0.033367156982421875	-0.07494354248046875
5343208619.612742	0.033477783203125	-0.0748138427734375
5343214241.099313	0.032505035400390625	-0.0744476318359375
5343219862.585884	0.03247833251953125	-0.07447433471679688
5343225484.072454	0.031444549560546875	-0.07485198974609375
5343231105.559026	0.031833648681640625	-0.07496261596679688
5343236727.045596	0.031375885009765625	-0.07519149780273438
5343242348.532167	0.032787322998046875	-0.0756988525390625
5343247970.018739	0.03212738037109375	-0.07471084594726562
5343253591.505309	0.03026580810546875	-0.07455062866210938
5343259212.99188	0.031475067138671875	-0.07560348510742188
5343264834.478451	0.03194427490234375	-0.07529830932617188
5343270455.965022	0.031463623046875	-0.07517623901367188
5343276077.451592	0.03041839599609375	-0.07600021362304688
5343281698.938164	0.03124237060546875	-0.0749969482421875
5343287320.424734	0.030361175537109375	-0.07514190673828125
5343292941.911305	0.030849456787109375	-0.0753936767578125
5343298563.397877	0.0305633544921875	-0.07509613037109375
5343304184.884447	0.030818939208984375	-0.07426834106445312
5343309806.371018	0.031215667724609375	-0.0756378173828125
5343315427.857589	0.03049468994140625	-0.07526779174804688
5343321049.34416	0.03095245361328125	-0.07667922973632812
5343326670.83073	0.02996826171875	-0.07544326782226562
5343332292.317302	0.030048370361328125	-0.07619094848632812
5343337913.803872	0.03000640869140625	-0.07495880126953125
5343343535.290443	0.029460906982421875	-0.0754241943359375
5343349156.777015	0.02899932861328125	-0.07627487182617188
5343354778.263585	0.028469085693359375	-0.07491302490234375
5343360399.750156	0.028568267822265625	-0.07702255249023438
5343366021.236727	0.028461456298828125	-0.07576370239257812
5343371642.723298	0.028400421142578125	-0.07410812377929688
5343377264.209868	0.028621673583984375	-0.07451248168945312
5343382885.69644	0.02845001220703125	-0.07644271850585938
5343388507.183011	0.02857208251953125	-0.07552337646484375
5343394128.669581	0.028118133544921875	-0.07574462890625
5343399750.156153	0.027797698974609375	-0.07570648193359375
5343405371.642723	0.0281829833984375	-0.07619857788085938
5343410993.129294	0.027988433837890625	-0.07556915283203125
5343416614.615865	0.028179168701171875	-0.07585906982421875
5343422236.102436	0.02669525146484375	-0.07607269287109375
5343427857.589006	0.026493072509765625	-0.07570648193359375
5343433479.075578	0.02779388427734375	-0.07580184936523438
5343439100.562149	0.02655792236328125	-0.0750579833984375
5343444722.048719	0.026142120361328125	-0.07546615600585938
5343450343.535291	0.02635955810546875	-0.0755615234375
5343455965.021861	0.02642059326171875	-0.07574081420898438
5343461586.508432	0.0267791748046875	-0.07574844360351562
5343467207.995003	0.025600433349609375	-0.07517242431640625
5343472829.481574	0.02620697021484375	-0.07512664794921875
5343478450.968145	0.026012420654296875	-0.07636260986328125
5343484072.454716	0.025241851806640625	-0.07655715942382812
5343489693.941287	0.02613067626953125	-0.07553482055664062
5343495315.427857	0.02585601806640625	-0.07648086547851562
5343500936.914429	0.02542877197265625	-0.07553482055664062
5343506558.400999	0.024883270263671875	-0.07711410522460938
5343512179.88757	0.02545928955078125	-0.07576370239257812
5343517801.374141	0.02544403076171875	-0.07555007934570312
5343523422.860712	0.0251312255859375	-0.07655715942382812
5343529044.347283	0.02486419677734375	-0.0765838623046875
5343534665.833854	0.024570465087890625	-0.07560348510742188
5343540287.320425	0.02306365966796875	-0.07521820068359375
5343545908.806995	0.024532318115234375	-0.0767059326171875
5343551530.293567	0.02405548095703125	-0.07596588134765625
5343557151.780137	0.024227142333984375	-0.07680511474609375
5343562773.266708	0.024425506591796875	-0.0765533447265625
5343568394.753279	0.023067474365234375	-0.07529067993164062
5343574016.23985	0.024044036865234375	-0.07633590698242188
5343579637.726421	0.023487091064453125	-0.07568740844726562
5343585259.212992	0.022846221923828125	-0.07636260986328125
5343590880.699563	0.02359771728515625	-0.07606124877929688
5343596502.186133	0.02277374267578125	-0.07520675659179688
5343602123.672705	0.022792816162109375	-0.07674789428710938
5343607745.159275	0.022762298583984375	-0.07691574096679688
5343613366.645846	0.02204132080078125	-0.0757904052734375
5343618988.132418	0.023166656494140625	-0.076934814453125
5343624609.618988	0.022266387939453125	-0.07717514038085938
5343630231.105559	0.0223541259765625	-0.07581329345703125
5343635852.59213	0.0218048095703125	-0.0765228271484375
5343641474.078701	0.022083282470703125	-0.076416015625
5343647095.565271	0.021240234375	-0.075592041015625
5343652717.051843	0.020599365234375	-0.0779266357421875
5343658338.538413	0.02105712890625	-0.077392578125
5343663960.024984	0.020763397216796875	-0.07683181762695312
5343669581.511556	0.02109527587890625	-0.076629638671875
5343675202.998126	0.020778656005859375	-0.07612228393554688
5343680824.484697	0.02121734619140625	-0.07636260986328125
5343686445.971268	0.0207672119140625	-0.07586669921875
5343692067.457839	0.020294189453125	-0.07661056518554688
5343697688.944409	0.0198822021484375	-0.07643508911132812
5343703310.430981	0.019744873046875	-0.07633590698242188
5343708931.917552	0.020687103271484375	-0.07733917236328125
5343714553.404122	0.0195770263671875	-0.07668685913085938
5343720174.890694	0.01940155029296875	-0.07735061645507812
5343725796.377264	0.01979827880859375	-0.07601165771484375
5343731417.863835	0.018917083740234375	-0.07678985595703125
5343737039.350406	0.018566131591796875	-0.076751708984375
5343742660.836977	0.0198516845703125	-0.0762786865234375
5343748282.323547	0.017444610595703125	-0.07682418823242188
5343753903.810119	0.019718170166015625	-0.07689285278320312
5343759525.29669	0.017482757568359375	-0.076141357421875
5343765146.78326	0.017913818359375	-0.07599639892578125
5343770768.269832	0.01795196533203125	-0.07634735107421875
5343776389.756402	0.01749420166015625	-0.0768280029296875
5343782011.242973	0.01699066162109375	-0.07703781127929688
5343787632.729544	0.016895294189453125	-0.07641983032226562
5343793254.216115	0.017383575439453125	-0.07648849487304688
5343798875.702685	0.01735687255859375	-0.07555770874023438
5343804497.189257	0.016956329345703125	-0.07629013061523438
5343810118.675828	0.016597747802734375	-0.07622528076171875
5343815740.162398	0.0175628662109375	-0.07736968994140625
5343821361.64897	0.01666259765625	-0.07623291015625
5343826983.13554	0.01596832275390625	-0.07563018798828125
5343832604.622111	0.01700592041015625	-0.077301025390625
5343838226.108682	0.015987396240234375	-0.07590103149414062
5343843847.595253	0.016845703125	-0.07680130004882812
5343849469.081824	0.016452789306640625	-0.07643508911132812
5343855090.568395	0.015338897705078125	-0.0760040283203125
5343860712.054966	0.01580810546875	-0.07683944702148438
5343866333.541536	0.014705657958984375	-0.07651519775390625
5343871955.028108	0.01456451416015625	-0.07614517211914062
5343877576.514678	0.015621185302734375	-0.0767059326171875
5343883198.001249	0.01430511474609375	-0.07625198364257812
5343888819.48782	0.014995574951171875	-0.0755767822265625
5343894440.974391	0.014362335205078125	-0.076019287109375
5343900062.460962	0.0144500732421875	-0.07556533813476562
5343905683.947533	0.01374053955078125	-0.07638931274414062
5343911305.434104	0.01377105712890625	-0.07554244995117188
5343916926.920674	0.01397705078125	-0.07708358764648438
5343922548.407246	0.014179229736328125	-0.07654953002929688
5343928169.893816	0.01409149169921875	-0.07678604125976562
5343933791.380387	0.01313018798828125	-0.07503128051757812
5343939412.866959	0.014438629150390625	-0.07609939575195312
5343945034.353529	0.01314544677734375	-0.07584762573242188
5343950655.8401	0.012577056884765625	-0.07556533813476562
5343956277.326671	0.01320648193359375	-0.0763092041015625
5343961898.813242	0.012256622314453125	-0.07674789428710938
5343967520.299812	0.01277923583984375	-0.07596206665039062
5343973141.786384	0.012142181396484375	-0.07599258422851562
5343978763.272954	0.012432098388671875	-0.076171875
5343984384.759525	0.0118560791015625	-0.07521820068359375
5343990006.246097	0.01226043701171875	-0.07580947875976562
5343995627.732667	0.01177215576171875	-0.076416015625
5344001249.219238	0.01192474365234375	-0.07526016235351562
5344006870.705809	0.012538909912109375	-0.07566070556640625
5344012492.19238	0.012538909912109375	-0.07474517822265625
5344018113.67895	0.01148223876953125	-0.07603073120117188
5344023735.165522	0.011371612548828125	-0.07575607299804688
5344029356.652092	0.010753631591796875	-0.07507705688476562
5344034978.138663	0.01007843017578125	-0.075775146484375
5344040599.625235	0.010284423828125	-0.07599639892578125
5344046221.111805	0.01059722900390625	-0.07584762573242188
5344051842.598376	0.01033782958984375	-0.07635498046875
5344057464.084947	0.01116943359375	-0.07579421997070312
5344063085.571518	0.0099945068359375	-0.07601547241210938
5344068707.058088	0.00943756103515625	-0.07573318481445312
5344074328.54466	0.009891510009765625	-0.07597732543945312
5344079950.031231	0.009265899658203125	-0.07441329956054688
5344085571.517801	0.00927734375	-0.075531005859375
5344091193.004373	0.00872802734375	-0.07557296752929688
5344096814.490943	0.00934600830078125	-0.07551193237304688
5344102435.977514	0.009067535400390625	-0.074737548828125
5344108057.464085	0.009075164794921875	-0.07611846923828125
5344113678.950656	0.008411407470703125	-0.075653076171875
5344119300.437226	0.008914947509765625	-0.07500839233398438
5344124921.923798	0.008365631103515625	-0.07567214965820312
5344130543.410369	0.007846832275390625	-0.07546615600585938
5344136164.896939	0.008350372314453125	-0.07477951049804688
5344141786.383511	0.007541656494140625	-0.07547378540039062
5344147407.870081	0.00875091552734375	-0.07381439208984375
5344153029.356652	0.0076141357421875	-0.07540130615234375
5344158650.843223	0.006649017333984375	-0.07533645629882812
5344164272.329794	0.006916046142578125	-0.07518768310546875
5344169893.816365	0.006427764892578125	-0.07436752319335938
5344175515.302936	0.006626129150390625	-0.074676513671875
5344181136.789507	0.0066375732421875	-0.07510757446289062
5344186758.276077	0.006504058837890625	-0.07526016235351562
5344192379.762649	0.006931304931640625	-0.07546615600585938
5344198001.249219	0.00725555419921875	-0.07526016235351562
5344203622.73579	0.006824493408203125	-0.07532882690429688
5344209244.222361	0.005687713623046875	-0.07397842407226562
5344214865.708932	0.006305694580078125	-0.07446670532226562
5344220487.195503	0.005634307861328125	-0.07509231567382812
5344226108.682074	0.00457763671875	-0.07532119750976562
5344231730.168645	0.006031036376953125	-0.07370376586914062
5344237351.655215	0.0055694580078125	-0.074798583984375
5344242973.141787	0.004940032958984375	-0.07500076293945312
5344248594.628357	0.004467010498046875	-0.07440567016601562
5344254216.114928	0.00506591796875	-0.07358551025390625
5344259837.601499	0.004543304443359375	-0.07508087158203125
5344265459.08807	0.004306793212890625	-0.07451248168945312
5344271080.574641	0.004791259765625	-0.07455825805664062
5344276702.061212	0.004924774169921875	-0.0744476318359375
5344282323.547783	0.00395965576171875	-0.07308197021484375
5344287945.034353	0.003658294677734375	-0.0742340087890625
5344293566.520925	0.003429412841796875	-0.0744476318359375
5344299188.007495	0.00450897216796875	-0.074737548828125
5344304809.494066	0.00357818603515625	-0.07516860961914062
5344310430.980638	0.002197265625	-0.07462310791015625
5344316052.467208	0.003814697265625	-0.07491683959960938
5344321673.953779	0.002964019775390625	-0.0740203857421875
5344327295.44035	0.0027923583984375	-0.07331085205078125
5344332916.926921	0.002071380615234375	-0.0728302001953125
5344338538.413491	0.00325775146484375	-0.07413101196289062
5344344159.900063	0.002483367919921875	-0.07285690307617188
5344349781.386633	0.003582000732421875	-0.07240676879882812
5344355402.873204	0.00269317626953125	-0.07414627075195312
5344361024.359776	0.001850128173828125	-0.07407379150390625
5344366645.846346	0.000926971435546875	-0.07363510131835938
5344372267.332917	0.00152587890625	-0.07345962524414062
5344377888.819488	0.00177764892578125	-0.07281112670898438
5344383510.306059	0.0010528564453125	-0.07250213623046875
5344389131.792629	0.001300811767578125	-0.07282257080078125
5344394753.279201	0.000896453857421875	-0.0726318359375
5344400374.765772	0.000934600830078125	-0.07383346557617188
5344405996.252342	0.001007080078125	-0.07183837890625
5344411617.738914	0.00048065185546875	-0.07334518432617188
5344417239.225484	0.000244140625	-0.07284927368164062
5344422860.712055	0.00063323974609375	-0.07210922241210938
5344428482.198626	-0.000850677490234375	-0.07275009155273438
5344434103.685197	0.0009765625	-0.0731658935546875
5344439725.171767	0.00043487548828125	-0.07216644287109375
5344445346.658339	-0.00034332275390625	-0.07256317138671875
5344450968.14491	0.000713348388671875	-0.07225799560546875
5344456589.63148	-0.00113677978515625	-0.07229232788085938
5344462211.118052	-0.0005950927734375	-0.07248306274414062
5344467832.604622	-0.001247406005859375	-0.07219696044921875
5344473454.091193	-0.000621795654296875	-0.07265090942382812
5344479075.577764	-0.001857757568359375	-0.07225799560546875
5344484697.064335	-0.00156402587890625	-0.07165145874023438
5344490318.550905	-0.0010223388671875	-0.07157516479492188
5344495940.037477	-0.0013885498046875	-0.07159042358398438
5344501561.524048	-0.00135040283203125	-0.07067489624023438
5344507183.010618	-0.001461029052734375	-0.07049179077148438
5344512804.4971895	-0.002185821533203125	-0.07189559936523438
5344518425.98376	-0.002246856689453125	-0.07271957397460938
5344524047.470331	-0.002193450927734375	-0.07236862182617188
5344529668.956902	-0.0028839111328125	-0.07044601440429688
5344535290.443473	-0.002544403076171875	-0.07133102416992188
5344540911.930044	-0.00197601318359375	-0.0717315673828125
5344546533.416615	-0.002155303955078125	-0.07204055786132812
5344552154.903186	-0.003215789794921875	-0.07101058959960938
5344557776.389756	-0.004375457763671875	-0.07171630859375
5344563397.8763275	-0.0039215087890625	-0.07111358642578125
5344569019.362898	-0.003505706787109375	-0.07040023803710938
5344574640.849469	-0.004482269287109375	-0.07117843627929688
5344580262.33604	-0.004726409912109375	-0.0707855224609375
5344585883.822611	-0.00411224365234375	-0.07011032104492188
5344591505.309182	-0.004711151123046875	-0.07069015502929688
5344597126.795753	-0.00405120849609375	-0.07025527954101562
5344602748.282324	-0.004283905029296875	-0.07056427001953125
5344608369.768894	-0.004917144775390625	-0.07096099853515625
5344613991.2554655	-0.004474639892578125	-0.0709228515625
5344619612.742036	-0.00522613525390625	-0.0702362060546875
5344625234.228607	-0.0048980712890625	-0.07125473022460938
5344630855.7151785	-0.004573822021484375	-0.07022476196289062
5344636477.201749	-0.005413055419921875	-0.06964111328125
5344642098.68832	-0.00543975830078125	-0.0698089599609375
5344647720.1748905	-0.006275177001953125	-0.069427490234375
5344653341.661462	-0.005977630615234375	-0.0697784423828125
5344658963.148032	-0.005496978759765625	-0.06946182250976562
5344664584.6346035	-0.0065155029296875	-0.06980133056640625
5344670206.121174	-0.00708770751953125	-0.06884765625
5344675827.607745	-0.0058135986328125	-0.06938934326171875
5344681449.0943165	-0.006683349609375	-0.06906509399414062
5344687070.580887	-0.00580596923828125	-0.06957244873046875
5344692692.067458	-0.0064544677734375	-0.06890869140625
5344698313.5540285	-0.0072174072265625	-0.06872940063476562
5344703935.0406	-0.006420135498046875	-0.06888580322265625
5344709556.52717	-0.007472991943359375	-0.06884384155273438
5344715178.0137415	-0.007175445556640625	-0.06896591186523438
5344720799.500312	-0.00652313232421875	-0.06801223754882812
5344726420.986883	-0.00736236572265625	-0.06769943237304688
5344732042.473454	-0.0077362060546875	-0.0689544677734375
5344737663.960025	-0.00829315185546875	-0.06822586059570312
5344743285.446596	-0.00682830810546875	-0.06836318969726562
5344748906.9331665	-0.008174896240234375	-0.06817626953125
5344754528.419738	-0.008480072021484375	-0.06776809692382812
5344760149.906308	-0.00817108154296875	-0.0684967041015625
5344765771.3928795	-0.00925445556640625	-0.06823348999023438
5344771392.879451	-0.009307861328125	-0.06798934936523438
5344777014.366021	-0.008518218994140625	-0.0682373046875
5344782635.852592	-0.0084381103515625	-0.06798934936523438
5344788257.339163	-0.00995635986328125	-0.06787109375
5344793878.825734	-0.0090789794921875	-0.0662384033203125
5344799500.3123045	-0.009563446044921875	-0.068115234375
5344805121.798876	-0.009674072265625	-0.0672607421875
5344810743.285446	-0.00934600830078125	-0.06827163696289062
5344816364.7720175	-0.008758544921875	-0.066986083984375
5344821986.258589	-0.0106048583984375	-0.06705474853515625
5344827607.745159	-0.009502410888671875	-0.06585311889648438
5344833229.23173	-0.010295867919921875	-0.06723403930664062
5344838850.718301	-0.0092315673828125	-0.06669998168945312
5344844472.204872	-0.010051727294921875	-0.06792449951171875
5344850093.6914425	-0.010089874267578125	-0.06574249267578125
5344855715.178014	-0.010250091552734375	-0.06692886352539062
5344861336.664584	-0.009632110595703125	-0.06650543212890625
5344866958.151155	-0.01117706298828125	-0.06573867797851562
5344872579.637727	-0.01131439208984375	-0.06598281860351562
5344878201.124297	-0.011516571044921875	-0.066070556640625
5344883822.610868	-0.010730743408203125	-0.06581878662109375
5344889444.097439	-0.01136016845703125	-0.06641769409179688
5344895065.58401	-0.011287689208984375	-0.0645599365234375
5344900687.0705805	-0.01042938232421875	-0.06535720825195312
5344906308.557152	-0.011791229248046875	-0.06605911254882812
5344911930.043723	-0.011707305908203125	-0.06457138061523438
5344917551.530293	-0.011249542236328125	-0.06429290771484375
5344923173.016865	-0.0114593505859375	-0.06472015380859375
5344928794.503435	-0.012393951416015625	-0.06510162353515625
5344934415.990006	-0.0124664306640625	-0.06504058837890625
5344940037.476577	-0.011932373046875	-0.06440353393554688
5344945658.963148	-0.01200103759765625	-0.06531524658203125
5344951280.449718	-0.013134002685546875	-0.06545257568359375
5344956901.93629	-0.013446807861328125	-0.06397247314453125
5344962523.422861	-0.014171600341796875	-0.06331634521484375
5344968144.909431	-0.012725830078125	-0.06392288208007812
5344973766.396003	-0.01271820068359375	-0.06401824951171875
5344979387.882573	-0.013233184814453125	-0.06406784057617188
5344985009.369144	-0.0139923095703125	-0.06346511840820312
5344990630.855715	-0.013324737548828125	-0.06322479248046875
5344996252.342286	-0.013484954833984375	-0.06338882446289062
5345001873.828857	-0.0125732421875	-0.06271743774414062
5345007495.315428	-0.0142059326171875	-0.06299209594726562
5345013116.801999	-0.014007568359375	-0.06317138671875
5345018738.288569	-0.01415252685546875	-0.06260299682617188
5345024359.775141	-0.014408111572265625	-0.06267547607421875
5345029981.261711	-0.014064788818359375	-0.06321334838867188
5345035602.748282	-0.01507568359375	-0.06277847290039062
5345041224.234853	-0.014499664306640625	-0.062465667724609375
5345046845.721424	-0.014881134033203125	-0.062068939208984375
5345052467.207995	-0.014598846435546875	-0.061473846435546875
5345058088.694566	-0.01502227783203125	-0.06295394897460938
5345063710.181137	-0.014667510986328125	-0.06296920776367188
5345069331.667707	-0.014373779296875	-0.062282562255859375
5345074953.154279	-0.014678955078125	-0.061553955078125
5345080574.640849	-0.015743255615234375	-0.061679840087890625
5345086196.12742	-0.01490020751953125	-0.061145782470703125
5345091817.613991	-0.014892578125	-0.06195831298828125
5345097439.100562	-0.01609039306640625	-0.061367034912109375
5345103060.587133	-0.0152587890625	-0.059825897216796875
5345108682.073704	-0.016239166259765625	-0.06073760986328125
5345114303.560275	-0.0155181884765625	-0.060138702392578125
5345119925.046845	-0.016750335693359375	-0.060756683349609375
5345125546.533417	-0.0163726806640625	-0.06084442138671875
5345131168.019987	-0.016719818115234375	-0.059856414794921875
5345136789.506558	-0.0169677734375	-0.060871124267578125
5345142410.99313	-0.0167083740234375	-0.059478759765625
5345148032.4797	-0.0160064697265625	-0.059326171875
5345153653.966271	-0.01622772216796875	-0.059925079345703125
5345159275.452842	-0.015941619873046875	-0.05904388427734375
5345164896.939413	-0.01729583740234375	-0.05895233154296875
5345170518.425983	-0.01708221435546875	-0.058361053466796875
5345176139.912555	-0.0165557861328125	-0.059803009033203125
5345181761.399125	-0.017120361328125	-0.059535980224609375
5345187382.885696	-0.018428802490234375	-0.0593109130859375
5345193004.372268	-0.01788330078125	-0.058048248291015625
5345198625.858838	-0.017078399658203125	-0.057811737060546875
5345204247.345409	-0.018253326416015625	-0.057888031005859375
5345209868.83198	-0.01824951171875	-0.0583343505859375
5345215490.318551	-0.0175323486328125	-0.05771636962890625
5345221111.805121	-0.017932891845703125	-0.057613372802734375
5345226733.291693	-0.017559051513671875	-0.0578155517578125
5345232354.778264	-0.017822265625	-0.058063507080078125
5345237976.264834	-0.018062591552734375	-0.057521820068359375
5345243597.751406	-0.018459320068359375	-0.0579376220703125
5345249219.237976	-0.0175323486328125	-0.056888580322265625
5345254840.724547	-0.0178985595703125	-0.057315826416015625
5345260462.211118	-0.018589019775390625	-0.056591033935546875
5345266083.697689	-0.01848602294921875	-0.05670928955078125
5345271705.184259	-0.0189361572265625	-0.056133270263671875
5345277326.670831	-0.01848602294921875	-0.056415557861328125
5345282948.157402	-0.018848419189453125	-0.056529998779296875
5345288569.643972	-0.0183258056640625	-0.057098388671875
5345294191.130544	-0.01900482177734375	-0.05600738525390625
5345299812.617114	-0.01902008056640625	-0.055294036865234375
5345305434.103685	-0.018581390380859375	-0.055225372314453125
5345311055.590256	-0.019130706787109375	-0.055263519287109375
5345316677.076827	-0.01882171630859375	-0.05524444580078125
5345322298.563397	-0.019107818603515625	-0.05644989013671875
5345327920.049969	-0.0193023681640625	-0.05523681640625
5345333541.53654	-0.0186767578125	-0.05451202392578125
5345339163.02311	-0.019565582275390625	-0.055088043212890625
5345344784.509682	-0.019805908203125	-0.05347442626953125
5345350405.996252	-0.019748687744140625	-0.0543975830078125
5345356027.482823	-0.01866912841796875	-0.05391693115234375
5345361648.969394	-0.020877838134765625	-0.052883148193359375
5345367270.455965	-0.02086639404296875	-0.05410003662109375
5345372891.942536	-0.018894195556640625	-0.0526885986328125
5345378513.429107	-0.0200042724609375	-0.053680419921875
5345384134.915678	-0.019382476806640625	-0.05290985107421875
5345389756.402248	-0.01966094970703125	-0.052417755126953125
5345395377.88882	-0.020038604736328125	-0.052165985107421875
5345400999.37539	-0.0200958251953125	-0.05237579345703125
5345406620.861961	-0.02030181884765625	-0.052387237548828125
5345412242.348532	-0.020084381103515625	-0.053028106689453125
5345417863.835103	-0.0205078125	-0.052722930908203125
5345423485.321674	-0.02105712890625	-0.05254364013671875
5345429106.808245	-0.0214691162109375	-0.0524749755859375
5345434728.294816	-0.0210723876953125	-0.052703857421875
5345440349.781386	-0.020351409912109375	-0.052509307861328125
5345445971.267958	-0.021541595458984375	-0.05080413818359375
5345451592.754528	-0.02043914794921875	-0.05095672607421875
5345457214.241099	-0.02173614501953125	-0.0511474609375
5345462835.727671	-0.021648406982421875	-0.050006866455078125
5345468457.214241	-0.02126312255859375	-0.05010986328125
5345474078.700812	-0.02153778076171875	-0.05124664306640625
5345479700.187383	-0.021190643310546875	-0.050640106201171875
5345485321.673954	-0.02182769775390625	-0.050628662109375
5345490943.160524	-0.020595550537109375	-0.049282073974609375
5345496564.647096	-0.020809173583984375	-0.050823211669921875
5345502186.133666	-0.020374298095703125	-0.049755096435546875
5345507807.620237	-0.020565032958984375	-0.04952239990234375
5345513429.106809	-0.022502899169921875	-0.04873847961425781
5345519050.593379	-0.021213531494140625	-0.04878044128417969
5345524672.07995	-0.0225677490234375	-0.048915863037109375
5345530293.566521	-0.021881103515625	-0.049343109130859375
5345535915.053092	-0.02111053466796875	-0.04728126525878906
5345541536.539662	-0.021923065185546875	-0.04921722412109375
5345547158.026234	-0.0223236083984375	-0.04697418212890625
5345552779.512804	-0.021265029907226562	-0.047229766845703125
5345558400.999375	-0.021661758422851562	-0.04791450500488281
5345564022.485947	-0.020843505859375	-0.04716682434082031
5345569643.972517	-0.021930694580078125	-0.04776191711425781
5345575265.459088	-0.021356582641601562	-0.047634124755859375
5345580886.945659	-0.02056884765625	-0.04730415344238281
5345586508.43223	-0.02147674560546875	-0.04692268371582031
5345592129.9188	-0.021169662475585938	-0.046512603759765625
5345597751.405372	-0.022281646728515625	-0.04669380187988281
5345603372.891943	-0.0228729248046875	-0.045948028564453125
5345608994.378513	-0.02239227294921875	-0.04572105407714844
5345614615.865085	-0.022661209106445312	-0.04635429382324219
5345620237.351655	-0.021518707275390625	-0.04583740234375
5345625858.838226	-0.021631240844726562	-0.04527854919433594
5345631480.324797	-0.021471023559570312	-0.04486274719238281
5345637101.811368	-0.021732330322265625	-0.04542350769042969
5345642723.297938	-0.02184295654296875	-0.0440673828125
5345648344.78451	-0.021551132202148438	-0.04470062255859375
5345653966.271081	-0.021022796630859375	-0.04476737976074219
5345659587.757651	-0.022802352905273438	-0.0439453125
5345665209.244223	-0.021930694580078125	-0.043903350830078125
5345670830.730793	-0.022556304931640625	-0.043628692626953125
5345676452.217364	-0.022649765014648438	-0.0431976318359375
5345682073.703935	-0.021883010864257812	-0.04253196716308594
5345687695.190506	-0.022411346435546875	-0.043567657470703125
5345693316.677077	-0.022371292114257812	-0.04290580749511719
5345698938.163648	-0.022735595703125	-0.04375267028808594
5345704559.650219	-0.021768569946289062	-0.04348945617675781
5345710181.136789	-0.021579742431640625	-0.04261589050292969
5345715802.623361	-0.021104812622070312	-0.04247093200683594
5345721424.109931	-0.0224609375	-0.04239845275878906
5345727045.596502	-0.022388458251953125	-0.04164886474609375
5345732667.083073	-0.022541046142578125	-0.04243659973144531
5345738288.569644	-0.021001815795898438	-0.042041778564453125
5345743910.056215	-0.022487640380859375	-0.041179656982421875
5345749531.542786	-0.021823883056640625	-0.04174613952636719
5345755153.029357	-0.02106475830078125	-0.04056358337402344
5345760774.515927	-0.022035598754882812	-0.041706085205078125
5345766396.002499	-0.022516250610351562	-0.04136085510253906
5345772017.489069	-0.02147674560546875	-0.040660858154296875
5345777638.97564	-0.022319793701171875	-0.040096282958984375
5345783260.462211	-0.021818161010742188	-0.03925514221191406
5345788881.948782	-0.02307891845703125	-0.04043388366699219
5345794503.435353	-0.022192001342773438	-0.03866386413574219
5345800124.921924	-0.021427154541015625	-0.03911018371582031
5345805746.408495	-0.021793365478515625	-0.03886222839355469
5345811367.895065	-0.021770477294921875	-0.03917121887207031
5345816989.381637	-0.0217132568359375	-0.03845977783203125
5345822610.868207	-0.020776748657226562	-0.03925132751464844
5345828232.354778	-0.020967483520507812	-0.03935813903808594
5345833853.84135	-0.021381378173828125	-0.038181304931640625
5345839475.32792	-0.020721435546875	-0.03751182556152344
5345845096.814491	-0.02121734619140625	-0.03893089294433594
5345850718.301062	-0.021100997924804688	-0.03713798522949219
5345856339.787633	-0.021619796752929688	-0.03777885437011719
5345861961.274203	-0.022380828857421875	-0.03627777099609375
5345867582.760775	-0.021228790283203125	-0.03794097900390625
5345873204.247345	-0.02024078369140625	-0.03717613220214844
5345878825.733916	-0.0198516845703125	-0.03585624694824219
5345884447.220488	-0.020826339721679688	-0.038013458251953125
5345890068.707058	-0.021228790283203125	-0.03707122802734375
5345895690.193629	-0.020870208740234375	-0.03655052185058594
5345901311.6802	-0.020559310913085938	-0.03566169738769531
5345906933.166771	-0.021188735961914062	-0.03585052490234375
5345912554.653341	-0.020776748657226562	-0.03495979309082031
5345918176.139913	-0.0209197998046875	-0.03520011901855469
5345923797.626484	-0.020986557006835938	-0.034656524658203125
5345929419.113054	-0.020376205444335938	-0.034221649169921875
5345935040.599626	-0.019809722900390625	-0.0337677001953125
5345940662.086196	-0.0206298828125	-0.03491401672363281
5345946283.572767	-0.020864486694335938	-0.03438377380371094
5345951905.059338	-0.020502090454101562	-0.03413581848144531
5345957526.545909	-0.020555496215820312	-0.03445625305175781
5345963148.032479	-0.019886016845703125	-0.03392219543457031
5345968769.519051	-0.019739151000976562	-0.03389549255371094
5345974391.005622	-0.01993560791015625	-0.03216361999511719
5345980012.492192	-0.019487380981445312	-0.033306121826171875
5345985633.978764	-0.019451141357421875	-0.03247261047363281
5345991255.465334	-0.019289016723632812	-0.032886505126953125
5345996876.951905	-0.019466400146484375	-0.033451080322265625
5346002498.438476	-0.01963043212890625	-0.03260231018066406
5346008119.925047	-0.019268035888671875	-0.03272247314453125
5346013741.411617	-0.018978118896484375	-0.032375335693359375
5346019362.898189	-0.018640518188476562	-0.03170204162597656
5346024984.38476	-0.018976211547851562	-0.031970977783203125
5346030605.87133	-0.017553329467773438	-0.03157615661621094
5346036227.357902	-0.017910003662109375	-0.03205108642578125
5346041848.844472	-0.01908111572265625	-0.03194236755371094
5346047470.331043	-0.019060134887695312	-0.03116607666015625
5346053091.817614	-0.018812179565429688	-0.03142547607421875
5346058713.304185	-0.018589019775390625	-0.03033447265625
5346064334.790756	-0.019300460815429688	-0.030490875244140625
5346069956.277327	-0.018228530883789062	-0.029510498046875
5346075577.763898	-0.017812728881835938	-0.03058624267578125
5346081199.250468	-0.018344879150390625	-0.030300140380859375
5346086820.73704	-0.017545700073242188	-0.030057907104492188
5346092442.22361	-0.017621994018554688	-0.02972412109375
5346098063.710181	-0.018199920654296875	-0.029180526733398438
5346103685.196752	-0.016946792602539062	-0.029733657836914062
5346109306.683323	-0.017194747924804688	-0.029237747192382812
5346114928.169894	-0.017269134521484375	-0.029266357421875
5346120549.656465	-0.017011642456054688	-0.028997421264648438
5346126171.143036	-0.016719818115234375	-0.027984619140625
5346131792.629606	-0.016492843627929688	-0.028202056884765625
5346137414.116178	-0.016849517822265625	-0.028217315673828125
5346143035.602748	-0.0159454345703125	-0.028383255004882812
5346148657.089319	-0.017202377319335938	-0.028102874755859375
5346154278.575891	-0.015851974487304688	-0.028013229370117188
5346159900.062461	-0.015710830688476562	-0.028064727783203125
5346165521.549032	-0.016223907470703125	-0.0274810791015625
5346171143.035603	-0.015605926513671875	-0.02727508544921875
5346176764.522174	-0.015209197998046875	-0.027034759521484375
5346182386.008744	-0.015092849731445312	-0.02733612060546875
5346188007.495316	-0.015153884887695312	-0.027658462524414062
5346193628.981886	-0.014638900756835938	-0.027894973754882812
5346199250.468457	-0.016010284423828125	-0.02660369873046875
5346204871.955029	-0.014410018920898438	-0.02504730224609375
5346210493.441599	-0.0149078369140625	-0.026151657104492188
5346216114.92817	-0.014530181884765625	-0.027299880981445312
5346221736.414741	-0.014101028442382812	-0.026371002197265625
5346227357.901312	-0.014745712280273438	-0.025999069213867188
5346232979.387882	-0.01404571533203125	-0.026702880859375
5346238600.874454	-0.013841629028320312	-0.024745941162109375
5346244222.361024	-0.0130767822265625	-0.025585174560546875
5346249843.847595	-0.013448715209960938	-0.02501678466796875
5346255465.334167	-0.013692855834960938	-0.02588653564453125
5346261086.820737	-0.013166427612304688	-0.025318145751953125
5346266708.307308	-0.011667251586914062	-0.025615692138671875
5346272329.793879	-0.0127716064453125	-0.024684906005859375
5346277951.28045	-0.0122222900390625	-0.024492263793945312
5346283572.76702	-0.011579513549804688	-0.02421092987060547
5346289194.253592	-0.013372421264648438	-0.0246734619140625
5346294815.740163	-0.012091636657714844	-0.023703575134277344
5346300437.226733	-0.012157440185546875	-0.024763107299804688
5346306058.7133045	-0.011889457702636719	-0.02367877960205078
5346311680.199875	-0.012457847595214844	-0.02287006378173828
5346317301.686446	-0.011857032775878906	-0.024214744567871094
5346322923.173017	-0.011166572570800781	-0.022695541381835938
5346328544.659588	-0.011185646057128906	-0.022928237915039062
5346334166.146158	-0.010907173156738281	-0.0237579345703125
5346339787.63273	-0.011931419372558594	-0.022510528564453125
5346345409.119301	-0.010525703430175781	-0.02201557159423828
5346351030.605871	-0.011408805847167969	-0.022493362426757812
5346356652.0924425	-0.009489059448242188	-0.02248859405517578
5346362273.579013	-0.009760856628417969	-0.023468017578125
5346367895.065584	-0.010770797729492188	-0.022960662841796875
5346373516.552155	-0.010073661804199219	-0.022505760192871094
5346379138.038726	-0.009543418884277344	-0.02248859405517578
5346384759.525297	-0.00897216796875	-0.02283191680908203
5346390381.011868	-0.009253501892089844	-0.022363662719726562
5346396002.498439	-0.00823974609375	-0.021127700805664062
5346401623.985009	-0.008459091186523438	-0.02255725860595703
5346407245.4715805	-0.008559226989746094	-0.02193927764892578
5346412866.958151	-0.00888824462890625	-0.022247314453125
5346418488.444722	-0.007588386535644531	-0.02169322967529297
5346424109.931293	-0.007874488830566406	-0.02212238311767578
5346429731.417864	-0.008126258850097656	-0.02249908447265625
5346435352.904435	-0.006201744079589844	-0.022268295288085938
5346440974.3910055	-0.00818634033203125	-0.021253585815429688
5346446595.877577	-0.006791114807128906	-0.021663665771484375
5346452217.364147	-0.007328987121582031	-0.020727157592773438
5346457838.8507185	-0.006562232971191406	-0.02130603790283203
5346463460.337289	-0.0057373046875	-0.021071434020996094
5346469081.82386	-0.005222320556640625	-0.021139144897460938
5346474703.310431	-0.0056018829345703125	-0.021233558654785156
5346480324.797002	-0.0058498382568359375	-0.021366119384765625
5346485946.283573	-0.005580902099609375	-0.021346092224121094
5346491567.7701435	-0.005584716796875	-0.02028942108154297
5346497189.256715	-0.004822731018066406	-0.021623611450195312
5346502810.743285	-0.00453948974609375	-0.020313262939453125
5346508432.2298565	-0.0043582916259765625	-0.021279335021972656
5346514053.716427	-0.004006385803222656	-0.021356582641601562
5346519675.202998	-0.00347900390625	-0.02029895782470703
5346525296.689569	-0.004445075988769531	-0.020517349243164062
5346530918.17614	-0.003387451171875	-0.02031230926513672
5346536539.662711	-0.0027923583984375	-0.02144622802734375
5346542161.1492815	-0.0027675628662109375	-0.02016735076904297
5346547782.635853	-0.0032749176025390625	-0.019736289978027344
5346553404.122423	-0.0025882720947265625	-0.020847320556640625
5346559025.6089945	-0.00286102294921875	-0.019855499267578125
5346564647.095565	-0.0032176971435546875	-0.020196914672851562
5346570268.582136	-0.0028057098388671875	-0.02048492431640625
5346575890.068707	-0.0013637542724609375	-0.020644187927246094
5346581511.555278	-0.0012998580932617188	-0.02071666717529297
5346587133.041849	-0.0027179718017578125	-0.020722389221191406
5346592754.5284195	-0.0015115737915039062	-0.02098846435546875
5346598376.014991	-0.001888275146484375	-0.02012348175048828
5346603997.501561	-0.0011348724365234375	-0.02072620391845703
5346609618.988132	-0.0019578933715820312	-0.019765853881835938
5346615240.474703	-0.000392913818359375	-0.02013683319091797
5346620861.961274	0.00022983551025390625	-0.020112991333007812
5346626483.447845	-0.0006341934204101562	-0.020684242248535156
5346632104.934416	0.000732421875	-0.020270347595214844
5346637726.420987	0.00021076202392578125	-0.02048206329345703
5346643347.9075575	0.000316619873046875	-0.020542144775390625
5346648969.394129	0.00028896331787109375	-0.02090167999267578
5346654590.880699	0.0009899139404296875	-0.020674705505371094
5346660212.36727	0.001399993896484375	-0.019629478454589844
5346665833.853842	0.0020799636840820312	-0.02042865753173828
5346671455.340412	0.00217437744140625	-0.020511627197265625
5346677076.826983	0.0019893646240234375	-0.020570755004882812
5346682698.313554	0.00185394287109375	-0.019689559936523438
5346688319.800125	0.0023040771484375	-0.02116107940673828
5346693941.2866955	0.0036563873291015625	-0.020092010498046875
5346699562.773267	0.00247955322265625	-0.020323753356933594
5346705184.259837	0.003459930419921875	-0.02011585235595703
5346710805.746408	0.0033855438232421875	-0.021121978759765625
5346716427.23298	0.0037946701049804688	-0.021039962768554688
5346722048.71955	0.0038309097290039062	-0.020416259765625
5346727670.206121	0.004947662353515625	-0.020870208740234375
5346733291.692692	0.004073143005371094	-0.020707130432128906
5346738913.179263	0.00508880615234375	-0.02030467987060547
5346744534.665833	0.004189491271972656	-0.02159595489501953
5346750156.152405	0.0046100616455078125	-0.021279335021972656
5346755777.638976	0.004833221435546875	-0.02116870880126953
5346761399.125546	0.005893707275390625	-0.020845413208007812
5346767020.612118	0.005314826965332031	-0.020837783813476562
5346772642.098688	0.0064296722412109375	-0.02076435089111328
5346778263.585259	0.005535125732421875	-0.02109050750732422
5346783885.07183	0.005753517150878906	-0.02126598358154297
5346789506.558401	0.006848335266113281	-0.022096633911132812
5346795128.044971	0.005671501159667969	-0.021079063415527344
5346800749.531543	0.006175994873046875	-0.021495819091796875
5346806371.018114	0.006396293640136719	-0.02201366424560547
5346811992.504684	0.00731658935546875	-0.02107715606689453
5346817613.991256	0.007927894592285156	-0.02184009552001953
5346823235.477826	0.007831573486328125	-0.020575523376464844
5346828856.964397	0.0075168609619140625	-0.02151966094970703
5346834478.450968	0.008092880249023438	-0.02257537841796875
5346840099.937539	0.0070953369140625	-0.021974563598632812
5346845721.424109	0.007828712463378906	-0.022272109985351562
5346851342.910681	0.009380340576171875	-0.0228424072265625
5346856964.397252	0.008509635925292969	-0.022973060607910156
5346862585.883822	0.009405136108398438	-0.02215290069580078
5346868207.370394	0.009185791015625	-0.02295207977294922
5346873828.856964	0.010816574096679688	-0.022864341735839844
5346879450.343535	0.009045600891113281	-0.022418975830078125
5346885071.830106	0.009397506713867188	-0.023377418518066406
5346890693.316677	0.009451866149902344	-0.022760391235351562
5346896314.803248	0.011075019836425781	-0.023911476135253906
5346901936.289819	0.010219573974609375	-0.022464752197265625
5346907557.77639	0.01064300537109375	-0.02451324462890625
5346913179.26296	0.009257316589355469	-0.02332782745361328
5346918800.749532	0.010273933410644531	-0.02312755584716797
5346924422.236102	0.010397911071777344	-0.022916793823242188
5346930043.722673	0.010528564453125	-0.023407936096191406
5346935665.209244	0.011884689331054688	-0.02340221405029297
5346941286.695815	0.012091636657714844	-0.0241241455078125
5346946908.182386	0.0111846923828125	-0.024503707885742188
5346952529.668957	0.011662483215332031	-0.024122238159179688
5346958151.155528	0.012036323547363281	-0.023903846740722656
5346963772.642098	0.012613296508789062	-0.02397632598876953
5346969394.12867	0.01251983642578125	-0.024553298950195312
5346975015.61524	0.012119293212890625	-0.025156021118164062
5346980637.101811	0.012847900390625	-0.024747848510742188
5346986258.588383	0.012699127197265625	-0.025938034057617188
5346991880.074953	0.01296234130859375	-0.02509307861328125
5346997501.561524	0.013652801513671875	-0.025241851806640625
5347003123.048095	0.01338958740234375	-0.025438308715820312
5347008744.534666	0.013174057006835938	-0.025709152221679688
5347014366.021236	0.014131546020507812	-0.025346755981445312
5347019987.507808	0.0130767822265625	-0.025409698486328125
5347025608.994378	0.014207839965820312	-0.026510238647460938
5347031230.480949	0.015016555786132812	-0.026227951049804688
5347036851.967521	0.015439987182617188	-0.026102066040039062
5347042473.454091	0.014251708984375	-0.02579498291015625
5347048094.940662	0.0147857666015625	-0.0265655517578125
5347053716.427233	0.015542984008789062	-0.026166915893554688
5347059337.913804	0.014333724975585938	-0.026447296142578125
5347064959.400374	0.015027999877929688	-0.0261688232421875
5347070580.886946	0.016096115112304688	-0.027528762817382812
5347076202.373516	0.015697479248046875	-0.026704788208007812
5347081823.860087	0.0163726806640625	-0.028003692626953125
5347087445.346659	0.014726638793945312	-0.02716827392578125
5347093066.833229	0.016576766967773438	-0.028024673461914062
5347098688.3198	0.015840530395507812	-0.028409957885742188
5347104309.806371	0.016895294189453125	-0.027984619140625
5347109931.292942	0.015720367431640625	-0.0274505615234375
5347115552.779512	0.016742706298828125	-0.028303146362304688
5347121174.266084	0.016672134399414062	-0.029039382934570312
5347126795.752655	0.016658782958984375	-0.029541015625
5347132417.239225	0.0172271728515625	-0.028165817260742188
5347138038.725797	0.017122268676757812	-0.02861785888671875
5347143660.212367	0.016851425170898438	-0.029247283935546875
5347149281.698938	0.017377853393554688	-0.028865814208984375
5347154903.185509	0.0169525146484375	-0.029111862182617188
5347160524.67208	0.017995834350585938	-0.029401779174804688
5347166146.15865	0.017229080200195312	-0.030731201171875
5347171767.645222	0.017612457275390625	-0.029510498046875
5347177389.131793	0.017789840698242188	-0.031190872192382812
5347183010.618363	0.018381118774414062	-0.03145790100097656
5347188632.104935	0.019823074340820312	-0.03140830993652344
5347194253.591505	0.0178680419921875	-0.03066253662109375
5347199875.078076	0.01847076416015625	-0.03127288818359375
5347205496.564647	0.0183563232421875	-0.031036376953125
5347211118.051218	0.017847061157226562	-0.030851364135742188
5347216739.537789	0.018861770629882812	-0.030931472778320312
5347222361.02436	0.01920318603515625	-0.03189277648925781
5347227982.510931	0.019313812255859375	-0.031887054443359375
5347233603.997501	0.0194854736328125	-0.03243827819824219
5347239225.484073	0.019304275512695312	-0.03177642822265625
5347244846.970643	0.019006729125976562	-0.03327751159667969
5347250468.457214	0.019685745239257812	-0.03244590759277344
5347256089.943785	0.020090103149414062	-0.032199859619140625
5347261711.430356	0.02010345458984375	-0.03272247314453125
5347267332.916927	0.020025253295898438	-0.033428192138671875
5347272954.403498	0.02066802978515625	-0.03409576416015625
5347278575.890069	0.0203857421875	-0.03357505798339844
5347284197.376639	0.021732330322265625	-0.03341484069824219
5347289818.863211	0.021192550659179688	-0.03412818908691406
5347295440.349781	0.020532608032226562	-0.0348968505859375
5347301061.836352	0.020524978637695312	-0.03441619873046875
5347306683.322923	0.020669937133789062	-0.0346832275390625
5347312304.809494	0.019979476928710938	-0.03391838073730469
5347317926.296065	0.0215911865234375	-0.03466224670410156
5347323547.782636	0.021463394165039062	-0.03496551513671875
5347329169.269207	0.021261215209960938	-0.035400390625
5347334790.755777	0.022302627563476562	-0.035797119140625
5347340412.242349	0.020618438720703125	-0.036693572998046875
5347346033.728919	0.021636962890625	-0.03616523742675781
5347351655.21549	0.0215301513671875	-0.035861968994140625
5347357276.702062	0.021291732788085938	-0.036975860595703125
5347362898.188632	0.019710540771484375	-0.03681755065917969
5347368519.675203	0.021627426147460938	-0.03766632080078125
5347374141.161774	0.021396636962890625	-0.03664970397949219
5347379762.648345	0.021043777465820312	-0.0370941162109375
5347385384.134915	0.021707534790039062	-0.03863525390625
5347391005.621487	0.021158218383789062	-0.0376129150390625
5347396627.108057	0.0223846435546875	-0.0379791259765625
5347402248.594628	0.021266937255859375	-0.03898429870605469
5347407870.0812	0.020765304565429688	-0.03820037841796875
5347413491.56777	0.022115707397460938	-0.038326263427734375
5347419113.054341	0.022205352783203125	-0.03765869140625
5347424734.540912	0.021839141845703125	-0.03866386413574219
5347430356.027483	0.022474288940429688	-0.03925514221191406
5347435977.514053	0.022052764892578125	-0.038684844970703125
5347441599.000625	0.022039413452148438	-0.03909492492675781
5347447220.487196	0.0220489501953125	-0.03884315490722656
5347452841.973766	0.022411346435546875	-0.039608001708984375
5347458463.460338	0.022180557250976562	-0.04078483581542969
5347464084.946908	0.02149200439453125	-0.039794921875
5347469706.433479	0.023525238037109375	-0.040775299072265625
5347475327.92005	0.021572113037109375	-0.04041290283203125
5347480949.406621	0.02264404296875	-0.04102134704589844
5347486570.893191	0.02228546142578125	-0.04138374328613281
5347492192.379763	0.02251434326171875	-0.041568756103515625
5347497813.866334	0.02373504638671875	-0.04147911071777344
5347503435.352904	0.022603988647460938	-0.04172325134277344
5347509056.839476	0.023387908935546875	-0.041500091552734375
5347514678.326046	0.022212982177734375	-0.0422821044921875
5347520299.812617	0.022581100463867188	-0.04216575622558594
5347525921.299188	0.022014617919921875	-0.04214668273925781
5347531542.785759	0.02292633056640625	-0.04290580749511719
5347537164.272329	0.022111892700195312	-0.043910980224609375
5347542785.758901	0.023468017578125	-0.04289436340332031
5347548407.245472	0.022281646728515625	-0.04276084899902344
5347554028.732042	0.021701812744140625	-0.04294586181640625
5347559650.218614	0.021993637084960938	-0.04408836364746094
5347565271.705184	0.02294921875	-0.0433197021484375
5347570893.191755	0.021646499633789062	-0.04395103454589844
5347576514.678326	0.023004531860351562	-0.04465293884277344
5347582136.164897	0.02161407470703125	-0.04451751708984375
5347587757.651468	0.022169113159179688	-0.04408454895019531
5347593379.138039	0.022552490234375	-0.04576873779296875
5347599000.62461	0.0217437744140625	-0.045726776123046875
5347604622.11118	0.022291183471679688	-0.044254302978515625
5347610243.597752	0.022626876831054688	-0.04543304443359375
5347615865.084322	0.023408889770507812	-0.04603004455566406
5347621486.570893	0.022031784057617188	-0.0463104248046875
5347627108.057464	0.02165985107421875	-0.04628181457519531
5347632729.544035	0.021505355834960938	-0.046474456787109375
5347638351.030606	0.021902084350585938	-0.04676055908203125
5347643972.517177	0.022115707397460938	-0.04732513427734375
5347649594.003748	0.022563934326171875	-0.04714393615722656
5347655215.490318	0.021633148193359375	-0.048084259033203125
5347660836.97689	0.022443771362304688	-0.047821044921875
5347666458.46346	0.02184295654296875	-0.04824066162109375
5347672079.950031	0.0224761962890625	-0.04782676696777344
5347677701.436603	0.022516250610351562	-0.04827690124511719
5347683322.923173	0.02193450927734375	-0.04788017272949219
5347688944.409744	0.022859573364257812	-0.04880332946777344
5347694565.896315	0.02190399169921875	-0.049198150634765625
5347700187.382886	0.0209197998046875	-0.049533843994140625
5347705808.869456	0.02185821533203125	-0.048992156982421875
5347711430.356028	0.02156829833984375	-0.050075531005859375
5347717051.842598	0.023029327392578125	-0.0504302978515625
5347722673.329169	0.021881103515625	-0.049945831298828125
5347728294.815741	0.021709442138671875	-0.050113677978515625
5347733916.302311	0.021453857421875	-0.050518035888671875
5347739537.788882	0.021728515625	-0.051868438720703125
5347745159.275453	0.021907806396484375	-0.051422119140625
5347750780.762024	0.021564483642578125	-0.049938201904296875
5347756402.248594	0.021221160888671875	-0.051727294921875
5347762023.735166	0.0216522216796875	-0.051967620849609375
5347767645.221736	0.021717071533203125	-0.0527496337890625
5347773266.708307	0.02185821533203125	-0.05341339111328125
5347778888.194879	0.02179718017578125	-0.052581787109375
5347784509.681449	0.02194976806640625	-0.0517120361328125
5347790131.16802	0.020904541015625	-0.05290985107421875
5347795752.654591	0.020477294921875	-0.0536651611328125
5347801374.141162	0.021495819091796875	-0.053226470947265625
5347806995.627732	0.021755218505859375	-0.054706573486328125
5347812617.114304	0.02099609375	-0.0531463623046875
5347818238.600875	0.021327972412109375	-0.05347442626953125
5347823860.087445	0.0206756591796875	-0.053958892822265625
5347829481.574017	0.020610809326171875	-0.05434417724609375
5347835103.060587	0.020412445068359375	-0.05402374267578125
5347840724.547158	0.020660400390625	-0.054721832275390625
5347846346.033729	0.01984405517578125	-0.05483245849609375
5347851967.5203	0.02109527587890625	-0.053802490234375
5347857589.00687	0.0212554931640625	-0.05503082275390625
5347863210.493442	0.02094268798828125	-0.055500030517578125
5347868831.980013	0.020153045654296875	-0.056102752685546875
5347874453.466583	0.021160125732421875	-0.05689239501953125
5347880074.953155	0.020992279052734375	-0.0562286376953125
5347885696.439725	0.020526885986328125	-0.05550384521484375
5347891317.926296	0.02046966552734375	-0.056324005126953125
5347896939.412867	0.019123077392578125	-0.0563201904296875
5347902560.899438	0.019214630126953125	-0.055858612060546875
5347908182.386009	0.020153045654296875	-0.0569610595703125
5347913803.87258	0.0186309814453125	-0.05625152587890625
5347919425.359151	0.019863128662109375	-0.057247161865234375
5347925046.845721	0.018970489501953125	-0.057872772216796875
5347930668.332293	0.020145416259765625	-0.0581817626953125
5347936289.818863	0.019130706787109375	-0.0584869384765625
5347941911.305434	0.019741058349609375	-0.0579376220703125
5347947532.792005	0.019496917724609375	-0.058116912841796875
5347953154.278576	0.01859283447265625	-0.0577239990234375
5347958775.765147	0.019268035888671875	-0.05928802490234375
5347964397.251718	0.019672393798828125	-0.057880401611328125
5347970018.738289	0.019138336181640625	-0.0589752197265625
5347975640.224859	0.01982879638671875	-0.059253692626953125
5347981261.711431	0.017932891845703125	-0.060272216796875
5347986883.198001	0.0184173583984375	-0.060001373291015625
5347992504.684572	0.01840972900390625	-0.06005859375
5347998126.171143	0.01860809326171875	-0.059856414794921875
5348003747.657714	0.018314361572265625	-0.06085968017578125
5348009369.144285	0.018657684326171875	-0.060882568359375
5348014990.630856	0.0176239013671875	-0.06133270263671875
5348020612.117427	0.017139434814453125	-0.06041717529296875
5348026233.603997	0.017543792724609375	-0.061290740966796875
5348031855.090569	0.01723480224609375	-0.0609588623046875
5348037476.577139	0.016963958740234375	-0.061183929443359375
5348043098.06371	0.0172271728515625	-0.060375213623046875
5348048719.550282	0.01725006103515625	-0.06328964233398438
5348054341.036852	0.017070770263671875	-0.062473297119140625
5348059962.523423	0.01758575439453125	-0.06215667724609375
5348065584.009994	0.0155029296875	-0.06338882446289062
5348071205.496565	0.0165252685546875	-0.06283950805664062
5348076826.983135	0.0164794921875	-0.06306076049804688
5348082448.469707	0.016510009765625	-0.062469482421875
5348088069.956277	0.0162353515625	-0.06328582763671875
5348093691.442848	0.0157470703125	-0.0626983642578125
5348099312.9294195	0.0166473388671875	-0.06204986572265625
5348104934.41599	0.0162506103515625	-0.06370162963867188
5348110555.902561	0.01490020751953125	-0.06365203857421875
5348116177.389132	0.016551971435546875	-0.063873291015625
5348121798.875703	0.016033172607421875	-0.0641021728515625
5348127420.362273	0.01554107666015625	-0.0641326904296875
5348133041.848845	0.0155029296875	-0.063751220703125
5348138663.335416	0.01541900634765625	-0.06350326538085938
5348144284.821986	0.01506805419921875	-0.06471633911132812
5348149906.3085575	0.015445709228515625	-0.06406402587890625
5348155527.795128	0.0145416259765625	-0.06573104858398438
5348161149.281699	0.014392852783203125	-0.0641632080078125
5348166770.76827	0.0143890380859375	-0.06554031372070312
5348172392.254841	0.014251708984375	-0.06478500366210938
5348178013.741411	0.01421356201171875	-0.0648345947265625
5348183635.2279825	0.014080047607421875	-0.06655120849609375
5348189256.714554	0.01448822021484375	-0.06575775146484375
5348194878.201124	0.014011383056640625	-0.06611251831054688
5348200499.6876955	0.01302337646484375	-0.06620025634765625
5348206121.174266	0.013637542724609375	-0.06642532348632812
5348211742.660837	0.01399993896484375	-0.06665420532226562
5348217364.147408	0.0136871337890625	-0.06674957275390625
5348222985.633979	0.013397216796875	-0.06633758544921875
5348228607.120549	0.012577056884765625	-0.06651687622070312
5348234228.6071205	0.0120391845703125	-0.06683731079101562
5348239850.093692	0.013164520263671875	-0.06682205200195312
5348245471.580262	0.013118743896484375	-0.06761932373046875
5348251093.0668335	0.012847900390625	-0.06781387329101562
5348256714.553404	0.012653350830078125	-0.0680084228515625
5348262336.039975	0.011943817138671875	-0.06708908081054688
5348267957.526546	0.0130615234375	-0.068267822265625
5348273579.013117	0.0120391845703125	-0.0684814453125
5348279200.499688	0.01198577880859375	-0.06885910034179688
5348284821.9862585	0.011257171630859375	-0.06850051879882812
5348290443.47283	0.0112762451171875	-0.06866073608398438
5348296064.9594	0.011486053466796875	-0.06783294677734375
5348301686.4459715	0.010822296142578125	-0.06856918334960938
5348307307.932542	0.01125335693359375	-0.06874847412109375
5348312929.419113	0.01161956787109375	-0.06971359252929688
5348318550.9056835	0.01116943359375	-0.06888580322265625
5348324172.392255	0.010692596435546875	-0.06960296630859375
5348329793.878826	0.010746002197265625	-0.06877899169921875
5348335415.3653965	0.009639739990234375	-0.06999969482421875
5348341036.851968	0.00879669189453125	-0.06940078735351562
5348346658.338538	0.00917816162109375	-0.07044601440429688
5348352279.8251095	0.010013580322265625	-0.07088088989257812
5348357901.31168	0.0091552734375	-0.0701751708984375
5348363522.798251	0.009033203125	-0.06974029541015625
5348369144.2848215	0.009033203125	-0.0701446533203125
5348374765.771393	0.00946044921875	-0.071258544921875
5348380387.257964	0.008495330810546875	-0.07048416137695312
5348386008.7445345	0.009159088134765625	-0.07041168212890625
5348391630.231106	0.00881195068359375	-0.07022857666015625
5348397251.717676	0.0084991455078125	-0.07006072998046875
5348402873.204247	0.007495880126953125	-0.07138824462890625
5348408494.690818	0.00832366943359375	-0.0719146728515625
5348414116.177389	0.0078277587890625	-0.0708465576171875
5348419737.66396	0.006610870361328125	-0.0706024169921875
5348425359.150531	0.00868988037109375	-0.0709228515625
5348430980.637102	0.006717681884765625	-0.072235107421875
5348436602.1236725	0.007144927978515625	-0.07232666015625
5348442223.610244	0.007381439208984375	-0.07110595703125
5348447845.096814	0.007610321044921875	-0.07259750366210938
5348453466.583385	0.006641387939453125	-0.07262039184570312
5348459088.069956	0.0064239501953125	-0.07179641723632812
5348464709.556527	0.00585174560546875	-0.071075439453125
5348470331.043098	0.00690460205078125	-0.07294845581054688
5348475952.529669	0.0059814453125	-0.07299423217773438
5348481574.01624	0.00524139404296875	-0.0728302001953125
5348487195.5028105	0.006366729736328125	-0.07365036010742188
5348492816.989382	0.006450653076171875	-0.07326507568359375
5348498438.475952	0.005046844482421875	-0.07188796997070312
5348504059.962523	0.005481719970703125	-0.07420730590820312
5348509681.449095	0.004665374755859375	-0.07334518432617188
5348515302.935665	0.004913330078125	-0.07269668579101562
5348520924.422236	0.00438690185546875	-0.07334518432617188
5348526545.908807	0.004535675048828125	-0.07320785522460938
5348532167.395378	0.00507354736328125	-0.07523345947265625
5348537788.881948	0.00434112548828125	-0.07410812377929688
5348543410.36852	0.00478363037109375	-0.07375717163085938
5348549031.85509	0.004405975341796875	-0.07449722290039062
5348554653.341661	0.003955841064453125	-0.07393646240234375
5348560274.828233	0.003650665283203125	-0.07540130615234375
5348565896.314803	0.003082275390625	-0.07509613037109375
5348571517.801374	0.0019989013671875	-0.07413864135742188
5348577139.287945	0.003101348876953125	-0.07390975952148438
5348582760.774516	0.00229644775390625	-0.07568359375
5348588382.261086	0.002105712890625	-0.0746002197265625
5348594003.747658	0.001384735107421875	-0.07405471801757812
5348599625.234228	0.001995086669921875	-0.07464599609375
5348605246.720799	0.0018157958984375	-0.07457351684570312
5348610868.207371	0.0024871826171875	-0.07493209838867188
5348616489.693941	0.001220703125	-0.07578277587890625
5348622111.180512	0.00203704833984375	-0.07605743408203125
5348627732.667083	0.002422332763671875	-0.07433700561523438
5348633354.153654	0.000804901123046875	-0.07552337646484375
5348638975.640224	0.000247955322265625	-0.0758819580078125
5348644597.126796	0.000896453857421875	-0.07549667358398438
5348650218.613367	0.001308441162109375	-0.07564163208007812
5348655840.099937	0.000823974609375	-0.07605361938476562
5348661461.586509	-0.0004119873046875	-0.07651519775390625
5348667083.073079	0.0002593994140625	-0.07648849487304688
5348672704.55965	-0.000522613525390625	-0.07622146606445312
5348678326.046221	0.000244140625	-0.0756683349609375
5348683947.532792	-0.000820159912109375	-0.07690048217773438
5348689569.019362	-0.001316070556640625	-0.07626724243164062
5348695190.505934	-0.000579833984375	-0.07659912109375
5348700811.992505	-0.000484466552734375	-0.0770721435546875
5348706433.479075	-0.0007476806640625	-0.07633590698242188
5348712054.965647	-0.001979827880859375	-0.07691192626953125
5348717676.452217	-0.001888275146484375	-0.07757568359375
5348723297.938788	-0.0017242431640625	-0.07678604125976562
5348728919.425359	-0.0019989013671875	-0.07707977294921875
5348734540.91193	-0.001560211181640625	-0.078094482421875
5348740162.398501	-0.001712799072265625	-0.07654953002929688
5348745783.885072	-0.00217437744140625	-0.07746505737304688
5348751405.371643	-0.00235748291015625	-0.07602310180664062
5348757026.858213	-0.002964019775390625	-0.078277587890625
5348762648.344785	-0.002956390380859375	-0.0771636962890625
5348768269.831355	-0.0027923583984375	-0.07757568359375
5348773891.317926	-0.004077911376953125	-0.07675933837890625
5348779512.804497	-0.0035400390625	-0.07789230346679688
5348785134.291068	-0.004283905029296875	-0.07840347290039062
5348790755.777639	-0.003650665283203125	-0.07672119140625
5348796377.26421	-0.00446319580078125	-0.07685470581054688
5348801998.750781	-0.005519866943359375	-0.07741928100585938
5348807620.237351	-0.005359649658203125	-0.07720184326171875
5348813241.723923	-0.0044097900390625	-0.07703399658203125
5348818863.210493	-0.005092620849609375	-0.07725143432617188
5348824484.697064	-0.005767822265625	-0.07826614379882812
5348830106.183635	-0.0059356689453125	-0.07785415649414062
5348835727.670206	-0.005748748779296875	-0.07766342163085938
5348841349.156777	-0.006252288818359375	-0.07849502563476562
5348846970.643348	-0.007030487060546875	-0.07808685302734375
5348852592.129919	-0.0058441162109375	-0.07838821411132812
5348858213.616489	-0.006641387939453125	-0.07826995849609375
5348863835.103061	-0.005950927734375	-0.07851409912109375
5348869456.589631	-0.006374359130859375	-0.07778549194335938
5348875078.076202	-0.00771331787109375	-0.07819747924804688
5348880699.562774	-0.006229400634765625	-0.07883071899414062
5348886321.049344	-0.007823944091796875	-0.07859039306640625
5348891942.535915	-0.00800323486328125	-0.07898330688476562
5348897564.022486	-0.0071868896484375	-0.07838821411132812
5348903185.509057	-0.007282257080078125	-0.07940292358398438
5348908806.995627	-0.006847381591796875	-0.07719039916992188
5348914428.482199	-0.00897216796875	-0.07938003540039062
5348920049.968769	-0.00885009765625	-0.079132080078125
5348925671.45534	-0.00814056396484375	-0.07775497436523438
5348931292.941912	-0.009258270263671875	-0.07848358154296875
5348936914.428482	-0.0089874267578125	-0.07893753051757812
5348942535.915053	-0.009578704833984375	-0.07884979248046875
5348948157.401624	-0.010105133056640625	-0.0789031982421875
5348953778.888195	-0.009410858154296875	-0.07867431640625
5348959400.374765	-0.00969696044921875	-0.07901382446289062
5348965021.861337	-0.009998321533203125	-0.07973480224609375
5348970643.347908	-0.009998321533203125	-0.07958602905273438
5348976264.834478	-0.01024627685546875	-0.080108642578125
5348981886.32105	-0.010654449462890625	-0.079925537109375
5348987507.80762	-0.011081695556640625	-0.07950592041015625
5348993129.294191	-0.010669708251953125	-0.07931137084960938
5348998750.780762	-0.0110321044921875	-0.0800933837890625
5349004372.267333	-0.010028839111328125	-0.07938766479492188
5349009993.753903	-0.01081085205078125	-0.07894134521484375
5349015615.240475	-0.0120391845703125	-0.0794830322265625
5349021236.727046	-0.011524200439453125	-0.07960128784179688
5349026858.213616	-0.011688232421875	-0.0797576904296875
5349032479.700188	-0.01222991943359375	-0.07958221435546875
5349038101.186758	-0.01245880126953125	-0.07952499389648438
5349043722.673329	-0.013065338134765625	-0.08056259155273438
5349049344.1599	-0.01166534423828125	-0.07903289794921875
5349054965.646471	-0.013881683349609375	-0.0789031982421875
5349060587.133041	-0.012905120849609375	-0.07958602905273438
5349066208.619613	-0.013530731201171875	-0.07878875732421875
5349071830.106184	-0.012920379638671875	-0.07910919189453125
5349077451.592754	-0.012622833251953125	-0.08019256591796875
5349083073.079326	-0.01456451416015625	-0.0801544189453125
5349088694.565896	-0.014217376708984375	-0.0800933837890625
5349094316.052467	-0.01471710205078125	-0.08033370971679688
5349099937.539038	-0.0133056640625	-0.07919692993164062
5349105559.025609	-0.013408660888671875	-0.08021926879882812
5349111180.51218	-0.014797210693359375	-0.07895278930664062
5349116801.998751	-0.0134124755859375	-0.08020401000976562
5349122423.485322	-0.01508331298828125	-0.07980728149414062
5349128044.971892	-0.0148468017578125	-0.08051300048828125
5349133666.458464	-0.01535797119140625	-0.08098602294921875
5349139287.945034	-0.0152740478515625	-0.0801544189453125
5349144909.431605	-0.017162322998046875	-0.08013153076171875
5349150530.918176	-0.016445159912109375	-0.0799407958984375
5349156152.404747	-0.0162506103515625	-0.07939910888671875
5349161773.891318	-0.017108917236328125	-0.08040237426757812
5349167395.377889	-0.01718902587890625	-0.07983016967773438
5349173016.86446	-0.016986846923828125	-0.08015060424804688
5349178638.35103	-0.0169677734375	-0.080810546875
5349184259.837602	-0.01737213134765625	-0.08007049560546875
5349189881.324172	-0.01763153076171875	-0.08085250854492188
5349195502.810743	-0.0178070068359375	-0.08082199096679688
5349201124.297315	-0.01873779296875	-0.079803466796875
5349206745.783885	-0.017551422119140625	-0.0804901123046875
5349212367.270456	-0.018665313720703125	-0.08020401000976562
5349217988.757027	-0.018436431884765625	-0.08087158203125
5349223610.243598	-0.018573760986328125	-0.08072280883789062
5349229231.730168	-0.017913818359375	-0.080810546875
5349234853.21674	-0.018939971923828125	-0.0809478759765625
5349240474.70331	-0.0196075439453125	-0.08005523681640625
5349246096.189881	-0.01873016357421875	-0.08089447021484375
5349251717.676453	-0.018657684326171875	-0.0804290771484375
5349257339.163023	-0.019794464111328125	-0.0802001953125
5349262960.649594	-0.020343780517578125	-0.08072280883789062
5349268582.136165	-0.02028656005859375	-0.080169677734375
5349274203.622736	-0.0207977294921875	-0.07990264892578125
5349279825.109306	-0.019992828369140625	-0.08015823364257812
5349285446.595878	-0.0205535888671875	-0.08002471923828125
5349291068.082448	-0.02123260498046875	-0.0802459716796875
5349296689.569019	-0.020069122314453125	-0.079620361328125
5349302311.055591	-0.021877288818359375	-0.08119964599609375
5349307932.542161	-0.02162933349609375	-0.08048248291015625
5349313554.028732	-0.0212249755859375	-0.07904815673828125
5349319175.515303	-0.02155303955078125	-0.0797271728515625
5349324797.001874	-0.022670745849609375	-0.08048629760742188
5349330418.488444	-0.022487640380859375	-0.07990646362304688
5349336039.975016	-0.02376556396484375	-0.08008193969726562
5349341661.461587	-0.02356719970703125	-0.08046722412109375
5349347282.948157	-0.023082733154296875	-0.08098220825195312
5349352904.434729	-0.023342132568359375	-0.08057785034179688
5349358525.921299	-0.021945953369140625	-0.07998275756835938
5349364147.40787	-0.02408599853515625	-0.08097457885742188
5349369768.894441	-0.02356719970703125	-0.08028793334960938
5349375390.381012	-0.023715972900390625	-0.08091354370117188
5349381011.867582	-0.02435302734375	-0.08035659790039062
5349386633.354154	-0.0245819091796875	-0.0794525146484375
5349392254.840725	-0.024555206298828125	-0.08086013793945312
5349397876.327295	-0.0252838134765625	-0.07996749877929688
5349403497.813867	-0.02460479736328125	-0.07978439331054688
5349409119.300437	-0.024333953857421875	-0.08037185668945312
5349414740.787008	-0.025226593017578125	-0.08020401000976562
5349420362.273579	-0.024974822998046875	-0.0811004638671875
5349425983.76015	-0.02498626708984375	-0.08068084716796875
5349431605.246721	-0.0253143310546875	-0.07957077026367188
5349437226.733292	-0.0253753662109375	-0.08116912841796875
5349442848.219863	-0.026828765869140625	-0.07960891723632812
5349448469.706433	-0.026020050048828125	-0.07989883422851562
5349454091.193005	-0.02562713623046875	-0.07905960083007812
5349459712.679575	-0.02710723876953125	-0.0798797607421875
5349465334.166146	-0.0269927978515625	-0.07933807373046875
5349470955.652717	-0.02721405029296875	-0.07952880859375
5349476577.139288	-0.02704620361328125	-0.0789947509765625
5349482198.625859	-0.027889251708984375	-0.07928848266601562
5349487820.11243	-0.02707672119140625	-0.07942962646484375
5349493441.599001	-0.02739715576171875	-0.08041000366210938
5349499063.085571	-0.02819061279296875	-0.07961273193359375
5349504684.572143	-0.028232574462890625	-0.07880401611328125
5349510306.058713	-0.028079986572265625	-0.07984542846679688
5349515927.545284	-0.02912139892578125	-0.0799560546875
5349521549.031855	-0.027927398681640625	-0.08037185668945312
5349527170.518426	-0.029140472412109375	-0.08065032958984375
5349532792.004997	-0.02819061279296875	-0.0792083740234375
5349538413.491568	-0.029266357421875	-0.0802459716796875
5349544034.978139	-0.02880859375	-0.08005142211914062
5349549656.464709	-0.0301361083984375	-0.07940292358398438
5349555277.951281	-0.0298309326171875	-0.07934188842773438
5349560899.437851	-0.02991485595703125	-0.0798187255859375
5349566520.924422	-0.02899169921875	-0.0795745849609375
5349572142.410994	-0.029857635498046875	-0.07999801635742188
5349577763.897564	-0.029155731201171875	-0.07871627807617188
5349583385.384135	-0.0306854248046875	-0.07970809936523438
5349589006.870706	-0.030788421630859375	-0.07979202270507812
5349594628.357277	-0.03124237060546875	-0.07869720458984375
5349600249.843847	-0.0312347412109375	-0.08031845092773438
5349605871.330419	-0.031330108642578125	-0.07947540283203125
5349611492.816989	-0.031833648681640625	-0.07868576049804688
5349617114.30356	-0.031208038330078125	-0.079345703125
5349622735.790132	-0.032001495361328125	-0.07976913452148438
5349628357.276702	-0.032318115234375	-0.079498291015625
5349633978.763273	-0.03313446044921875	-0.0792388916015625
5349639600.249844	-0.031482696533203125	-0.07983779907226562
5349645221.736415	-0.032451629638671875	-0.07957077026367188
5349650843.222985	-0.03272247314453125	-0.07893753051757812
5349656464.709557	-0.032787322998046875	-0.07957077026367188
5349662086.196128	-0.032413482666015625	-0.07830047607421875
5349667707.682698	-0.033092498779296875	-0.0788421630859375
5349673329.16927	-0.0336761474609375	-0.07860565185546875
5349678950.65584	-0.03324127197265625	-0.07917404174804688
5349684572.142411	-0.03368377685546875	-0.07929611206054688
5349690193.628982	-0.033535003662109375	-0.07905197143554688
5349695815.115553	-0.034740447998046875	-0.07903671264648438
5349701436.602123	-0.03460693359375	-0.07874298095703125
5349707058.088695	-0.034458160400390625	-0.07907485961914062
5349712679.575266	-0.034313201904296875	-0.07896804809570312
5349718301.061836	-0.035091400146484375	-0.078125
5349723922.548408	-0.0359039306640625	-0.07839584350585938
5349729544.034978	-0.0351715087890625	-0.07751846313476562
5349735165.521549	-0.033962249755859375	-0.07857131958007812
5349740787.00812	-0.034778594970703125	-0.0787506103515625
5349746408.494691	-0.034458160400390625	-0.07866287231445312
5349752029.981261	-0.035808563232421875	-0.07772445678710938
5349757651.467833	-0.036136627197265625	-0.07879257202148438
5349763272.954404	-0.0355987548828125	-0.07901382446289062
5349768894.440974	-0.036678314208984375	-0.07790374755859375
5349774515.927546	-0.036930084228515625	-0.07696533203125
5349780137.414116	-0.036407470703125	-0.07831954956054688
5349785758.900687	-0.03682708740234375	-0.0781402587890625
5349791380.387258	-0.036563873291015625	-0.07777023315429688
5349797001.873829	-0.037143707275390625	-0.07812881469726562
5349802623.3604	-0.0367279052734375	-0.0780487060546875
5349808244.846971	-0.03759002685546875	-0.07889556884765625
5349813866.333542	-0.037845611572265625	-0.078094482421875
5349819487.820112	-0.038852691650390625	-0.0773773193359375
5349825109.306684	-0.03795623779296875	-0.07786178588867188
5349830730.793254	-0.037853240966796875	-0.07738113403320312
5349836352.279825	-0.038166046142578125	-0.07726669311523438
5349841973.766396	-0.039295196533203125	-0.077606201171875
5349847595.252967	-0.0384521484375	-0.07694244384765625
5349853216.739538	-0.038379669189453125	-0.0772705078125
5349858838.226109	-0.038188934326171875	-0.07727813720703125
5349864459.71268	-0.039501190185546875	-0.07779312133789062
5349870081.19925	-0.039272308349609375	-0.07781600952148438
5349875702.685822	-0.039703369140625	-0.07688522338867188
5349881324.172392	-0.039459228515625	-0.0781707763671875
5349886945.658963	-0.0410003662109375	-0.07695770263671875
5349892567.1455345	-0.039608001708984375	-0.07693099975585938
5349898188.632105	-0.039623260498046875	-0.07831954956054688
5349903810.118676	-0.0410003662109375	-0.07738113403320312
5349909431.605247	-0.039836883544921875	-0.07724380493164062
5349915053.091818	-0.04076385498046875	-0.07622146606445312
5349920674.578388	-0.039958953857421875	-0.07645034790039062
5349926296.06496	-0.042034149169921875	-0.0768280029296875
5349931917.55153	-0.041316986083984375	-0.07603836059570312
5349937539.038101	-0.041278839111328125	-0.0764007568359375
5349943160.5246725	-0.041011810302734375	-0.076019287109375
5349948782.011243	-0.04215240478515625	-0.07659149169921875
5349954403.497814	-0.04090118408203125	-0.07693099975585938
5349960024.984385	-0.0425262451171875	-0.07612991333007812
5349965646.470956	-0.041950225830078125	-0.07619094848632812
5349971267.957526	-0.0429534912109375	-0.0761260986328125
5349976889.4440975	-0.04331207275390625	-0.07561874389648438
5349982510.930668	-0.043186187744140625	-0.07708358764648438
5349988132.417239	-0.042278289794921875	-0.07658004760742188
5349993753.9038105	-0.0443267822265625	-0.07558822631835938
5349999375.390381	-0.042972564697265625	-0.07527542114257812
5350004996.876952	-0.042423248291015625	-0.07599639892578125
5350010618.363523	-0.04415130615234375	-0.07550811767578125
5350016239.850094	-0.043323516845703125	-0.07553482055664062
5350021861.336664	-0.043304443359375	-0.07546615600585938
5350027482.8232355	-0.04358673095703125	-0.07627105712890625
5350033104.309807	-0.043521881103515625	-0.07537841796875
5350038725.796377	-0.044219970703125	-0.07571792602539062
5350044347.2829485	-0.0443878173828125	-0.07494735717773438
5350049968.769519	-0.045169830322265625	-0.07515335083007812
5350055590.25609	-0.045154571533203125	-0.07558822631835938
5350061211.7426605	-0.043849945068359375	-0.07487106323242188
5350066833.229232	-0.04584503173828125	-0.07456207275390625
5350072454.715802	-0.04372406005859375	-0.07452011108398438
5350078076.2023735	-0.045604705810546875	-0.07474136352539062
5350083697.688945	-0.04512786865234375	-0.0744171142578125
5350089319.175515	-0.045688629150390625	-0.07419967651367188
5350094940.6620865	-0.046039581298828125	-0.07488250732421875
5350100562.148657	-0.046314239501953125	-0.07398605346679688
5350106183.635228	-0.04698944091796875	-0.07454681396484375
5350111805.1217985	-0.0465850830078125	-0.07544708251953125
5350117426.60837	-0.046581268310546875	-0.07533645629882812
5350123048.09494	-0.046749114990234375	-0.0749359130859375
5350128669.5815115	-0.0463104248046875	-0.07438278198242188
5350134291.068083	-0.0466461181640625	-0.07489013671875
5350139912.554653	-0.04686737060546875	-0.07491683959960938
5350145534.0412245	-0.046794891357421875	-0.07307052612304688
5350151155.527795	-0.046878814697265625	-0.07477569580078125
5350156777.014366	-0.046848297119140625	-0.07398223876953125
5350162398.5009365	-0.04767608642578125	-0.07397079467773438
5350168019.987508	-0.047420501708984375	-0.07484817504882812
5350173641.474079	-0.047801971435546875	-0.07391738891601562
5350179262.9606495	-0.04848480224609375	-0.07331085205078125
5350184884.447221	-0.047943115234375	-0.0736236572265625
5350190505.933791	-0.048465728759765625	-0.07326507568359375
5350196127.420362	-0.04782867431640625	-0.07409286499023438
5350201748.906933	-0.047771453857421875	-0.07347869873046875
5350207370.393504	-0.048603057861328125	-0.07354736328125
5350212991.8800745	-0.04711151123046875	-0.07287979125976562
5350218613.366646	-0.049137115478515625	-0.07350540161132812
5350224234.853217	-0.04897308349609375	-0.07276153564453125
5350229856.3397875	-0.049190521240234375	-0.07441329956054688
5350235477.826359	-0.050018310546875	-0.07304000854492188
5350241099.312929	-0.049610137939453125	-0.07287216186523438
5350246720.7995	-0.050144195556640625	-0.07342147827148438
5350252342.286071	-0.05014801025390625	-0.07345199584960938
5350257963.772642	-0.05065155029296875	-0.0718841552734375
5350263585.259213	-0.0506439208984375	-0.0729522705078125
5350269206.745784	-0.049610137939453125	-0.07281112670898438
5350274828.232355	-0.05007171630859375	-0.07218170166015625
5350280449.718925	-0.05136871337890625	-0.07257843017578125
5350286071.205497	-0.05121612548828125	-0.07191085815429688
5350291692.692067	-0.051685333251953125	-0.0715179443359375
5350297314.178638	-0.052402496337890625	-0.07305145263671875
5350302935.665209	-0.05185699462890625	-0.07223892211914062
5350308557.15178	-0.051967620849609375	-0.07176589965820312
5350314178.638351	-0.051532745361328125	-0.07181930541992188
5350319800.124922	-0.05197906494140625	-0.07186508178710938
5350325421.611493	-0.0514373779296875	-0.07047653198242188
5350331043.098063	-0.052501678466796875	-0.07178115844726562
5350336664.584635	-0.052032470703125	-0.0719451904296875
5350342286.071205	-0.05156707763671875	-0.07107162475585938
5350347907.557776	-0.051097869873046875	-0.07056427001953125
5350353529.044347	-0.05263519287109375	-0.07101058959960938
5350359150.530918	-0.052837371826171875	-0.07117080688476562
5350364772.017489	-0.052028656005859375	-0.07100677490234375
5350370393.50406	-0.0534210205078125	-0.07012939453125
5350376014.990631	-0.05367279052734375	-0.07141876220703125
5350381636.477201	-0.053874969482421875	-0.07047271728515625
5350387257.963773	-0.053142547607421875	-0.07073974609375
5350392879.450343	-0.05443572998046875	-0.07148361206054688
5350398500.936914	-0.053279876708984375	-0.07082748413085938
5350404122.423486	-0.053897857666015625	-0.070098876953125
5350409743.910056	-0.054615020751953125	-0.06988525390625
5350415365.396627	-0.054698944091796875	-0.07105636596679688
5350420986.883198	-0.0543670654296875	-0.06980514526367188
5350426608.369769	-0.054508209228515625	-0.06922531127929688
5350432229.856339	-0.054424285888671875	-0.06940841674804688
5350437851.342911	-0.055126190185546875	-0.06945419311523438
5350443472.829481	-0.05530548095703125	-0.07040023803710938
5350449094.316052	-0.054981231689453125	-0.07055282592773438
5350454715.802624	-0.05457305908203125	-0.06917572021484375
5350460337.289194	-0.056118011474609375	-0.06989669799804688
5350465958.775765	-0.055751800537109375	-0.07002639770507812
5350471580.262336	-0.05590057373046875	-0.06885910034179688
5350477201.748907	-0.05584716796875	-0.06899642944335938
5350482823.235477	-0.055637359619140625	-0.06954574584960938
5350488444.722049	-0.056903839111328125	-0.06930923461914062
5350494066.20862	-0.056331634521484375	-0.06898117065429688
5350499687.69519	-0.056964874267578125	-0.06879425048828125
5350505309.181762	-0.056720733642578125	-0.06903839111328125
5350510930.668332	-0.056766510009765625	-0.06908798217773438
5350516552.154903	-0.056888580322265625	-0.06908416748046875
5350522173.641474	-0.057247161865234375	-0.06975173950195312
5350527795.128045	-0.056804656982421875	-0.06848526000976562
5350533416.614615	-0.056324005126953125	-0.06812286376953125
5350539038.101187	-0.0570831298828125	-0.0676727294921875
5350544659.587758	-0.057102203369140625	-0.06707763671875
5350550281.074328	-0.0582122802734375	-0.06703948974609375
5350555902.5609	-0.05690765380859375	-0.06830596923828125
5350561524.04747	-0.0572967529296875	-0.06778717041015625
5350567145.534041	-0.057193756103515625	-0.06715774536132812
5350572767.020612	-0.058612823486328125	-0.06821060180664062
5350578388.507183	-0.05832672119140625	-0.06757736206054688
5350584009.993753	-0.058032989501953125	-0.066986083984375
5350589631.480325	-0.05870819091796875	-0.0673828125
5350595252.966896	-0.05858612060546875	-0.06770706176757812
5350600874.453466	-0.058689117431640625	-0.06730270385742188
5350606495.940038	-0.0591278076171875	-0.06787872314453125
5350612117.426608	-0.05837249755859375	-0.067047119140625
5350617738.913179	-0.05945587158203125	-0.06634902954101562
5350623360.39975	-0.05980682373046875	-0.06638336181640625
5350628981.886321	-0.059421539306640625	-0.06622314453125
5350634603.372892	-0.05913543701171875	-0.06689071655273438
5350640224.859463	-0.059356689453125	-0.066009521484375
5350645846.346034	-0.060001373291015625	-0.06637954711914062
5350651467.832604	-0.060054779052734375	-0.06649017333984375
5350657089.319176	-0.060222625732421875	-0.0666046142578125
5350662710.805746	-0.0598907470703125	-0.06615447998046875
5350668332.292317	-0.06084442138671875	-0.065032958984375
5350673953.778888	-0.060680389404296875	-0.06643295288085938
5350679575.265459	-0.06011199951171875	-0.06544876098632812
5350685196.75203	-0.061069488525390625	-0.06670379638671875
5350690818.238601	-0.060840606689453125	-0.06569671630859375
5350696439.725172	-0.06063079833984375	-0.06529998779296875
5350702061.211742	-0.060894012451171875	-0.06494903564453125
5350707682.698314	-0.06110382080078125	-0.06490707397460938
5350713304.184884	-0.0622406005859375	-0.0662841796875
5350718925.671455	-0.061336517333984375	-0.06530380249023438
5350724547.158027	-0.061309814453125	-0.06443023681640625
5350730168.644597	-0.0606231689453125	-0.06560134887695312
5350735790.131168	-0.06158447265625	-0.06524658203125
5350741411.617739	-0.0614471435546875	-0.06514358520507812
5350747033.10431	-0.0628662109375	-0.06500244140625
5350752654.59088	-0.06256484985351562	-0.06410598754882812
5350758276.077452	-0.061450958251953125	-0.06372451782226562
5350763897.564022	-0.062164306640625	-0.0657196044921875
5350769519.050593	-0.0623016357421875	-0.06522369384765625
5350775140.537165	-0.06271743774414062	-0.06399917602539062
5350780762.023735	-0.06310272216796875	-0.06365966796875
5350786383.510306	-0.06280899047851562	-0.06373214721679688
5350792004.996877	-0.0629425048828125	-0.06321334838867188
5350797626.483448	-0.0631561279296875	-0.06427383422851562
5350803247.970018	-0.06341934204101562	-0.06383895874023438
5350808869.45659	-0.0630035400390625	-0.06418991088867188
5350814490.94316	-0.0630340576171875	-0.06323623657226562
5350820112.429731	-0.0644073486328125	-0.06344985961914062
5350825733.916303	-0.06372451782226562	-0.06380462646484375
5350831355.402873	-0.06277847290039062	-0.06340408325195312
5350836976.889444	-0.0642547607421875	-0.06430435180664062
5350842598.376015	-0.063568115234375	-0.0634765625
5350848219.862586	-0.0642852783203125	-0.06314468383789062
5350853841.349156	-0.06429672241210938	-0.06252288818359375
5350859462.835728	-0.06436920166015625	-0.06290054321289062
5350865084.322299	-0.06412124633789062	-0.06243896484375
5350870705.808869	-0.06431198120117188	-0.06271743774414062
5350876327.295441	-0.06547164916992188	-0.0627288818359375
5350881948.782011	-0.06365203857421875	-0.0622406005859375
5350887570.268582	-0.06357192993164062	-0.06275177001953125
5350893191.755153	-0.06415939331054688	-0.06177520751953125
5350898813.241724	-0.06573104858398438	-0.06217193603515625
5350904434.728294	-0.06567001342773438	-0.06268310546875
5350910056.214866	-0.06473922729492188	-0.06200408935546875
5350915677.701437	-0.06599044799804688	-0.061527252197265625
5350921299.188007	-0.06578826904296875	-0.060939788818359375
5350926920.674579	-0.066131591796875	-0.06253814697265625
5350932542.161149	-0.06524658203125	-0.060222625732421875
5350938163.64772	-0.06603622436523438	-0.060291290283203125
5350943785.134291	-0.06554412841796875	-0.061412811279296875
5350949406.620862	-0.0663604736328125	-0.06067657470703125
5350955028.107433	-0.06660842895507812	-0.060546875
5350960649.594004	-0.06626129150390625	-0.06026458740234375
5350966271.080575	-0.06720352172851562	-0.060291290283203125
5350971892.567145	-0.0666046142578125	-0.060352325439453125
5350977514.053717	-0.0663909912109375	-0.060703277587890625
5350983135.540287	-0.06714248657226562	-0.060344696044921875
5350988757.026858	-0.0678253173828125	-0.0599212646484375
