F	I	Q
5570993753.9038105	0.06621932983398438	0.054859161376953125
5571000000.0	0.06625747680664062	0.055164337158203125
5571006246.0961895	0.06586837768554688	0.055286407470703125
5571012492.19238	0.06666946411132812	0.055210113525390625
5571018738.288569	0.06755828857421875	0.054203033447265625
5571024984.38476	0.06675338745117188	0.054828643798828125
5571031230.480949	0.06663131713867188	0.053730010986328125
5571037476.577139	0.0666656494140625	0.0539398193359375
5571043722.673329	0.06656646728515625	0.054584503173828125
5571049968.769519	0.06760406494140625	0.053325653076171875
5571056214.865709	0.06698226928710938	0.05341339111328125
5571062460.961899	0.06612396240234375	0.05413055419921875
5571068707.058088	0.06753158569335938	0.053478240966796875
5571074953.154279	0.06805419921875	0.0526580810546875
5571081199.250468	0.067596435546875	0.052501678466796875
5571087445.346659	0.068756103515625	0.053012847900390625
5571093691.442848	0.06814956665039062	0.0531158447265625
5571099937.539038	0.06813812255859375	0.051959991455078125
5571106183.635228	0.06829071044921875	0.05214691162109375
5571112429.731418	0.06782150268554688	0.052410125732421875
5571118675.827608	0.0687408447265625	0.05196380615234375
5571124921.923798	0.06831741333007812	0.05307769775390625
5571131168.019987	0.06916046142578125	0.05260467529296875
5571137414.116178	0.068359375	0.0508575439453125
5571143660.212367	0.068817138671875	0.052398681640625
5571149906.3085575	0.06829071044921875	0.051403045654296875
5571156152.404747	0.06788253784179688	0.051788330078125
5571162398.5009365	0.068572998046875	0.051788330078125
5571168644.597127	0.0694732666015625	0.052494049072265625
5571174890.693316	0.068328857421875	0.05113983154296875
5571181136.789507	0.06849288940429688	0.05138397216796875
5571187382.885696	0.06925201416015625	0.0507354736328125
5571193628.981886	0.0706329345703125	0.05118560791015625
5571199875.078076	0.06874847412109375	0.050540924072265625
5571206121.174266	0.06960296630859375	0.05095672607421875
5571212367.270456	0.069488525390625	0.049922943115234375
5571218613.366646	0.06991195678710938	0.050037384033203125
5571224859.462835	0.06872940063476562	0.0502777099609375
5571231105.559026	0.06946945190429688	0.05083465576171875
5571237351.655215	0.069854736328125	0.049526214599609375
5571243597.751406	0.06992340087890625	0.049480438232421875
5571249843.847595	0.06961441040039062	0.04962921142578125
5571256089.943785	0.06924819946289062	0.0495758056640625
5571262336.039975	0.07105255126953125	0.049289703369140625
5571268582.136165	0.07030487060546875	0.049312591552734375
5571274828.232355	0.071044921875	0.04969024658203125
5571281074.328545	0.07048797607421875	0.049957275390625
5571287320.424734	0.07110214233398438	0.0490875244140625
5571293566.520925	0.07024765014648438	0.048816680908203125
5571299812.617114	0.07088851928710938	0.047710418701171875
5571306058.7133045	0.07014846801757812	0.048542022705078125
5571312304.809494	0.07105636596679688	0.048519134521484375
5571318550.9056835	0.071380615234375	0.04846954345703125
5571324797.001874	0.07167816162109375	0.04842376708984375
5571331043.098063	0.07109832763671875	0.048267364501953125
5571337289.194254	0.07061004638671875	0.04766082763671875
5571343535.290443	0.07098388671875	0.04852294921875
5571349781.386633	0.07186126708984375	0.048168182373046875
5571356027.482823	0.07139968872070312	0.0478973388671875
5571362273.579013	0.07111358642578125	0.04650115966796875
5571368519.675203	0.072174072265625	0.048465728759765625
5571374765.771393	0.07172012329101562	0.04677581787109375
5571381011.867582	0.0717315673828125	0.047821044921875
5571387257.963773	0.0720977783203125	0.046718597412109375
5571393504.059962	0.07285690307617188	0.047985076904296875
5571399750.156153	0.07190704345703125	0.0466461181640625
5571405996.252342	0.07234573364257812	0.0472412109375
5571412242.348532	0.07229232788085938	0.047283172607421875
5571418488.444722	0.07152938842773438	0.0465240478515625
5571424734.540912	0.07310867309570312	0.046802520751953125
5571430980.637102	0.07276535034179688	0.046161651611328125
5571437226.733292	0.07266998291015625	0.04546356201171875
5571443472.829481	0.07262802124023438	0.045696258544921875
5571449718.925672	0.07218551635742188	0.045787811279296875
5571455965.021861	0.07178878784179688	0.045154571533203125
5571462211.118052	0.07299041748046875	0.0456695556640625
5571468457.214241	0.07188034057617188	0.046154022216796875
5571474703.310431	0.07363510131835938	0.045650482177734375
5571480949.406621	0.07350921630859375	0.04644775390625
5571487195.5028105	0.07275772094726562	0.045055389404296875
5571493441.599001	0.07349395751953125	0.0455322265625
5571499687.69519	0.07344818115234375	0.045337677001953125
5571505933.79138	0.07328033447265625	0.04512786865234375
5571512179.88757	0.07424163818359375	0.04427337646484375
5571518425.98376	0.07380294799804688	0.045009613037109375
5571524672.07995	0.07335662841796875	0.04400634765625
5571530918.17614	0.0734405517578125	0.044063568115234375
5571537164.272329	0.07471084594726562	0.044246673583984375
5571543410.36852	0.07361984252929688	0.0431976318359375
5571549656.464709	0.07342529296875	0.044811248779296875
5571555902.5609	0.07365798950195312	0.04383087158203125
5571562148.657089	0.074249267578125	0.043292999267578125
5571568394.753279	0.07471847534179688	0.04341888427734375
5571574640.849469	0.074737548828125	0.045116424560546875
5571580886.945659	0.07387161254882812	0.043216705322265625
5571587133.041849	0.07448577880859375	0.0433807373046875
5571593379.138039	0.07318878173828125	0.043285369873046875
5571599625.234228	0.07466506958007812	0.043712615966796875
5571605871.330419	0.07393646240234375	0.042736053466796875
5571612117.426608	0.07497024536132812	0.0430450439453125
5571618363.522799	0.0749664306640625	0.043186187744140625
5571624609.618988	0.0750885009765625	0.041656494140625
5571630855.7151785	0.07470703125	0.041656494140625
5571637101.811368	0.07425689697265625	0.04209136962890625
5571643347.9075575	0.07471847534179688	0.0420684814453125
5571649594.003748	0.07536697387695312	0.04203033447265625
5571655840.099937	0.07406997680664062	0.04163360595703125
5571662086.196128	0.07463455200195312	0.0430450439453125
5571668332.292317	0.07532501220703125	0.0415191650390625
5571674578.388507	0.07520294189453125	0.04148101806640625
5571680824.484697	0.07496261596679688	0.041591644287109375
5571687070.580887	0.07497787475585938	0.040019989013671875
5571693316.677077	0.07590866088867188	0.040828704833984375
5571699562.773267	0.07529449462890625	0.0413818359375
5571705808.869456	0.07566452026367188	0.040599822998046875
5571712054.965647	0.07464981079101562	0.04091644287109375
5571718301.061836	0.07463836669921875	0.039794921875
5571724547.158027	0.075103759765625	0.0410919189453125
5571730793.254216	0.07605743408203125	0.040554046630859375
5571737039.350406	0.07567977905273438	0.04146575927734375
5571743285.446596	0.076568603515625	0.04000091552734375
5571749531.542786	0.07642364501953125	0.03912353515625
5571755777.638976	0.07576751708984375	0.039798736572265625
5571762023.735166	0.07719802856445312	0.039936065673828125
5571768269.831355	0.07683181762695312	0.039554595947265625
5571774515.927546	0.07663726806640625	0.038845062255859375
5571780762.023735	0.07623672485351562	0.0387725830078125
5571787008.1199255	0.07613372802734375	0.0398101806640625
5571793254.216115	0.076507568359375	0.0391693115234375
5571799500.3123045	0.0760955810546875	0.0388336181640625
5571805746.408495	0.07715988159179688	0.039402008056640625
5571811992.504684	0.07676315307617188	0.03876495361328125
5571818238.600875	0.07699966430664062	0.03862762451171875
5571824484.697064	0.07666397094726562	0.037319183349609375
5571830730.793254	0.0769500732421875	0.037548065185546875
5571836976.889444	0.07728195190429688	0.03816986083984375
5571843222.985634	0.07575225830078125	0.03814697265625
5571849469.081824	0.077056884765625	0.03720855712890625
5571855715.178014	0.07707595825195312	0.03803253173828125
5571861961.274203	0.07641220092773438	0.037578582763671875
5571868207.370394	0.07778549194335938	0.036785125732421875
5571874453.466583	0.076171875	0.037433624267578125
5571880699.562774	0.07670211791992188	0.037109375
5571886945.658963	0.07717514038085938	0.035976409912109375
5571893191.755153	0.07659149169921875	0.03633880615234375
5571899437.851343	0.07733917236328125	0.036258697509765625
5571905683.947533	0.07738494873046875	0.036434173583984375
5571911930.043723	0.07713699340820312	0.036312103271484375
5571918176.139913	0.077850341796875	0.03685760498046875
5571924422.236102	0.07719802856445312	0.035968780517578125
5571930668.332293	0.0780487060546875	0.03656005859375
5571936914.428482	0.07837677001953125	0.035858154296875
5571943160.5246725	0.07743072509765625	0.035457611083984375
5571949406.620862	0.07686233520507812	0.035877227783203125
5571955652.7170515	0.07778549194335938	0.0348052978515625
5571961898.813242	0.07820510864257812	0.035488128662109375
5571968144.909431	0.07810211181640625	0.034626007080078125
5571974391.005622	0.07744979858398438	0.034687042236328125
5571980637.101811	0.07878494262695312	0.034984588623046875
5571986883.198001	0.07818984985351562	0.034992218017578125
5571993129.294191	0.07819366455078125	0.033966064453125
5571999375.390381	0.07878494262695312	0.034679412841796875
5572005621.486571	0.0783843994140625	0.03363800048828125
5572011867.582761	0.0782928466796875	0.0340423583984375
5572018113.67895	0.07790756225585938	0.033878326416015625
5572024359.775141	0.07764816284179688	0.033710479736328125
5572030605.87133	0.07777023315429688	0.03493499755859375
5572036851.967521	0.07856369018554688	0.03374481201171875
5572043098.06371	0.07808685302734375	0.034122467041015625
5572049344.1599	0.07870101928710938	0.03380584716796875
5572055590.25609	0.0792388916015625	0.033447265625
5572061836.35228	0.07844924926757812	0.033145904541015625
5572068082.44847	0.07874298095703125	0.032623291015625
5572074328.54466	0.0796661376953125	0.03253173828125
5572080574.640849	0.07942962646484375	0.0326690673828125
5572086820.73704	0.08008575439453125	0.032238006591796875
5572093066.833229	0.07769012451171875	0.033046722412109375
5572099312.9294195	0.08026123046875	0.032703399658203125
5572105559.025609	0.07974624633789062	0.03131103515625
5572111805.1217985	0.07899093627929688	0.032451629638671875
5572118051.217989	0.07885360717773438	0.031803131103515625
5572124297.314178	0.0796356201171875	0.0315704345703125
5572130543.410369	0.07936859130859375	0.03160858154296875
5572136789.506558	0.08054733276367188	0.03221893310546875
5572143035.602748	0.0800018310546875	0.031589508056640625
5572149281.698938	0.079925537109375	0.030941009521484375
5572155527.795128	0.07971572875976562	0.03125762939453125
5572161773.891318	0.07927703857421875	0.031276702880859375
5572168019.987508	0.07968902587890625	0.03026580810546875
5572174266.083697	0.07916641235351562	0.029384613037109375
5572180512.179888	0.08094406127929688	0.030185699462890625
5572186758.276077	0.07962417602539062	0.030548095703125
5572193004.372268	0.07983779907226562	0.0296783447265625
5572199250.468457	0.07926559448242188	0.028656005859375
5572205496.564647	0.08046340942382812	0.029895782470703125
5572211742.660837	0.079864501953125	0.029430389404296875
5572217988.757027	0.0802154541015625	0.029285430908203125
5572224234.853217	0.07967758178710938	0.02893829345703125
5572230480.949407	0.07997512817382812	0.02948760986328125
5572236727.045596	0.08031463623046875	0.028720855712890625
5572242973.141787	0.08001327514648438	0.02942657470703125
5572249219.237976	0.079986572265625	0.029056549072265625
5572255465.334167	0.07990264892578125	0.02825927734375
5572261711.430356	0.08013534545898438	0.028270721435546875
5572267957.526546	0.08019256591796875	0.028537750244140625
5572274203.622736	0.08097076416015625	0.02855682373046875
5572280449.718925	0.080078125	0.028064727783203125
5572286695.815116	0.08095550537109375	0.0286102294921875
5572292941.911305	0.07970428466796875	0.028835296630859375
5572299188.007495	0.07979965209960938	0.02762603759765625
5572305434.103685	0.08164596557617188	0.027469635009765625
5572311680.199875	0.0802001953125	0.028278350830078125
5572317926.296065	0.08047866821289062	0.0263671875
5572324172.392255	0.08060455322265625	0.026996612548828125
5572330418.488444	0.0810089111328125	0.027820587158203125
5572336664.584635	0.08067703247070312	0.027225494384765625
5572342910.680824	0.081146240234375	0.026988983154296875
5572349156.777015	0.08031082153320312	0.027164459228515625
5572355402.873204	0.08032608032226562	0.026569366455078125
5572361648.969394	0.0809478759765625	0.0264129638671875
5572367895.065584	0.08120346069335938	0.026340484619140625
5572374141.161774	0.081024169921875	0.02620697021484375
5572380387.257964	0.0819549560546875	0.025516510009765625
5572386633.354154	0.08121109008789062	0.0267333984375
5572392879.450343	0.08030319213867188	0.026027679443359375
5572399125.546534	0.08140182495117188	0.026439666748046875
5572405371.642723	0.08180999755859375	0.024932861328125
5572411617.738914	0.08136749267578125	0.02569580078125
5572417863.835103	0.08118057250976562	0.024723052978515625
5572424109.931293	0.08039474487304688	0.024929046630859375
5572430356.027483	0.08147811889648438	0.025035858154296875
5572436602.1236725	0.08159255981445312	0.02390289306640625
5572442848.219863	0.08264923095703125	0.02490997314453125
5572449094.316052	0.08154296875	0.024486541748046875
5572455340.412242	0.081634521484375	0.02398681640625
5572461586.508432	0.08199691772460938	0.024593353271484375
5572467832.604622	0.08131027221679688	0.023670196533203125
5572474078.700812	0.08148574829101562	0.023807525634765625
5572480324.797002	0.08193588256835938	0.02379608154296875
5572486570.893191	0.08218002319335938	0.023181915283203125
5572492816.989382	0.08133316040039062	0.02379608154296875
5572499063.085571	0.08121871948242188	0.023097991943359375
5572505309.181762	0.08159637451171875	0.02294921875
5572511555.277951	0.081634521484375	0.023517608642578125
5572517801.374141	0.0809783935546875	0.0234527587890625
5572524047.470331	0.08143997192382812	0.022182464599609375
5572530293.566521	0.081787109375	0.022258758544921875
5572536539.662711	0.08133316040039062	0.022045135498046875
5572542785.758901	0.08196258544921875	0.0235748291015625
5572549031.85509	0.08156967163085938	0.021697998046875
5572555277.951281	0.08222198486328125	0.02099609375
5572561524.04747	0.0822906494140625	0.021881103515625
5572567770.143661	0.08173370361328125	0.02083587646484375
5572574016.23985	0.08170700073242188	0.02147674560546875
5572580262.33604	0.0819091796875	0.0204620361328125
5572586508.43223	0.08238601684570312	0.020557403564453125
5572592754.5284195	0.08174514770507812	0.02071380615234375
5572599000.62461	0.08205795288085938	0.020763397216796875
5572605246.720799	0.08248138427734375	0.01969146728515625
5572611492.816989	0.08170700073242188	0.02053070068359375
5572617738.913179	0.08234405517578125	0.019832611083984375
5572623985.009369	0.08188247680664062	0.020168304443359375
5572630231.105559	0.082794189453125	0.019561767578125
5572636477.201749	0.08087539672851562	0.0187835693359375
5572642723.297938	0.08195877075195312	0.01953125
5572648969.394129	0.08287429809570312	0.019001007080078125
5572655215.490318	0.08223342895507812	0.019741058349609375
5572661461.586509	0.08218765258789062	0.01917266845703125
5572667707.682698	0.08182525634765625	0.017887115478515625
5572673953.778888	0.08268356323242188	0.0190582275390625
5572680199.875078	0.08274078369140625	0.019195556640625
5572686445.971268	0.08419418334960938	0.019016265869140625
5572692692.067458	0.082489013671875	0.01904296875
5572698938.163648	0.08237838745117188	0.0182952880859375
5572705184.259837	0.08258438110351562	0.017551422119140625
5572711430.356028	0.08287429809570312	0.018634796142578125
5572717676.452217	0.08246231079101562	0.01702880859375
5572723922.548408	0.08234405517578125	0.017040252685546875
5572730168.644597	0.083282470703125	0.017307281494140625
5572736414.740787	0.0823974609375	0.017284393310546875
5572742660.836977	0.0829010009765625	0.017627716064453125
5572748906.9331665	0.08269882202148438	0.016910552978515625
5572755153.029357	0.08307266235351562	0.016357421875
5572761399.125546	0.08207321166992188	0.0163726806640625
5572767645.221736	0.08347702026367188	0.01677703857421875
5572773891.317926	0.08325958251953125	0.016147613525390625
5572780137.414116	0.08285140991210938	0.01630401611328125
5572786383.510306	0.08331298828125	0.01589202880859375
5572792629.606496	0.08351898193359375	0.01589202880859375
5572798875.702685	0.0828857421875	0.016567230224609375
5572805121.798876	0.08318710327148438	0.01558685302734375
5572811367.895065	0.08339309692382812	0.01531982421875
5572817613.991256	0.08317947387695312	0.016284942626953125
5572823860.087445	0.08234786987304688	0.015132904052734375
5572830106.183635	0.08272552490234375	0.016239166259765625
5572836352.279825	0.082427978515625	0.0160675048828125
5572842598.376015	0.08385848999023438	0.0155181884765625
5572848844.472205	0.08220672607421875	0.014705657958984375
5572855090.568395	0.08211517333984375	0.014301300048828125
5572861336.664584	0.083221435546875	0.014804840087890625
5572867582.760775	0.08275222778320312	0.013813018798828125
5572873828.856964	0.08306884765625	0.014263153076171875
5572880074.953155	0.08383941650390625	0.014415740966796875
5572886321.049344	0.08285903930664062	0.0147705078125
5572892567.1455345	0.083221435546875	0.01271820068359375
5572898813.241724	0.08238983154296875	0.012584686279296875
5572905059.3379135	0.08353042602539062	0.01261138916015625
5572911305.434104	0.08357620239257812	0.012516021728515625
5572917551.530293	0.08339309692382812	0.01343536376953125
5572923797.626484	0.08251953125	0.01389312744140625
5572930043.722673	0.081878662109375	0.011989593505859375
5572936289.818863	0.0821990966796875	0.011829376220703125
5572942535.915053	0.08330535888671875	0.012332916259765625
5572948782.011243	0.08365631103515625	0.012531280517578125
5572955028.107433	0.08426284790039062	0.0132598876953125
5572961274.203623	0.08442306518554688	0.0108489990234375
5572967520.299812	0.08327102661132812	0.011653900146484375
5572973766.396003	0.08383560180664062	0.011814117431640625
5572980012.492192	0.08366775512695312	0.012012481689453125
5572986258.588383	0.0830841064453125	0.011470794677734375
5572992504.684572	0.08335494995117188	0.01049041748046875
5572998750.780762	0.08348846435546875	0.01049041748046875
5573004996.876952	0.08284378051757812	0.010593414306640625
5573011242.973142	0.08304214477539062	0.01085662841796875
5573017489.069332	0.08380126953125	0.00923919677734375
5573023735.165522	0.08386993408203125	0.010654449462890625
5573029981.261711	0.08398056030273438	0.010738372802734375
5573036227.357902	0.08339691162109375	0.00937652587890625
5573042473.454091	0.08329391479492188	0.010112762451171875
5573048719.550282	0.0833587646484375	0.00824737548828125
5573054965.646471	0.08309173583984375	0.010223388671875
5573061211.7426605	0.08338546752929688	0.00965118408203125
5573067457.838851	0.08308029174804688	0.0091552734375
5573073703.93504	0.082489013671875	0.008235931396484375
5573079950.031231	0.08407974243164062	0.008800506591796875
5573086196.12742	0.08347702026367188	0.007976531982421875
5573092442.22361	0.0837249755859375	0.00803375244140625
5573098688.3198	0.08390045166015625	0.00914764404296875
5573104934.41599	0.08341598510742188	0.0081634521484375
5573111180.51218	0.08356475830078125	0.007732391357421875
5573117426.60837	0.08356094360351562	0.007480621337890625
5573123672.704559	0.08302688598632812	0.0079345703125
5573129918.80075	0.08364105224609375	0.008106231689453125
5573136164.896939	0.083038330078125	0.006549835205078125
5573142410.99313	0.08264541625976562	0.006786346435546875
5573148657.089319	0.08365631103515625	0.006504058837890625
5573154903.185509	0.08361053466796875	0.006786346435546875
5573161149.281699	0.08409500122070312	0.007129669189453125
5573167395.377889	0.08390426635742188	0.006786346435546875
5573173641.474079	0.08307647705078125	0.00634765625
5573179887.570269	0.08331298828125	0.006175994873046875
5573186133.666458	0.0836944580078125	0.00540924072265625
5573192379.762649	0.082427978515625	0.00545501708984375
5573198625.858838	0.08296966552734375	0.005702972412109375
5573204871.955029	0.08344268798828125	0.005512237548828125
5573211118.051218	0.08282852172851562	0.005035400390625
5573217364.147408	0.0835113525390625	0.005680084228515625
5573223610.243598	0.0834808349609375	0.00524139404296875
5573229856.3397875	0.08205032348632812	0.004413604736328125
5573236102.435978	0.08362960815429688	0.004451751708984375
5573242348.532167	0.08338546752929688	0.005344390869140625
5573248594.628357	0.0828704833984375	0.004039764404296875
5573254840.724547	0.0831146240234375	0.003826141357421875
5573261086.820737	0.0827484130859375	0.00388336181640625
5573267332.916927	0.08269119262695312	0.004833221435546875
5573273579.013117	0.0831451416015625	0.00433349609375
5573279825.109306	0.08315277099609375	0.00444793701171875
5573286071.205497	0.08330917358398438	0.00366973876953125
5573292317.301686	0.08272171020507812	0.003978729248046875
5573298563.397877	0.08316802978515625	0.003387451171875
5573304809.494066	0.08284378051757812	0.003070831298828125
5573311055.590256	0.08410263061523438	0.00371551513671875
5573317301.686446	0.08371734619140625	0.002063751220703125
5573323547.782636	0.08368682861328125	0.003192901611328125
5573329793.878826	0.08319091796875	0.0026702880859375
5573336039.975016	0.0823516845703125	0.00255584716796875
5573342286.071205	0.08282470703125	0.00201416015625
5573348532.167396	0.08329010009765625	0.002410888671875
5573354778.263585	0.083251953125	0.00159454345703125
5573361024.359776	0.0819091796875	0.001277923583984375
5573367270.455965	0.08383560180664062	0.00189971923828125
5573373516.552155	0.08363723754882812	0.00140380859375
5573379762.648345	0.08349609375	0.001140594482421875
5573386008.7445345	0.08292388916015625	0.001251220703125
5573392254.840725	0.083343505859375	-8.392333984375e-05
5573398500.936914	0.08266067504882812	0.001495361328125
5573404747.033104	0.08230209350585938	0.001331329345703125
5573410993.129294	0.08270263671875	0.00064849853515625
5573417239.225484	0.083343505859375	0.000263214111328125
5573423485.321674	0.08254241943359375	0.00075531005859375
5573429731.417864	0.08325576782226562	0.000579833984375
5573435977.514053	0.0834808349609375	-0.000759124755859375
5573442223.610244	0.08309173583984375	-0.00098419189453125
5573448469.706433	0.08228683471679688	0.00098419189453125
5573454715.802624	0.08272933959960938	-0.000644683837890625
5573460961.898813	0.08331298828125	-0.0002899169921875
5573467207.995003	0.08312225341796875	-0.000835418701171875
5573473454.091193	0.08263015747070312	-0.001880645751953125
5573479700.187383	0.08319091796875	-0.000911712646484375
5573485946.283573	0.08203506469726562	-0.001529693603515625
5573492192.379763	0.0832977294921875	-0.000946044921875
5573498438.475952	0.08256912231445312	-0.001728057861328125
5573504684.572143	0.08289718627929688	-0.0025634765625
5573510930.668332	0.08302688598632812	-0.003040313720703125
5573517176.764523	0.08383560180664062	-0.001903533935546875
5573523422.860712	0.08255767822265625	-0.00222015380859375
5573529668.956902	0.08238983154296875	-0.003398895263671875
5573535915.053092	0.0820770263671875	-0.003147125244140625
5573542161.1492815	0.08276748657226562	-0.00301361083984375
5573548407.245472	0.081634521484375	-0.003093719482421875
5573554653.341661	0.083587646484375	-0.00312042236328125
5573560899.437851	0.08185195922851562	-0.0041961669921875
5573567145.534041	0.08263778686523438	-0.003955841064453125
5573573391.630231	0.08237457275390625	-0.003692626953125
5573579637.726421	0.08177566528320312	-0.00292205810546875
5573585883.822611	0.08196258544921875	-0.00386810302734375
5573592129.9188	0.0821380615234375	-0.003360748291015625
5573598376.014991	0.08272933959960938	-0.004558563232421875
5573604622.11118	0.08182525634765625	-0.00376129150390625
5573610868.207371	0.08184051513671875	-0.00463104248046875
5573617114.30356	0.08293914794921875	-0.004985809326171875
5573623360.39975	0.08176040649414062	-0.00438690185546875
5573629606.49594	0.08193588256835938	-0.00567626953125
5573635852.59213	0.08126449584960938	-0.005794525146484375
5573642098.68832	0.08256912231445312	-0.005767822265625
5573648344.78451	0.08176803588867188	-0.005828857421875
5573654590.880699	0.08222579956054688	-0.006313323974609375
5573660836.97689	0.08167266845703125	-0.006927490234375
5573667083.073079	0.080841064453125	-0.007015228271484375
5573673329.16927	0.08202362060546875	-0.00699615478515625
5573679575.265459	0.08055877685546875	-0.00682830810546875
5573685821.361649	0.08135223388671875	-0.007236480712890625
5573692067.457839	0.08018875122070312	-0.0063323974609375
5573698313.5540285	0.0821990966796875	-0.00643157958984375
5573704559.650219	0.08120346069335938	-0.00652313232421875
5573710805.746408	0.08062744140625	-0.00732421875
5573717051.842598	0.08104705810546875	-0.007335662841796875
5573723297.938788	0.08219146728515625	-0.00826263427734375
5573729544.034978	0.080291748046875	-0.007320404052734375
5573735790.131168	0.08183670043945312	-0.00737762451171875
5573742036.227358	0.0816650390625	-0.008373260498046875
5573748282.323547	0.08050537109375	-0.00852203369140625
5573754528.419738	0.081207275390625	-0.007968902587890625
5573760774.515927	0.08097076416015625	-0.00838470458984375
5573767020.612118	0.08126068115234375	-0.008510589599609375
5573773266.708307	0.080841064453125	-0.00910186767578125
5573779512.804497	0.0809326171875	-0.008831024169921875
5573785758.900687	0.08066558837890625	-0.008937835693359375
5573792004.996877	0.081268310546875	-0.00911712646484375
5573798251.093067	0.08026885986328125	-0.009944915771484375
5573804497.189257	0.08019638061523438	-0.009487152099609375
5573810743.285446	0.0810394287109375	-0.009765625
5573816989.381637	0.08135604858398438	-0.009243011474609375
5573823235.477826	0.08117294311523438	-0.010684967041015625
5573829481.574017	0.0806427001953125	-0.0105743408203125
5573835727.670206	0.08110809326171875	-0.009685516357421875
5573841973.766396	0.08172988891601562	-0.010860443115234375
5573848219.862586	0.08057785034179688	-0.011383056640625
5573854465.9587755	0.08061981201171875	-0.011623382568359375
5573860712.054966	0.081085205078125	-0.01110076904296875
5573866958.151155	0.08082962036132812	-0.011692047119140625
5573873204.247345	0.07994461059570312	-0.01178741455078125
5573879450.343535	0.07965087890625	-0.013164520263671875
5573885696.439725	0.07970428466796875	-0.0118255615234375
5573891942.535915	0.08058547973632812	-0.01220703125
5573898188.632105	0.07964706420898438	-0.012706756591796875
5573904434.728294	0.07977676391601562	-0.012615203857421875
5573910680.824485	0.0803680419921875	-0.0134735107421875
5573916926.920674	0.079742431640625	-0.013050079345703125
5573923173.016865	0.07998275756835938	-0.01230621337890625
5573929419.113054	0.08031463623046875	-0.01251983642578125
5573935665.209244	0.07965087890625	-0.013469696044921875
5573941911.305434	0.07892227172851562	-0.013671875
5573948157.401624	0.07944488525390625	-0.0130767822265625
5573954403.497814	0.07961273193359375	-0.014041900634765625
5573960649.594004	0.0789794921875	-0.014102935791015625
5573966895.690193	0.07897567749023438	-0.0133209228515625
5573973141.786384	0.0788116455078125	-0.013988494873046875
5573979387.882573	0.07866668701171875	-0.014995574951171875
5573985633.978764	0.07941818237304688	-0.0135650634765625
5573991880.074953	0.07825088500976562	-0.0141448974609375
5573998126.171143	0.079193115234375	-0.013683319091796875
5574004372.267333	0.07930374145507812	-0.01483154296875
5574010618.363523	0.07899093627929688	-0.015064239501953125
5574016864.459713	0.07826614379882812	-0.01435089111328125
5574023110.5559025	0.07910537719726562	-0.01534271240234375
5574029356.652092	0.07945632934570312	-0.015682220458984375
5574035602.748282	0.07818984985351562	-0.01576995849609375
5574041848.844472	0.07828521728515625	-0.015666961669921875
5574048094.940662	0.07863616943359375	-0.0167694091796875
5574054341.036852	0.07818984985351562	-0.016178131103515625
5574060587.133041	0.07909011840820312	-0.01554107666015625
5574066833.229232	0.07868576049804688	-0.016582489013671875
5574073079.325421	0.0784759521484375	-0.0166015625
5574079325.421612	0.07835006713867188	-0.0174713134765625
5574085571.517801	0.07813262939453125	-0.01654052734375
5574091817.613991	0.0779571533203125	-0.0166473388671875
5574098063.710181	0.07877349853515625	-0.0153961181640625
5574104309.806371	0.07796859741210938	-0.01738739013671875
5574110555.902561	0.07842636108398438	-0.017368316650390625
5574116801.998751	0.07901382446289062	-0.017429351806640625
5574123048.09494	0.07670974731445312	-0.016422271728515625
5574129294.191131	0.07769012451171875	-0.0179443359375
5574135540.28732	0.07779693603515625	-0.0171966552734375
5574141786.383511	0.07706069946289062	-0.01807403564453125
5574148032.4797	0.07755279541015625	-0.019626617431640625
5574154278.575891	0.07647323608398438	-0.0181732177734375
5574160524.67208	0.07631683349609375	-0.018566131591796875
5574166770.76827	0.07744598388671875	-0.019683837890625
5574173016.86446	0.07627487182617188	-0.019489288330078125
5574179262.9606495	0.07749557495117188	-0.02013397216796875
5574185509.05684	0.0771484375	-0.019557952880859375
5574191755.153029	0.07646942138671875	-0.019229888916015625
5574198001.249219	0.07600021362304688	-0.019744873046875
5574204247.345409	0.07700347900390625	-0.019496917724609375
5574210493.441599	0.0762481689453125	-0.0190582275390625
5574216739.537789	0.07671737670898438	-0.01955413818359375
5574222985.633979	0.075897216796875	-0.019870758056640625
5574229231.730168	0.07655715942382812	-0.019977569580078125
5574235477.826359	0.07504653930664062	-0.021717071533203125
5574241723.922548	0.0751800537109375	-0.02086639404296875
5574247970.018739	0.07571792602539062	-0.02108001708984375
5574254216.114928	0.07567977905273438	-0.020656585693359375
5574260462.211118	0.07780838012695312	-0.02093505859375
5574266708.307308	0.07651138305664062	-0.021251678466796875
5574272954.403498	0.07610321044921875	-0.02129364013671875
5574279200.499688	0.07550811767578125	-0.022472381591796875
5574285446.595878	0.07471466064453125	-0.021770477294921875
5574291692.692067	0.0755157470703125	-0.021472930908203125
5574297938.788258	0.07514572143554688	-0.021915435791015625
5574304184.884447	0.07480621337890625	-0.021457672119140625
5574310430.980638	0.07538986206054688	-0.022724151611328125
5574316677.076827	0.07449722290039062	-0.0219879150390625
5574322923.173017	0.07489776611328125	-0.02280426025390625
5574329169.269207	0.07492446899414062	-0.0226593017578125
5574335415.3653965	0.07510757446289062	-0.02239227294921875
5574341661.461587	0.07419586181640625	-0.02344512939453125
5574347907.557776	0.07513809204101562	-0.023395538330078125
5574354153.653966	0.07455825805664062	-0.02397918701171875
5574360399.750156	0.07448959350585938	-0.02370452880859375
5574366645.846346	0.07407379150390625	-0.023662567138671875
5574372891.942536	0.07363510131835938	-0.023952484130859375
5574379138.038726	0.07445526123046875	-0.024166107177734375
5574385384.134915	0.07422256469726562	-0.023677825927734375
5574391630.231106	0.07306671142578125	-0.024017333984375
5574397876.327295	0.07287979125976562	-0.024646759033203125
5574404122.423486	0.07363510131835938	-0.0254364013671875
5574410368.519675	0.07317733764648438	-0.025531768798828125
5574416614.615865	0.0734100341796875	-0.023487091064453125
5574422860.712055	0.0730743408203125	-0.024303436279296875
5574429106.808245	0.07414627075195312	-0.0252838134765625
5574435352.904435	0.07294464111328125	-0.025463104248046875
5574441599.000625	0.07204818725585938	-0.02510833740234375
5574447845.096814	0.07198715209960938	-0.02547454833984375
5574454091.193005	0.07283782958984375	-0.025524139404296875
5574460337.289194	0.07233428955078125	-0.02564239501953125
5574466583.385385	0.07248687744140625	-0.02606964111328125
5574472829.481574	0.07152938842773438	-0.02594757080078125
5574479075.577764	0.0720367431640625	-0.026027679443359375
5574485321.673954	0.07123947143554688	-0.0262908935546875
5574491567.7701435	0.07154464721679688	-0.0257568359375
5574497813.866334	0.0726318359375	-0.02683258056640625
5574504059.962523	0.07161712646484375	-0.027561187744140625
5574510306.058713	0.0703277587890625	-0.027557373046875
5574516552.154903	0.07258987426757812	-0.02695465087890625
5574522798.251093	0.07096481323242188	-0.02690887451171875
5574529044.347283	0.07089996337890625	-0.02837371826171875
5574535290.443473	0.07079315185546875	-0.0271148681640625
5574541536.539662	0.07036972045898438	-0.028148651123046875
5574547782.635853	0.07122039794921875	-0.028514862060546875
5574554028.732042	0.07006454467773438	-0.0269012451171875
5574560274.828233	0.06912994384765625	-0.02750396728515625
5574566520.924422	0.07016372680664062	-0.02846527099609375
5574572767.020612	0.06964111328125	-0.028102874755859375
5574579013.116802	0.06971359252929688	-0.029201507568359375
5574585259.212992	0.06977462768554688	-0.0292205810546875
5574591505.309182	0.06987762451171875	-0.028606414794921875
5574597751.405372	0.06952667236328125	-0.02883148193359375
5574603997.501561	0.0696258544921875	-0.0283050537109375
5574610243.597752	0.0687255859375	-0.0292510986328125
5574616489.693941	0.06951904296875	-0.029872894287109375
5574622735.790132	0.06894302368164062	-0.02960968017578125
5574628981.886321	0.068450927734375	-0.030231475830078125
5574635227.982511	0.06858444213867188	-0.029109954833984375
5574641474.078701	0.0680084228515625	-0.030117034912109375
5574647720.1748905	0.06844711303710938	-0.03033447265625
5574653966.271081	0.06847000122070312	-0.02970123291015625
5574660212.36727	0.0676422119140625	-0.0290069580078125
5574666458.46346	0.0683441162109375	-0.030742645263671875
5574672704.55965	0.06793212890625	-0.0302581787109375
5574678950.65584	0.06793975830078125	-0.03096771240234375
5574685196.75203	0.06680679321289062	-0.03096771240234375
5574691442.84822	0.06689071655273438	-0.03130340576171875
5574697688.944409	0.067535400390625	-0.030918121337890625
5574703935.0406	0.06712722778320312	-0.0311126708984375
5574710181.136789	0.0665283203125	-0.0309295654296875
5574716427.23298	0.06714630126953125	-0.031646728515625
5574722673.329169	0.06562042236328125	-0.03143310546875
5574728919.425359	0.06600189208984375	-0.03139495849609375
5574735165.521549	0.06552505493164062	-0.031986236572265625
5574741411.617739	0.06662750244140625	-0.032012939453125
5574747657.713929	0.06481170654296875	-0.032192230224609375
5574753903.810119	0.06579208374023438	-0.03165435791015625
5574760149.906308	0.0659942626953125	-0.031341552734375
5574766396.002499	0.06469345092773438	-0.03326416015625
5574772642.098688	0.06604766845703125	-0.032253265380859375
5574778888.194879	0.0652008056640625	-0.03265380859375
5574785134.291068	0.06435775756835938	-0.032497406005859375
5574791380.387258	0.06400680541992188	-0.032161712646484375
5574797626.483448	0.06428146362304688	-0.03240966796875
5574803872.579638	0.06353759765625	-0.032680511474609375
5574810118.675828	0.0628814697265625	-0.032749176025390625
5574816364.7720175	0.06337356567382812	-0.03277587890625
5574822610.868207	0.06432723999023438	-0.033355712890625
5574828856.964397	0.06293869018554688	-0.033687591552734375
5574835103.060587	0.06319427490234375	-0.033084869384765625
5574841349.156777	0.06200408935546875	-0.033843994140625
5574847595.252967	0.0624542236328125	-0.03334808349609375
5574853841.349156	0.0626068115234375	-0.0332183837890625
5574860087.445347	0.062255859375	-0.034717559814453125
5574866333.541536	0.06292343139648438	-0.0332794189453125
5574872579.637727	0.06154632568359375	-0.035114288330078125
5574878825.733916	0.061283111572265625	-0.034290313720703125
5574885071.830106	0.060916900634765625	-0.034923553466796875
5574891317.926296	0.061431884765625	-0.034221649169921875
5574897564.022486	0.06005096435546875	-0.0329742431640625
5574903810.118676	0.060947418212890625	-0.03398895263671875
5574910056.214866	0.06110382080078125	-0.0343780517578125
5574916302.311055	0.062099456787109375	-0.03409576416015625
5574922548.407246	0.0602264404296875	-0.03456878662109375
5574928794.503435	0.060100555419921875	-0.03342437744140625
5574935040.599626	0.05928802490234375	-0.03499603271484375
5574941286.695815	0.060741424560546875	-0.0352935791015625
5574947532.792005	0.059246063232421875	-0.034458160400390625
5574953778.888195	0.0593109130859375	-0.034900665283203125
5574960024.984385	0.0588836669921875	-0.0349273681640625
5574966271.080575	0.058948516845703125	-0.035457611083984375
5574972517.1767645	0.05810546875	-0.03519439697265625
5574978763.272954	0.059108734130859375	-0.034847259521484375
5574985009.369144	0.05846405029296875	-0.034282684326171875
5574991255.465334	0.057895660400390625	-0.035282135009765625
5574997501.561524	0.05780029296875	-0.03466796875
5575003747.657714	0.05771636962890625	-0.03556060791015625
5575009993.753903	0.058086395263671875	-0.035381317138671875
5575016239.850094	0.05754852294921875	-0.0352935791015625
5575022485.946283	0.056720733642578125	-0.034984588623046875
5575028732.042474	0.05667877197265625	-0.035999298095703125
5575034978.138663	0.05609130859375	-0.035755157470703125
5575041224.234853	0.056262969970703125	-0.035312652587890625
5575047470.331043	0.0562744140625	-0.03553009033203125
5575053716.427233	0.055675506591796875	-0.035549163818359375
5575059962.523423	0.055450439453125	-0.0353240966796875
5575066208.619613	0.0550537109375	-0.0356597900390625
5575072454.715802	0.054393768310546875	-0.03507232666015625
5575078700.811993	0.055332183837890625	-0.03568267822265625
5575084946.908182	0.05525970458984375	-0.035457611083984375
5575091193.004373	0.05527496337890625	-0.03556060791015625
5575097439.100562	0.054515838623046875	-0.035984039306640625
5575103685.196752	0.05450439453125	-0.035594940185546875
5575109931.292942	0.054241180419921875	-0.03679656982421875
5575116177.389132	0.0546417236328125	-0.035186767578125
5575122423.485322	0.052204132080078125	-0.03710174560546875
5575128669.5815115	0.052734375	-0.036258697509765625
5575134915.677701	0.0523681640625	-0.035999298095703125
5575141161.773891	0.052745819091796875	-0.036098480224609375
5575147407.870081	0.05271148681640625	-0.035976409912109375
5575153653.966271	0.051868438720703125	-0.036334991455078125
5575159900.062461	0.05179595947265625	-0.0357666015625
5575166146.15865	0.05200958251953125	-0.03582763671875
5575172392.254841	0.050884246826171875	-0.0351409912109375
5575178638.35103	0.052127838134765625	-0.035736083984375
5575184884.447221	0.050537109375	-0.035675048828125
5575191130.54341	0.0504302978515625	-0.035427093505859375
5575197376.6396	0.051120758056640625	-0.035655975341796875
5575203622.73579	0.050537109375	-0.036334991455078125
5575209868.83198	0.049976348876953125	-0.03508758544921875
5575216114.92817	0.050769805908203125	-0.034847259521484375
5575222361.02436	0.04860687255859375	-0.03497505187988281
5575228607.120549	0.04891395568847656	-0.03571891784667969
5575234853.21674	0.0490570068359375	-0.035610198974609375
5575241099.312929	0.04866790771484375	-0.035831451416015625
5575247345.40912	0.049465179443359375	-0.036304473876953125
5575253591.505309	0.049152374267578125	-0.035015106201171875
5575259837.601499	0.047489166259765625	-0.03478813171386719
5575266083.697689	0.04817390441894531	-0.03543853759765625
5575272329.793879	0.04752922058105469	-0.03470420837402344
5575278575.890069	0.04706573486328125	-0.03513336181640625
5575284821.9862585	0.047389984130859375	-0.035182952880859375
5575291068.082448	0.047199249267578125	-0.03490447998046875
5575297314.178638	0.04611968994140625	-0.034088134765625
5575303560.274828	0.04718589782714844	-0.034572601318359375
5575309806.371018	0.04616737365722656	-0.03318214416503906
5575316052.467208	0.04608726501464844	-0.034931182861328125
5575322298.563397	0.04600715637207031	-0.03404998779296875
5575328544.659588	0.0449371337890625	-0.03439521789550781
5575334790.755777	0.04679298400878906	-0.033435821533203125
5575341036.851968	0.04567718505859375	-0.03326606750488281
5575347282.948157	0.0460052490234375	-0.03543663024902344
5575353529.044347	0.0450897216796875	-0.03427886962890625
5575359775.140537	0.04483985900878906	-0.033802032470703125
5575366021.236727	0.044872283935546875	-0.03345298767089844
5575372267.332917	0.04530525207519531	-0.032318115234375
5575378513.429107	0.04381752014160156	-0.033245086669921875
5575384759.525297	0.04327964782714844	-0.03502464294433594
5575391005.621487	0.043529510498046875	-0.03230857849121094
5575397251.717676	0.04337882995605469	-0.03371620178222656
5575403497.813867	0.04396820068359375	-0.03368377685546875
5575409743.910056	0.0433807373046875	-0.03250885009765625
5575415990.006247	0.042629241943359375	-0.03284454345703125
5575422236.102436	0.04363059997558594	-0.03306770324707031
5575428482.198626	0.04201507568359375	-0.03194236755371094
5575434728.294816	0.041728973388671875	-0.0330047607421875
5575440974.3910055	0.04255867004394531	-0.03147315979003906
5575447220.487196	0.04113960266113281	-0.03290748596191406
5575453466.583385	0.04219627380371094	-0.031360626220703125
5575459712.679575	0.04124259948730469	-0.03156471252441406
5575465958.775765	0.04100990295410156	-0.031406402587890625
5575472204.871955	0.04078865051269531	-0.029949188232421875
5575478450.968145	0.04039192199707031	-0.031145095825195312
5575484697.064335	0.04026985168457031	-0.02959442138671875
5575490943.160524	0.04053688049316406	-0.031190872192382812
5575497189.256715	0.040630340576171875	-0.030179977416992188
5575503435.352904	0.03945350646972656	-0.030885696411132812
5575509681.449095	0.041194915771484375	-0.03017425537109375
5575515927.545284	0.04056358337402344	-0.030361175537109375
5575522173.641474	0.03977203369140625	-0.030626296997070312
5575528419.737664	0.03982734680175781	-0.031187057495117188
5575534665.833854	0.0392608642578125	-0.029827117919921875
5575540911.930044	0.039180755615234375	-0.029836654663085938
5575547158.026234	0.03899955749511719	-0.02916717529296875
5575553404.122423	0.038646697998046875	-0.028697967529296875
5575559650.218614	0.03875732421875	-0.0286712646484375
5575565896.314803	0.038799285888671875	-0.028486251831054688
5575572142.410994	0.03829383850097656	-0.02867889404296875
5575578388.507183	0.03893280029296875	-0.027576446533203125
5575584634.603373	0.038722991943359375	-0.0271453857421875
5575590880.699563	0.03792572021484375	-0.027584075927734375
5575597126.795753	0.03884124755859375	-0.0283355712890625
5575603372.891943	0.037921905517578125	-0.026874542236328125
5575609618.988132	0.03761863708496094	-0.026689529418945312
5575615865.084322	0.037200927734375	-0.026197433471679688
5575622111.180512	0.03784942626953125	-0.026378631591796875
5575628357.276702	0.03783226013183594	-0.026010513305664062
5575634603.372892	0.03743553161621094	-0.027475357055664062
5575640849.469082	0.03727531433105469	-0.0266265869140625
5575647095.565271	0.038482666015625	-0.024850845336914062
5575653341.661462	0.03737640380859375	-0.025751113891601562
5575659587.757651	0.0374908447265625	-0.02480316162109375
5575665833.853842	0.03791618347167969	-0.025716781616210938
5575672079.950031	0.03660011291503906	-0.02515411376953125
5575678326.046221	0.03713798522949219	-0.024530410766601562
5575684572.142411	0.03578948974609375	-0.02486419677734375
5575690818.238601	0.036334991455078125	-0.025106430053710938
5575697064.334791	0.03704261779785156	-0.02298736572265625
5575703310.430981	0.037723541259765625	-0.02387237548828125
5575709556.52717	0.03782081604003906	-0.023614883422851562
5575715802.623361	0.036617279052734375	-0.023508071899414062
5575722048.71955	0.03697776794433594	-0.022434234619140625
5575728294.815741	0.036190032958984375	-0.022668838500976562
5575734540.91193	0.03717041015625	-0.02332305908203125
5575740787.00812	0.03596305847167969	-0.021745681762695312
5575747033.10431	0.035839080810546875	-0.023073196411132812
5575753279.2005	0.03707122802734375	-0.022325515747070312
5575759525.29669	0.03754615783691406	-0.021699905395507812
5575765771.3928795	0.03617286682128906	-0.021646499633789062
5575772017.489069	0.0357666015625	-0.02239227294921875
5575778263.585259	0.03663444519042969	-0.020381927490234375
5575784509.681449	0.0362396240234375	-0.021198272705078125
5575790755.777639	0.03555870056152344	-0.021120071411132812
5575797001.873829	0.03651237487792969	-0.02141571044921875
5575803247.970018	0.035736083984375	-0.01993560791015625
5575809494.066209	0.03601264953613281	-0.019384384155273438
5575815740.162398	0.03635597229003906	-0.019683837890625
5575821986.258589	0.03676033020019531	-0.019247055053710938
5575828232.354778	0.036357879638671875	-0.0207366943359375
5575834478.450968	0.03632545471191406	-0.01993560791015625
5575840724.547158	0.03726387023925781	-0.018274307250976562
5575846970.643348	0.036571502685546875	-0.019603729248046875
5575853216.739538	0.036663055419921875	-0.018049240112304688
5575859462.835728	0.03658294677734375	-0.01851654052734375
5575865708.931917	0.03693580627441406	-0.019317626953125
5575871955.028108	0.036106109619140625	-0.01819610595703125
5575878201.124297	0.03612327575683594	-0.017988204956054688
5575884447.220488	0.03722190856933594	-0.018543243408203125
5575890693.316677	0.03651237487792969	-0.016439437866210938
5575896939.412867	0.03675270080566406	-0.01666259765625
5575903185.509057	0.03756141662597656	-0.016950607299804688
5575909431.605247	0.03651237487792969	-0.017244338989257812
5575915677.701437	0.0370635986328125	-0.016683578491210938
5575921923.7976265	0.0379486083984375	-0.016836166381835938
5575928169.893816	0.03706169128417969	-0.016481399536132812
5575934415.990006	0.038036346435546875	-0.016492843627929688
5575940662.086196	0.036342620849609375	-0.016695022583007812
5575946908.182386	0.03888511657714844	-0.016332626342773438
5575953154.278576	0.03861427307128906	-0.015298843383789062
5575959400.374765	0.03856086730957031	-0.016696929931640625
5575965646.470956	0.03738212585449219	-0.014743804931640625
5575971892.567145	0.03863334655761719	-0.015720367431640625
5575978138.663336	0.03840827941894531	-0.015117645263671875
5575984384.759525	0.03810310363769531	-0.014940261840820312
5575990630.855715	0.03780555725097656	-0.01441192626953125
5575996876.951905	0.039073944091796875	-0.015232086181640625
5576003123.048095	0.03913116455078125	-0.015218734741210938
5576009369.144285	0.03760337829589844	-0.015010833740234375
5576015615.240475	0.03841972351074219	-0.014860153198242188
5576021861.336664	0.03949546813964844	-0.013784408569335938
5576028107.432855	0.03856468200683594	-0.014316558837890625
5576034353.529044	0.03922080993652344	-0.012979507446289062
5576040599.625235	0.03830909729003906	-0.013418197631835938
5576046845.721424	0.03884124755859375	-0.013225555419921875
5576053091.817614	0.03941917419433594	-0.013013839721679688
5576059337.913804	0.03962516784667969	-0.013341903686523438
5576065584.009994	0.039485931396484375	-0.012857437133789062
5576071830.106184	0.04021263122558594	-0.012498855590820312
5576078076.2023735	0.04054450988769531	-0.01213836669921875
5576084322.298563	0.04018592834472656	-0.011823654174804688
5576090568.394753	0.039852142333984375	-0.012470245361328125
5576096814.490943	0.04007530212402344	-0.01229095458984375
5576103060.587133	0.03987693786621094	-0.012172698974609375
5576109306.683323	0.041332244873046875	-0.013547897338867188
5576115552.779512	0.040714263916015625	-0.01316070556640625
5576121798.875703	0.04064750671386719	-0.012256622314453125
5576128044.971892	0.04077720642089844	-0.01256561279296875
5576134291.068083	0.04110145568847656	-0.012834548950195312
5576140537.164272	0.04120445251464844	-0.01163482666015625
5576146783.260462	0.040802001953125	-0.011575698852539062
5576153029.356652	0.04176139831542969	-0.010805130004882812
5576159275.452842	0.04202842712402344	-0.011919021606445312
5576165521.549032	0.040653228759765625	-0.010845184326171875
5576171767.645222	0.0413818359375	-0.011846542358398438
5576178013.741411	0.04135322570800781	-0.010625839233398438
5576184259.837602	0.041961669921875	-0.01123046875
5576190505.933791	0.04168128967285156	-0.01152801513671875
5576196752.029982	0.0427398681640625	-0.011547088623046875
5576202998.126171	0.041965484619140625	-0.01091766357421875
5576209244.222361	0.042537689208984375	-0.011651992797851562
5576215490.318551	0.04265785217285156	-0.00991058349609375
5576221736.414741	0.042774200439453125	-0.011426925659179688
5576227982.510931	0.04261016845703125	-0.011173248291015625
5576234228.6071205	0.043487548828125	-0.011074066162109375
5576240474.70331	0.042644500732421875	-0.010511398315429688
5576246720.7995	0.04237174987792969	-0.010808944702148438
5576252966.89569	0.04400825500488281	-0.01001739501953125
5576259212.99188	0.04323387145996094	-0.010885238647460938
5576265459.08807	0.04325675964355469	-0.010789871215820312
5576271705.184259	0.04392814636230469	-0.011188507080078125
5576277951.28045	0.0435028076171875	-0.0102081298828125
5576284197.376639	0.044162750244140625	-0.010023117065429688
5576290443.47283	0.0437164306640625	-0.01031494140625
5576296689.569019	0.044200897216796875	-0.010379791259765625
5576302935.665209	0.044368743896484375	-0.010412216186523438
5576309181.761399	0.04490852355957031	-0.009874343872070312
5576315427.857589	0.04553413391113281	-0.011480331420898438
5576321673.953779	0.04549407958984375	-0.009288787841796875
5576327920.049969	0.04501533508300781	-0.00981903076171875
5576334166.146158	0.045490264892578125	-0.009775161743164062
5576340412.242349	0.04631996154785156	-0.009515762329101562
5576346658.338538	0.046077728271484375	-0.00934600830078125
5576352904.434729	0.04701805114746094	-0.00962066650390625
5576359150.530918	0.04576873779296875	-0.01031494140625
5576365396.627108	0.04717445373535156	-0.0106658935546875
5576371642.723298	0.046855926513671875	-0.009571075439453125
5576377888.819488	0.047122955322265625	-0.010034561157226562
5576384134.915678	0.046764373779296875	-0.00983428955078125
5576390381.011868	0.04757118225097656	-0.010320663452148438
5576396627.108057	0.04736137390136719	-0.009859085083007812
5576402873.204247	0.04691123962402344	-0.009592056274414062
5576409119.300437	0.04742622375488281	-0.00957489013671875
5576415365.396627	0.047840118408203125	-0.009977340698242188
5576421611.492817	0.04761695861816406	-0.0093994140625
5576427857.589006	0.047771453857421875	-0.0097808837890625
5576434103.685197	0.049633026123046875	-0.01026153564453125
5576440349.781386	0.049343109130859375	-0.009113311767578125
5576446595.877577	0.047084808349609375	-0.0104827880859375
5576452841.973766	0.048992156982421875	-0.010219573974609375
5576459088.069956	0.0483856201171875	-0.0105133056640625
5576465334.166146	0.04881858825683594	-0.009830474853515625
5576471580.262336	0.04962921142578125	-0.009792327880859375
5576477826.358526	0.049560546875	-0.01035308837890625
5576484072.454716	0.050262451171875	-0.0100860595703125
5576490318.550905	0.049953460693359375	-0.009525299072265625
5576496564.647096	0.050319671630859375	-0.01081085205078125
5576502810.743285	0.049571990966796875	-0.011150360107421875
5576509056.839476	0.050327301025390625	-0.01003265380859375
5576515302.935665	0.05020904541015625	-0.010150909423828125
5576521549.031855	0.0499725341796875	-0.011547088623046875
5576527795.128045	0.05027008056640625	-0.00968170166015625
5576534041.224235	0.05113983154296875	-0.0101318359375
5576540287.320425	0.0505523681640625	-0.009792327880859375
5576546533.416615	0.0500946044921875	-0.009571075439453125
5576552779.512804	0.050922393798828125	-0.01035308837890625
5576559025.6089945	0.051441192626953125	-0.00962066650390625
5576565271.705184	0.05031585693359375	-0.010707855224609375
5576571517.801374	0.051502227783203125	-0.010150909423828125
5576577763.897564	0.0514068603515625	-0.009746551513671875
5576584009.993753	0.051166534423828125	-0.010456085205078125
5576590256.089944	0.051616668701171875	-0.010303497314453125
5576596502.186133	0.051776885986328125	-0.01092529296875
5576602748.282324	0.052581787109375	-0.01120758056640625
5576608994.378513	0.051593780517578125	-0.011348724365234375
5576615240.474703	0.05126190185546875	-0.01065826416015625
5576621486.570893	0.052745819091796875	-0.011455535888671875
5576627732.667083	0.052463531494140625	-0.011203765869140625
5576633978.763273	0.05245208740234375	-0.01073455810546875
5576640224.859463	0.05246734619140625	-0.011089324951171875
5576646470.955653	0.05408477783203125	-0.0111083984375
5576652717.051843	0.053546905517578125	-0.012401580810546875
5576658963.148032	0.053470611572265625	-0.011425018310546875
5576665209.244223	0.0531463623046875	-0.01053619384765625
5576671455.340412	0.053554534912109375	-0.012481689453125
5576677701.436603	0.054073333740234375	-0.011508941650390625
5576683947.532792	0.0544891357421875	-0.01137542724609375
5576690193.628982	0.05478668212890625	-0.0115814208984375
5576696439.725172	0.0532989501953125	-0.01136016845703125
5576702685.821362	0.05422210693359375	-0.012050628662109375
5576708931.917552	0.053882598876953125	-0.01113128662109375
5576715178.0137415	0.054981231689453125	-0.011962890625
5576721424.109931	0.055591583251953125	-0.012615203857421875
5576727670.206121	0.05413818359375	-0.013362884521484375
5576733916.302311	0.05420684814453125	-0.012218475341796875
5576740162.398501	0.055828094482421875	-0.013019561767578125
5576746408.494691	0.056430816650390625	-0.012989044189453125
5576752654.59088	0.056720733642578125	-0.013072967529296875
5576758900.687071	0.055820465087890625	-0.013668060302734375
5576765146.78326	0.0562286376953125	-0.01351165771484375
5576771392.879451	0.056285858154296875	-0.0127716064453125
5576777638.97564	0.055530548095703125	-0.012866973876953125
5576783885.07183	0.05648040771484375	-0.01322174072265625
5576790131.16802	0.05617523193359375	-0.01377105712890625
5576796377.26421	0.056995391845703125	-0.013980865478515625
5576802623.3604	0.05521392822265625	-0.013370513916015625
5576808869.45659	0.057155609130859375	-0.01317596435546875
5576815115.552779	0.056339263916015625	-0.01409912109375
5576821361.64897	0.057559967041015625	-0.013759613037109375
5576827607.745159	0.05667877197265625	-0.012908935546875
5576833853.84135	0.058013916015625	-0.01392364501953125
5576840099.937539	0.05698394775390625	-0.01407623291015625
5576846346.033729	0.057147979736328125	-0.014392852783203125
5576852592.129919	0.057270050048828125	-0.014942169189453125
5576858838.226109	0.057342529296875	-0.015506744384765625
5576865084.322299	0.0586090087890625	-0.014739990234375
5576871330.4184885	0.059101104736328125	-0.01434326171875
5576877576.514678	0.058643341064453125	-0.014835357666015625
5576883822.610868	0.057971954345703125	-0.015247344970703125
5576890068.707058	0.0587310791015625	-0.015117645263671875
5576896314.803248	0.05912017822265625	-0.015628814697265625
5576902560.899438	0.0582275390625	-0.01561737060546875
5576908806.995627	0.058666229248046875	-0.016788482666015625
5576915053.091818	0.0592193603515625	-0.01573944091796875
5576921299.188007	0.05915069580078125	-0.016353607177734375
5576927545.284198	0.059764862060546875	-0.016170501708984375
5576933791.380387	0.059844970703125	-0.0170745849609375
5576940037.476577	0.05913543701171875	-0.015018463134765625
5576946283.572767	0.05883026123046875	-0.017002105712890625
5576952529.668957	0.05867767333984375	-0.016017913818359375
5576958775.765147	0.059505462646484375	-0.016841888427734375
5576965021.861337	0.06005859375	-0.01801300048828125
5576971267.957526	0.06015777587890625	-0.01593780517578125
5576977514.053717	0.06032562255859375	-0.01729583740234375
5576983760.149906	0.0595703125	-0.016796112060546875
5576990006.246097	0.06053924560546875	-0.017749786376953125
5576996252.342286	0.060878753662109375	-0.017238616943359375
5577002498.438476	0.06053924560546875	-0.01787567138671875
5577008744.534666	0.059810638427734375	-0.017292022705078125
5577014990.630856	0.061016082763671875	-0.018611907958984375
5577021236.727046	0.061336517333984375	-0.0186309814453125
5577027482.8232355	0.060699462890625	-0.01815032958984375
5577033728.919425	0.061107635498046875	-0.018924713134765625
5577039975.015615	0.061084747314453125	-0.018978118896484375
5577046221.111805	0.061000823974609375	-0.01824951171875
5577052467.207995	0.06121063232421875	-0.018306732177734375
5577058713.304185	0.060943603515625	-0.0177459716796875
5577064959.400374	0.060901641845703125	-0.018802642822265625
5577071205.496565	0.06113433837890625	-0.01940155029296875
5577077451.592754	0.061614990234375	-0.018146514892578125
5577083697.688945	0.060649871826171875	-0.019901275634765625
5577089943.785134	0.062366485595703125	-0.01891326904296875
5577096189.881324	0.06075286865234375	-0.0192718505859375
5577102435.977514	0.061336517333984375	-0.020633697509765625
5577108682.073704	0.061405181884765625	-0.020488739013671875
5577114928.169894	0.062175750732421875	-0.020168304443359375
5577121174.266084	0.06264114379882812	-0.0208892822265625
5577127420.362273	0.061859130859375	-0.019412994384765625
5577133666.458464	0.0629425048828125	-0.021198272705078125
5577139912.554653	0.060943603515625	-0.020832061767578125
5577146158.650844	0.06316757202148438	-0.02169036865234375
5577152404.747033	0.06289291381835938	-0.021213531494140625
5577158650.843223	0.06165313720703125	-0.0219268798828125
5577164896.939413	0.0623626708984375	-0.02231597900390625
5577171143.035603	0.062023162841796875	-0.020694732666015625
5577177389.131793	0.062114715576171875	-0.022037506103515625
5577183635.2279825	0.06304550170898438	-0.02242279052734375
5577189881.324172	0.06293487548828125	-0.02178955078125
5577196127.420362	0.06336593627929688	-0.0227508544921875
5577202373.516552	0.06235504150390625	-0.02276611328125
5577208619.612742	0.062591552734375	-0.02225494384765625
5577214865.708932	0.06348419189453125	-0.02313232421875
5577221111.805121	0.06353378295898438	-0.022968292236328125
5577227357.901312	0.06305694580078125	-0.023166656494140625
5577233603.997501	0.0635223388671875	-0.022876739501953125
5577239850.093692	0.06402587890625	-0.023891448974609375
5577246096.189881	0.064361572265625	-0.023235321044921875
5577252342.286071	0.06444931030273438	-0.02407073974609375
5577258588.382261	0.0626678466796875	-0.024444580078125
5577264834.478451	0.06393814086914062	-0.0237579345703125
5577271080.574641	0.06383514404296875	-0.025234222412109375
5577277326.670831	0.06361007690429688	-0.02484893798828125
5577283572.76702	0.06350326538085938	-0.024600982666015625
5577289818.863211	0.06396484375	-0.024383544921875
5577296064.9594	0.06342315673828125	-0.025848388671875
5577302311.055591	0.06357574462890625	-0.025676727294921875
5577308557.15178	0.06365203857421875	-0.0251922607421875
5577314803.24797	0.06482315063476562	-0.02622222900390625
5577321049.34416	0.06393814086914062	-0.0260009765625
5577327295.44035	0.06345748901367188	-0.02667999267578125
5577333541.53654	0.06417465209960938	-0.02672576904296875
5577339787.63273	0.06402969360351562	-0.026409149169921875
5577346033.728919	0.0641021728515625	-0.0268402099609375
5577352279.8251095	0.063720703125	-0.02803802490234375
5577358525.921299	0.065155029296875	-0.026988983154296875
5577364772.017489	0.06403350830078125	-0.0263519287109375
5577371018.113679	0.06479263305664062	-0.02719879150390625
5577377264.209868	0.06435012817382812	-0.027362823486328125
5577383510.306059	0.06430435180664062	-0.027332305908203125
5577389756.402248	0.06349945068359375	-0.027492523193359375
5577396002.498439	0.06403732299804688	-0.027496337890625
5577402248.594628	0.06372451782226562	-0.028167724609375
5577408494.690818	0.06364059448242188	-0.028209686279296875
5577414740.787008	0.0643157958984375	-0.02735137939453125
5577420986.883198	0.06511688232421875	-0.02933502197265625
5577427232.979388	0.065093994140625	-0.0286865234375
5577433479.075578	0.06431198120117188	-0.028591156005859375
5577439725.171767	0.06475067138671875	-0.02861785888671875
5577445971.267958	0.06526947021484375	-0.02993011474609375
5577452217.364147	0.064178466796875	-0.02942657470703125
5577458463.460338	0.06444168090820312	-0.02956390380859375
5577464709.556527	0.06472015380859375	-0.029644012451171875
5577470955.652717	0.06441116333007812	-0.029872894287109375
5577477201.748907	0.06439208984375	-0.031070709228515625
5577483447.845097	0.063385009765625	-0.030124664306640625
5577489693.941287	0.06484222412109375	-0.03047943115234375
5577495940.037477	0.06492996215820312	-0.03173065185546875
5577502186.133666	0.06512832641601562	-0.030487060546875
5577508432.2298565	0.06391143798828125	-0.03101348876953125
5577514678.326046	0.065216064453125	-0.03005218505859375
5577520924.422236	0.06503677368164062	-0.03078460693359375
5577527170.518426	0.06561660766601562	-0.031890869140625
5577533416.614615	0.06493759155273438	-0.03151702880859375
5577539662.710806	0.06441116333007812	-0.0319671630859375
5577545908.806995	0.0648956298828125	-0.032413482666015625
5577552154.903186	0.064239501953125	-0.0319366455078125
5577558400.999375	0.06535720825195312	-0.03314971923828125
5577564647.095565	0.064697265625	-0.031925201416015625
5577570893.191755	0.06421661376953125	-0.03343963623046875
5577577139.287945	0.06560897827148438	-0.0338592529296875
5577583385.384135	0.06481552124023438	-0.03336334228515625
5577589631.480325	0.06458282470703125	-0.033786773681640625
5577595877.576514	0.06529617309570312	-0.0338897705078125
5577602123.672705	0.0647430419921875	-0.0328521728515625
5577608369.768894	0.06538009643554688	-0.033092498779296875
5577614615.865085	0.06536102294921875	-0.034282684326171875
5577620861.961274	0.06497573852539062	-0.03397369384765625
5577627108.057464	0.06484222412109375	-0.034236907958984375
5577633354.153654	0.0648040771484375	-0.034648895263671875
5577639600.249844	0.06484603881835938	-0.035121917724609375
5577645846.346034	0.06491851806640625	-0.0343475341796875
5577652092.442224	0.06507110595703125	-0.035099029541015625
5577658338.538413	0.06455230712890625	-0.035541534423828125
5577664584.6346035	0.06494522094726562	-0.03426361083984375
5577670830.730793	0.06451416015625	-0.035434722900390625
5577677076.826983	0.06470489501953125	-0.03588104248046875
5577683322.923173	0.06468963623046875	-0.03566741943359375
5577689569.019362	0.06422805786132812	-0.03656005859375
5577695815.115553	0.0648193359375	-0.036014556884765625
5577702061.211742	0.063446044921875	-0.036773681640625
5577708307.307933	0.06461334228515625	-0.036304473876953125
5577714553.404122	0.06424713134765625	-0.037555694580078125
5577720799.500312	0.06322097778320312	-0.0373077392578125
5577727045.596502	0.06390380859375	-0.036376953125
5577733291.692692	0.06532669067382812	-0.038822174072265625
5577739537.788882	0.06423568725585938	-0.036975860595703125
5577745783.885072	0.06473541259765625	-0.037677764892578125
5577752029.981261	0.06429290771484375	-0.0377197265625
5577758276.077452	0.064453125	-0.037502288818359375
5577764522.173641	0.06416702270507812	-0.038738250732421875
5577770768.269832	0.06401824951171875	-0.038372039794921875
5577777014.366021	0.06473541259765625	-0.038150787353515625
5577783260.462211	0.06460189819335938	-0.03849029541015625
5577789506.558401	0.0636444091796875	-0.03946685791015625
5577795752.654591	0.06361007690429688	-0.038036346435546875
5577801998.750781	0.06341171264648438	-0.038726806640625
5577808244.846971	0.06432342529296875	-0.040363311767578125
5577814490.94316	0.06418228149414062	-0.0389404296875
5577820737.0393505	0.06491851806640625	-0.039398193359375
5577826983.13554	0.06332015991210938	-0.03993988037109375
5577833229.23173	0.06416702270507812	-0.040477752685546875
5577839475.32792	0.06443023681640625	-0.040496826171875
5577845721.424109	0.06429672241210938	-0.0397186279296875
5577851967.5203	0.06341934204101562	-0.04077911376953125
5577858213.616489	0.06450653076171875	-0.041591644287109375
5577864459.71268	0.06434249877929688	-0.041797637939453125
5577870705.808869	0.06373214721679688	-0.040721893310546875
5577876951.90506	0.06398773193359375	-0.04064178466796875
5577883198.001249	0.06389236450195312	-0.040424346923828125
5577889444.097439	0.06314849853515625	-0.041961669921875
5577895690.193629	0.06327056884765625	-0.041370391845703125
5577901936.289819	0.06409072875976562	-0.0413970947265625
5577908182.386009	0.0640106201171875	-0.04180145263671875
5577914428.482199	0.06315994262695312	-0.042633056640625
5577920674.578388	0.06391525268554688	-0.0439453125
5577926920.674579	0.06349945068359375	-0.04369354248046875
5577933166.770768	0.06303024291992188	-0.042369842529296875
5577939412.866959	0.06401824951171875	-0.0432891845703125
5577945658.963148	0.06328201293945312	-0.04339599609375
5577951905.059338	0.06299591064453125	-0.04216766357421875
5577958151.155528	0.06268310546875	-0.0435028076171875
5577964397.251718	0.06379318237304688	-0.043148040771484375
5577970643.347908	0.06294631958007812	-0.04315948486328125
5577976889.4440975	0.06443405151367188	-0.044010162353515625
5577983135.540287	0.06366348266601562	-0.043567657470703125
5577989381.636477	0.06382369995117188	-0.044399261474609375
5577995627.732667	0.06249237060546875	-0.0445098876953125
5578001873.828857	0.06391143798828125	-0.044422149658203125
5578008119.925047	0.06240081787109375	-0.044528961181640625
5578014366.021236	0.06264495849609375	-0.0444488525390625
5578020612.117427	0.06235504150390625	-0.044525146484375
5578026858.213616	0.062408447265625	-0.04552459716796875
5578033104.309807	0.06313705444335938	-0.0453948974609375
5578039350.405996	0.06121826171875	-0.045398712158203125
5578045596.502186	0.062129974365234375	-0.045894622802734375
5578051842.598376	0.0636749267578125	-0.045848846435546875
5578058088.694566	0.062408447265625	-0.045368194580078125
5578064334.790756	0.06277084350585938	-0.047107696533203125
5578070580.886946	0.06269454956054688	-0.045688629150390625
5578076826.983135	0.06203460693359375	-0.046878814697265625
5578083073.079326	0.061412811279296875	-0.04698944091796875
5578089319.175515	0.062091827392578125	-0.04693603515625
5578095565.271706	0.0617828369140625	-0.046482086181640625
5578101811.367895	0.0612335205078125	-0.0473480224609375
5578108057.464085	0.061305999755859375	-0.04727935791015625
5578114303.560275	0.061344146728515625	-0.047695159912109375
5578120549.656465	0.0616455078125	-0.047084808349609375
5578126795.752655	0.061260223388671875	-0.04857635498046875
5578133041.848845	0.061328887939453125	-0.047885894775390625
5578139287.945034	0.062652587890625	-0.048755645751953125
5578145534.0412245	0.06249237060546875	-0.048580169677734375
5578151780.137414	0.061614990234375	-0.04792022705078125
5578158026.233604	0.061038970947265625	-0.048419952392578125
5578164272.329794	0.061511993408203125	-0.048793792724609375
5578170518.425983	0.062198638916015625	-0.0489044189453125
5578176764.522174	0.061641693115234375	-0.048679351806640625
5578183010.618363	0.06136322021484375	-0.0483245849609375
5578189256.714554	0.06121063232421875	-0.050022125244140625
5578195502.810743	0.061405181884765625	-0.048709869384765625
5578201748.906933	0.061305999755859375	-0.050098419189453125
5578207995.003123	0.060970306396484375	-0.049411773681640625
5578214241.099313	0.061611175537109375	-0.04991912841796875
5578220487.195503	0.060455322265625	-0.049877166748046875
5578226733.291693	0.06012725830078125	-0.05052947998046875
5578232979.387882	0.059879302978515625	-0.0504302978515625
5578239225.484073	0.060977935791015625	-0.05129241943359375
5578245471.580262	0.060733795166015625	-0.050640106201171875
5578251717.676453	0.0609893798828125	-0.050502777099609375
5578257963.772642	0.060504913330078125	-0.05054473876953125
5578264209.868832	0.0605010986328125	-0.05133819580078125
5578270455.965022	0.059955596923828125	-0.05194854736328125
5578276702.061212	0.060604095458984375	-0.051513671875
5578282948.157402	0.06027984619140625	-0.051708221435546875
5578289194.253592	0.0593109130859375	-0.05213165283203125
5578295440.349781	0.05963897705078125	-0.05255889892578125
5578301686.4459715	0.05999755859375	-0.05263519287109375
5578307932.542161	0.060634613037109375	-0.051921844482421875
5578314178.638351	0.0594635009765625	-0.052112579345703125
5578320424.734541	0.0594329833984375	-0.052333831787109375
5578326670.83073	0.0594329833984375	-0.05168914794921875
5578332916.926921	0.05938720703125	-0.052303314208984375
5578339163.02311	0.0587615966796875	-0.05294036865234375
5578345409.119301	0.05747222900390625	-0.05402374267578125
5578351655.21549	0.059452056884765625	-0.053447723388671875
5578357901.31168	0.058979034423828125	-0.052532196044921875
5578364147.40787	0.058868408203125	-0.053501129150390625
5578370393.50406	0.0597381591796875	-0.054019927978515625
5578376639.60025	0.057659149169921875	-0.054378509521484375
5578382885.69644	0.058261871337890625	-0.0538330078125
5578389131.792629	0.05937957763671875	-0.053592681884765625
5578395377.88882	0.059093475341796875	-0.053844451904296875
5578401623.985009	0.057872772216796875	-0.053333282470703125
5578407870.0812	0.057804107666015625	-0.055019378662109375
5578414116.177389	0.057369232177734375	-0.054264068603515625
5578420362.273579	0.058238983154296875	-0.055267333984375
5578426608.369769	0.057220458984375	-0.054607391357421875
5578432854.465959	0.0581817626953125	-0.055660247802734375
5578439100.562149	0.05759429931640625	-0.055263519287109375
5578445346.658339	0.05810546875	-0.055511474609375
5578451592.754528	0.05792236328125	-0.0561065673828125
5578457838.8507185	0.0585784912109375	-0.056201934814453125
5578464084.946908	0.05797576904296875	-0.0558624267578125
5578470331.043098	0.05633544921875	-0.05585479736328125
5578476577.139288	0.057949066162109375	-0.05587005615234375
5578482823.235477	0.0567626953125	-0.056610107421875
5578489069.331668	0.056751251220703125	-0.05660247802734375
5578495315.427857	0.05768585205078125	-0.05597686767578125
5578501561.524048	0.055908203125	-0.0574188232421875
5578507807.620237	0.057476043701171875	-0.056789398193359375
5578514053.716427	0.0572052001953125	-0.05704498291015625
5578520299.812617	0.0568084716796875	-0.05654144287109375
5578526545.908807	0.056148529052734375	-0.056308746337890625
5578532792.004997	0.056915283203125	-0.057220458984375
5578539038.101187	0.056915283203125	-0.056529998779296875
5578545284.197376	0.05681610107421875	-0.057346343994140625
5578551530.293567	0.05579376220703125	-0.057262420654296875
5578557776.389756	0.05558013916015625	-0.058979034423828125
5578564022.485947	0.056186676025390625	-0.057842254638671875
5578570268.582136	0.056240081787109375	-0.05804443359375
5578576514.678326	0.056301116943359375	-0.058837890625
5578582760.774516	0.056056976318359375	-0.05786895751953125
5578589006.870706	0.05558013916015625	-0.058116912841796875
5578595252.966896	0.055027008056640625	-0.05840301513671875
5578601499.063086	0.055416107177734375	-0.0582122802734375
5578607745.159275	0.05519866943359375	-0.0589752197265625
5578613991.2554655	0.05545806884765625	-0.05850982666015625
5578620237.351655	0.05559539794921875	-0.058666229248046875
5578626483.447845	0.05490875244140625	-0.058574676513671875
5578632729.544035	0.05443572998046875	-0.059215545654296875
5578638975.640224	0.054119110107421875	-0.060314178466796875
5578645221.736415	0.05498504638671875	-0.059513092041015625
5578651467.832604	0.055553436279296875	-0.059093475341796875
5578657713.928795	0.05450439453125	-0.059833526611328125
5578663960.024984	0.054752349853515625	-0.059734344482421875
5578670206.121174	0.054706573486328125	-0.060413360595703125
5578676452.217364	0.053958892822265625	-0.06060028076171875
5578682698.313554	0.05394744873046875	-0.061145782470703125
5578688944.409744	0.053997039794921875	-0.060657501220703125
5578695190.505934	0.053600311279296875	-0.06024932861328125
5578701436.602123	0.0542755126953125	-0.060207366943359375
5578707682.698314	0.054325103759765625	-0.060840606689453125
5578713928.794503	0.053859710693359375	-0.060504913330078125
5578720174.890694	0.054721832275390625	-0.060760498046875
5578726420.986883	0.0532379150390625	-0.061244964599609375
5578732667.083073	0.053340911865234375	-0.0608978271484375
5578738913.179263	0.052944183349609375	-0.061618804931640625
5578745159.275453	0.053955078125	-0.060031890869140625
5578751405.371643	0.053050994873046875	-0.0614471435546875
5578757651.467833	0.05347442626953125	-0.062255859375
5578763897.564022	0.05268096923828125	-0.06182098388671875
5578770143.6602125	0.053073883056640625	-0.0624542236328125
5578776389.756402	0.053508758544921875	-0.06298065185546875
5578782635.852592	0.053157806396484375	-0.062015533447265625
5578788881.948782	0.052883148193359375	-0.06197357177734375
5578795128.044971	0.05303192138671875	-0.062164306640625
5578801374.141162	0.053134918212890625	-0.061779022216796875
5578807620.237351	0.05161285400390625	-0.06298065185546875
5578813866.333542	0.051776885986328125	-0.06335830688476562
5578820112.429731	0.05224609375	-0.06284713745117188
5578826358.525921	0.051082611083984375	-0.06328964233398438
5578832604.622111	0.05199432373046875	-0.06370925903320312
5578838850.718301	0.05313873291015625	-0.06304931640625
5578845096.814491	0.0507049560546875	-0.0630035400390625
5578851342.910681	0.05059814453125	-0.063262939453125
5578857589.00687	0.0513916015625	-0.06422042846679688
5578863835.103061	0.051654815673828125	-0.06341552734375
5578870081.19925	0.050991058349609375	-0.06341934204101562
5578876327.295441	0.050662994384765625	-0.06386947631835938
5578882573.39163	0.05147552490234375	-0.06425094604492188
5578888819.48782	0.050144195556640625	-0.06451797485351562
5578895065.58401	0.0502166748046875	-0.06503677368164062
5578901311.6802	0.051666259765625	-0.06412124633789062
5578907557.77639	0.049175262451171875	-0.06476593017578125
5578913803.87258	0.05135345458984375	-0.0644989013671875
5578920049.968769	0.051059722900390625	-0.06462860107421875
5578926296.06496	0.05031585693359375	-0.06529617309570312
5578932542.161149	0.050144195556640625	-0.06541824340820312
5578938788.2573395	0.05088043212890625	-0.06490707397460938
5578945034.353529	0.049640655517578125	-0.06569290161132812
5578951280.449718	0.04962921142578125	-0.06482315063476562
5578957526.545909	0.050228118896484375	-0.06454849243164062
5578963772.642098	0.049213409423828125	-0.06560516357421875
5578970018.738289	0.049724578857421875	-0.06586456298828125
5578976264.834478	0.05011749267578125	-0.0665435791015625
5578982510.930668	0.0495758056640625	-0.0660552978515625
5578988757.026858	0.048946380615234375	-0.06544113159179688
5578995003.123048	0.048450469970703125	-0.06635284423828125
5579001249.219238	0.0482940673828125	-0.06599807739257812
5579007495.315428	0.0483856201171875	-0.06619644165039062
5579013741.411617	0.048679351806640625	-0.06678009033203125
5579019987.507808	0.048549652099609375	-0.06700515747070312
5579026233.603997	0.04787445068359375	-0.06660079956054688
5579032479.700188	0.0480804443359375	-0.06650924682617188
5579038725.796377	0.049495697021484375	-0.06776046752929688
5579044971.892567	0.04816436767578125	-0.06680679321289062
5579051217.988757	0.048297882080078125	-0.06781005859375
5579057464.084947	0.048107147216796875	-0.06754684448242188
5579063710.181137	0.0468902587890625	-0.06751251220703125
5579069956.277327	0.048046112060546875	-0.06657791137695312
5579076202.373516	0.047351837158203125	-0.06700897216796875
5579082448.469707	0.047946929931640625	-0.06744766235351562
5579088694.565896	0.04827117919921875	-0.06821060180664062
5579094940.6620865	0.046844482421875	-0.06837081909179688
5579101186.758276	0.047637939453125	-0.069091796875
5579107432.8544655	0.04737091064453125	-0.0690765380859375
5579113678.950656	0.048107147216796875	-0.06783676147460938
5579119925.046845	0.047214508056640625	-0.0681915283203125
5579126171.143036	0.046833038330078125	-0.06934356689453125
5579132417.239225	0.04633331298828125	-0.0686187744140625
5579138663.335416	0.04685211181640625	-0.06905364990234375
5579144909.431605	0.047481536865234375	-0.0691070556640625
5579151155.527795	0.045742034912109375	-0.06904220581054688
5579157401.623985	0.0455474853515625	-0.06911849975585938
5579163647.720175	0.046600341796875	-0.06900787353515625
5579169893.816365	0.04575347900390625	-0.07007217407226562
5579176139.912555	0.044574737548828125	-0.070037841796875
5579182386.008744	0.04686737060546875	-0.06919097900390625
5579188632.104935	0.045196533203125	-0.06881332397460938
5579194878.201124	0.045223236083984375	-0.0701904296875
5579201124.297315	0.04665374755859375	-0.06984329223632812
5579207370.393504	0.044849395751953125	-0.07032012939453125
5579213616.489694	0.04413604736328125	-0.06949996948242188
5579219862.585884	0.045543670654296875	-0.07075119018554688
5579226108.682074	0.044891357421875	-0.070098876953125
5579232354.778264	0.044475555419921875	-0.07013702392578125
5579238600.874454	0.044826507568359375	-0.06993865966796875
5579244846.970643	0.044769287109375	-0.07155609130859375
5579251093.0668335	0.0432281494140625	-0.070220947265625
5579257339.163023	0.04358673095703125	-0.07059860229492188
5579263585.259213	0.04367828369140625	-0.07029342651367188
5579269831.355403	0.043304443359375	-0.07099533081054688
5579276077.451592	0.044605255126953125	-0.0715789794921875
5579282323.547783	0.043666839599609375	-0.07059860229492188
5579288569.643972	0.04308319091796875	-0.07146072387695312
5579294815.740163	0.043487548828125	-0.0699005126953125
5579301061.836352	0.0430908203125	-0.07113265991210938
5579307307.932542	0.043773651123046875	-0.0714111328125
5579313554.028732	0.043552398681640625	-0.0710601806640625
5579319800.124922	0.0430755615234375	-0.07106399536132812
5579326046.221112	0.04238128662109375	-0.07073593139648438
5579332292.317302	0.042690277099609375	-0.07102584838867188
5579338538.413491	0.042987823486328125	-0.07164382934570312
5579344784.509682	0.042797088623046875	-0.07161331176757812
5579351030.605871	0.04219818115234375	-0.07241058349609375
5579357276.702062	0.043102264404296875	-0.07287979125976562
5579363522.798251	0.041980743408203125	-0.0712432861328125
5579369768.894441	0.042774200439453125	-0.0718994140625
5579376014.990631	0.042675018310546875	-0.0723419189453125
5579382261.086821	0.04128265380859375	-0.07210540771484375
5579388507.183011	0.041721343994140625	-0.0714874267578125
5579394753.279201	0.0407562255859375	-0.07166671752929688
5579400999.37539	0.0413360595703125	-0.07328033447265625
5579407245.4715805	0.04241943359375	-0.0720672607421875
5579413491.56777	0.04132080078125	-0.07307052612304688
5579419737.66396	0.040660858154296875	-0.07338333129882812
5579425983.76015	0.040409088134765625	-0.07395553588867188
5579432229.856339	0.04064178466796875	-0.0733184814453125
5579438475.95253	0.040618896484375	-0.07287979125976562
5579444722.048719	0.03986358642578125	-0.07338714599609375
5579450968.14491	0.04033660888671875	-0.07330703735351562
5579457214.241099	0.039615631103515625	-0.073883056640625
5579463460.337289	0.039562225341796875	-0.07379531860351562
5579469706.433479	0.039798736572265625	-0.0734710693359375
5579475952.529669	0.040157318115234375	-0.0741424560546875
5579482198.625859	0.039577484130859375	-0.07407760620117188
5579488444.722049	0.04027557373046875	-0.07286453247070312
5579494690.818238	0.0397186279296875	-0.07422637939453125
5579500936.914429	0.03882598876953125	-0.07413482666015625
5579507183.010618	0.03757476806640625	-0.07441329956054688
5579513429.106809	0.03926849365234375	-0.07390975952148438
5579519675.202998	0.03924560546875	-0.07443618774414062
5579525921.299188	0.038555145263671875	-0.07450485229492188
5579532167.395378	0.0379638671875	-0.07531356811523438
5579538413.491568	0.038036346435546875	-0.07524871826171875
5579544659.587758	0.038604736328125	-0.07378005981445312
5579550905.683948	0.039508819580078125	-0.074188232421875
5579557151.780137	0.038501739501953125	-0.07576370239257812
5579563397.8763275	0.037322998046875	-0.07474136352539062
5579569643.972517	0.03903961181640625	-0.07476425170898438
5579575890.068707	0.037265777587890625	-0.07355117797851562
5579582136.164897	0.039340972900390625	-0.07492446899414062
5579588382.261086	0.038013458251953125	-0.07549667358398438
5579594628.357277	0.037014007568359375	-0.0756072998046875
5579600874.453466	0.036823272705078125	-0.07606887817382812
5579607120.549657	0.036640167236328125	-0.07509994506835938
5579613366.645846	0.03595733642578125	-0.07531356811523438
5579619612.742036	0.037235260009765625	-0.07523345947265625
5579625858.838226	0.0367584228515625	-0.07538604736328125
5579632104.934416	0.03635406494140625	-0.07601547241210938
5579638351.030606	0.036098480224609375	-0.07599639892578125
5579644597.126796	0.034404754638671875	-0.07639312744140625
5579650843.222985	0.0361785888671875	-0.07619476318359375
5579657089.319176	0.035736083984375	-0.07602691650390625
5579663335.415365	0.035945892333984375	-0.07648086547851562
5579669581.511556	0.034832000732421875	-0.07667922973632812
5579675827.607745	0.0355072021484375	-0.07687759399414062
5579682073.703935	0.035099029541015625	-0.07637786865234375
5579688319.800125	0.035282135009765625	-0.07706451416015625
5579694565.896315	0.034961700439453125	-0.07675552368164062
5579700811.992505	0.035091400146484375	-0.07690811157226562
5579707058.088695	0.036163330078125	-0.0764312744140625
5579713304.184884	0.034778594970703125	-0.07633590698242188
5579719550.281075	0.035373687744140625	-0.0773162841796875
5579725796.377264	0.03432464599609375	-0.07678985595703125
5579732042.473454	0.034381866455078125	-0.07667922973632812
5579738288.569644	0.0346221923828125	-0.0772247314453125
5579744534.665833	0.03476715087890625	-0.07671737670898438
5579750780.762024	0.0331878662109375	-0.07541656494140625
5579757026.858213	0.034641265869140625	-0.077239990234375
5579763272.954404	0.032840728759765625	-0.07731246948242188
5579769519.050593	0.03308868408203125	-0.07833099365234375
5579775765.146783	0.03252410888671875	-0.07666397094726562
5579782011.242973	0.03377532958984375	-0.078277587890625
5579788257.339163	0.0337982177734375	-0.0778961181640625
5579794503.435353	0.033863067626953125	-0.07786178588867188
5579800749.531543	0.032894134521484375	-0.07725906372070312
5579806995.627732	0.03310394287109375	-0.07747650146484375
5579813241.723923	0.0334625244140625	-0.077056884765625
5579819487.820112	0.031352996826171875	-0.078704833984375
5579825733.916303	0.031848907470703125	-0.07732772827148438
5579831980.012492	0.03293609619140625	-0.07757186889648438
5579838226.108682	0.032726287841796875	-0.07833099365234375
5579844472.204872	0.031490325927734375	-0.07787704467773438
5579850718.301062	0.032470703125	-0.0775146484375
5579856964.397252	0.031551361083984375	-0.07873153686523438
5579863210.493442	0.03217315673828125	-0.07864761352539062
5579869456.589631	0.03147125244140625	-0.0789337158203125
5579875702.685822	0.03166961669921875	-0.07780838012695312
5579881948.782011	0.031982421875	-0.07851028442382812
5579888194.8782015	0.030731201171875	-0.07892608642578125
5579894440.974391	0.030487060546875	-0.07807159423828125
5579900687.0705805	0.030803680419921875	-0.07845687866210938
5579906933.166771	0.032138824462890625	-0.07929611206054688
5579913179.26296	0.03058624267578125	-0.07928085327148438
5579919425.359151	0.03125762939453125	-0.0788726806640625
5579925671.45534	0.029949188232421875	-0.07830047607421875
5579931917.55153	0.031124114990234375	-0.0794830322265625
5579938163.64772	0.030307769775390625	-0.0786590576171875
5579944409.74391	0.02899932861328125	-0.07947921752929688
5579950655.8401	0.030094146728515625	-0.07889556884765625
5579956901.93629	0.03038787841796875	-0.07824325561523438
5579963148.032479	0.02860260009765625	-0.07928085327148438
5579969394.12867	0.03026580810546875	-0.08021926879882812
5579975640.224859	0.029193878173828125	-0.079376220703125
5579981886.32105	0.03014373779296875	-0.07918548583984375
5579988132.417239	0.02860260009765625	-0.07910537719726562
5579994378.513429	0.02873992919921875	-0.07940673828125
5580000624.609619	0.028820037841796875	-0.0800018310546875
5580006870.705809	0.028873443603515625	-0.07965087890625
5580013116.801999	0.02788543701171875	-0.07962417602539062
5580019362.898189	0.02801513671875	-0.0807342529296875
5580025608.994378	0.028850555419921875	-0.080230712890625
5580031855.090569	0.02803802490234375	-0.07916641235351562
5580038101.186758	0.02838897705078125	-0.080963134765625
5580044347.2829485	0.02800750732421875	-0.07970809936523438
5580050593.379138	0.028408050537109375	-0.08025741577148438
5580056839.4753275	0.028049468994140625	-0.08058929443359375
5580063085.571518	0.027248382568359375	-0.08087158203125
5580069331.667707	0.027252197265625	-0.0809326171875
5580075577.763898	0.02658843994140625	-0.08111190795898438
5580081823.860087	0.027309417724609375	-0.07989883422851562
5580088069.956277	0.027332305908203125	-0.08002471923828125
5580094316.052467	0.027141571044921875	-0.08051681518554688
5580100562.148657	0.02643585205078125	-0.0806884765625
5580106808.244847	0.0269775390625	-0.08062744140625
5580113054.341037	0.02661895751953125	-0.08100509643554688
5580119300.437226	0.026546478271484375	-0.08074188232421875
5580125546.533417	0.026096343994140625	-0.08138275146484375
5580131792.629606	0.026309967041015625	-0.08127212524414062
5580138038.725797	0.025974273681640625	-0.08141708374023438
5580144284.821986	0.025501251220703125	-0.08008575439453125
5580150530.918176	0.02469635009765625	-0.08103179931640625
5580156777.014366	0.02619171142578125	-0.08143997192382812
5580163023.110556	0.02510833740234375	-0.081390380859375
5580169269.206746	0.02520751953125	-0.08126449584960938
5580175515.302936	0.024974822998046875	-0.08087921142578125
5580181761.399125	0.025089263916015625	-0.0814971923828125
5580188007.495316	0.024402618408203125	-0.08156204223632812
5580194253.591505	0.024257659912109375	-0.0817413330078125
5580200499.6876955	0.024341583251953125	-0.08068084716796875
5580206745.783885	0.0250244140625	-0.08051681518554688
5580212991.8800745	0.02468109130859375	-0.0806884765625
5580219237.976265	0.02392578125	-0.08063125610351562
5580225484.072454	0.02365875244140625	-0.08265304565429688
5580231730.168645	0.0244598388671875	-0.08246612548828125
5580237976.264834	0.0234222412109375	-0.08061981201171875
5580244222.361024	0.023952484130859375	-0.082275390625
5580250468.457214	0.023372650146484375	-0.08129501342773438
5580256714.553404	0.02350616455078125	-0.08150863647460938
5580262960.649594	0.02256011962890625	-0.08232879638671875
5580269206.745784	0.022735595703125	-0.08118438720703125
5580275452.841973	0.022403717041015625	-0.08245468139648438
5580281698.938164	0.021900177001953125	-0.08277130126953125
5580287945.034353	0.02304840087890625	-0.08196640014648438
5580294191.130544	0.022609710693359375	-0.08197021484375
5580300437.226733	0.022434234619140625	-0.08243560791015625
5580306683.322923	0.02249908447265625	-0.083099365234375
5580312929.419113	0.02201080322265625	-0.0829315185546875
5580319175.515303	0.02106475830078125	-0.08242034912109375
5580325421.611493	0.021366119384765625	-0.082855224609375
5580331667.707683	0.02123260498046875	-0.08187103271484375
5580337913.803872	0.02045440673828125	-0.08343887329101562
5580344159.900063	0.021739959716796875	-0.08215713500976562
5580350405.996252	0.02081298828125	-0.08261489868164062
5580356652.0924425	0.02062225341796875	-0.08347320556640625
5580362898.188632	0.021251678466796875	-0.08305740356445312
5580369144.284822	0.021999359130859375	-0.08249664306640625
5580375390.381012	0.021427154541015625	-0.0823822021484375
5580381636.477201	0.018890380859375	-0.08340072631835938
5580387882.573392	0.02109527587890625	-0.08356475830078125
5580394128.669581	0.021091461181640625	-0.08253097534179688
5580400374.765772	0.0201568603515625	-0.08254623413085938
5580406620.861961	0.020397186279296875	-0.08243560791015625
5580412866.958151	0.019207000732421875	-0.08327484130859375
5580419113.054341	0.019474029541015625	-0.08315277099609375
5580425359.150531	0.019290924072265625	-0.08226394653320312
5580431605.246721	0.019741058349609375	-0.08249282836914062
5580437851.342911	0.02044677734375	-0.08362197875976562
5580444097.4391	0.01934814453125	-0.08331680297851562
5580450343.535291	0.018566131591796875	-0.0829315185546875
5580456589.63148	0.017833709716796875	-0.08331680297851562
5580462835.727671	0.01779937744140625	-0.08417129516601562
5580469081.82386	0.01828765869140625	-0.08388519287109375
5580475327.92005	0.01805877685546875	-0.08289718627929688
5580481574.01624	0.018833160400390625	-0.08353805541992188
5580487820.11243	0.0175323486328125	-0.083251953125
5580494066.20862	0.017425537109375	-0.08306884765625
5580500312.30481	0.01755523681640625	-0.08358383178710938
5580506558.400999	0.01778411865234375	-0.08428955078125
5580512804.4971895	0.01747894287109375	-0.08309555053710938
5580519050.593379	0.017757415771484375	-0.08368301391601562
5580525296.689569	0.017406463623046875	-0.08305740356445312
5580531542.785759	0.018032073974609375	-0.0837860107421875
5580537788.881948	0.017608642578125	-0.08382034301757812
5580544034.978139	0.016040802001953125	-0.08392333984375
5580550281.074328	0.01625823974609375	-0.08408737182617188
5580556527.170519	0.017391204833984375	-0.0831146240234375
5580562773.266708	0.01732635498046875	-0.08413314819335938
5580569019.362898	0.01653289794921875	-0.08362579345703125
5580575265.459088	0.016208648681640625	-0.08495330810546875
5580581511.555278	0.015483856201171875	-0.08323287963867188
5580587757.651468	0.014698028564453125	-0.08335113525390625
5580594003.747658	0.01511383056640625	-0.084503173828125
5580600249.843847	0.016475677490234375	-0.08451080322265625
5580606495.940038	0.015369415283203125	-0.08441925048828125
5580612742.036227	0.0150909423828125	-0.08370208740234375
5580618988.132418	0.01462554931640625	-0.08360671997070312
5580625234.228607	0.01409912109375	-0.08420562744140625
5580631480.324797	0.01451873779296875	-0.08422470092773438
5580637726.420987	0.015186309814453125	-0.08372879028320312
5580643972.517177	0.014179229736328125	-0.0848846435546875
5580650218.613367	0.013256072998046875	-0.08385467529296875
5580656464.709557	0.0140838623046875	-0.08438873291015625
5580662710.805746	0.0149078369140625	-0.08406829833984375
5580668956.901937	0.014308929443359375	-0.0846405029296875
5580675202.998126	0.014068603515625	-0.08489990234375
5580681449.0943165	0.01331329345703125	-0.0850982666015625
5580687695.190506	0.01445770263671875	-0.08475875854492188
5580693941.2866955	0.013824462890625	-0.0850372314453125
5580700187.382886	0.013591766357421875	-0.08513641357421875
5580706433.479075	0.012722015380859375	-0.08465576171875
5580712679.575266	0.013568878173828125	-0.0846099853515625
5580718925.671455	0.012500762939453125	-0.08549880981445312
5580725171.767645	0.012737274169921875	-0.08518218994140625
5580731417.863835	0.011966705322265625	-0.08353042602539062
5580737663.960025	0.012294769287109375	-0.084808349609375
5580743910.056215	0.012393951416015625	-0.084747314453125
5580750156.152405	0.01242828369140625	-0.08538055419921875
5580756402.248594	0.01212310791015625	-0.08652114868164062
5580762648.344785	0.011913299560546875	-0.08509445190429688
5580768894.440974	0.01248931884765625	-0.0849151611328125
5580775140.537165	0.011272430419921875	-0.08468246459960938
5580781386.633354	0.011829376220703125	-0.0851898193359375
5580787632.729544	0.01087188720703125	-0.08589553833007812
5580793878.825734	0.011142730712890625	-0.08501052856445312
5580800124.921924	0.012004852294921875	-0.08520889282226562
5580806371.018114	0.0109710693359375	-0.08514785766601562
5580812617.114304	0.010936737060546875	-0.08422088623046875
5580818863.210493	0.010601043701171875	-0.08504486083984375
5580825109.306684	0.010417938232421875	-0.08506393432617188
5580831355.402873	0.009365081787109375	-0.0853118896484375
5580837601.4990635	0.01025390625	-0.08552169799804688
5580843847.595253	0.01125335693359375	-0.0846405029296875
5580850093.6914425	0.010677337646484375	-0.08499526977539062
5580856339.787633	0.010005950927734375	-0.08578109741210938
5580862585.883822	0.00995635986328125	-0.08536148071289062
5580868831.980013	0.009090423583984375	-0.08575820922851562
5580875078.076202	0.00970458984375	-0.08589935302734375
5580881324.172392	0.009716033935546875	-0.08457565307617188
5580887570.268582	0.00887298583984375	-0.0857391357421875
5580893816.364772	0.008342742919921875	-0.085968017578125
5580900062.460962	0.00887298583984375	-0.08676528930664062
5580906308.557152	0.0088043212890625	-0.0860137939453125
5580912554.653341	0.008922576904296875	-0.0857086181640625
5580918800.749532	0.0081329345703125	-0.08585739135742188
5580925046.845721	0.009113311767578125	-0.08588027954101562
5580931292.941912	0.008106231689453125	-0.08504867553710938
5580937539.038101	0.007686614990234375	-0.08556747436523438
5580943785.134291	0.00618743896484375	-0.0851898193359375
5580950031.230481	0.00801849365234375	-0.08593368530273438
5580956277.326671	0.007846832275390625	-0.08626937866210938
5580962523.422861	0.006481170654296875	-0.08530807495117188
5580968769.519051	0.0070648193359375	-0.08556747436523438
5580975015.61524	0.00655364990234375	-0.0858154296875
5580981261.711431	0.006687164306640625	-0.086639404296875
5580987507.80762	0.006443023681640625	-0.08604049682617188
