5669993753.9038105	-0.0258026123046875	0.0810546875
5670000000.0	-0.02581787109375	0.0802001953125
5670006246.0961895	-0.024776458740234375	0.08090972900390625
5670012492.19238	-0.0254058837890625	0.08082199096679688
5670018738.288569	-0.024890899658203125	0.08015823364257812
5670024984.38476	-0.024326324462890625	0.0811920166015625
5670031230.480949	-0.024845123291015625	0.08139419555664062
5670037476.577139	-0.024417877197265625	0.0801544189453125
5670043722.673329	-0.024707794189453125	0.08089065551757812
5670049968.769519	-0.02477264404296875	0.08084869384765625
5670056214.865709	-0.02390289306640625	0.08153152465820312
5670062460.961899	-0.0247955322265625	0.08210372924804688
5670068707.058088	-0.024448394775390625	0.08126068115234375
5670074953.154279	-0.023956298828125	0.08123397827148438
5670081199.250468	-0.023868560791015625	0.08172607421875
5670087445.346659	-0.023834228515625	0.08185958862304688
5670093691.442848	-0.0244598388671875	0.08153533935546875
5670099937.539038	-0.02254486083984375	0.0815277099609375
5670106183.635228	-0.02274322509765625	0.08060073852539062
5670112429.731418	-0.0228424072265625	0.0807037353515625
5670118675.827608	-0.02307891845703125	0.08189010620117188
5670124921.923798	-0.023509979248046875	0.08190536499023438
5670131168.019987	-0.02178955078125	0.08160018920898438
5670137414.116178	-0.02252197265625	0.08140182495117188
5670143660.212367	-0.022159576416015625	0.08287429809570312
5670149906.3085575	-0.02280426025390625	0.08169174194335938
5670156152.404747	-0.022243499755859375	0.08188247680664062
5670162398.5009365	-0.0219268798828125	0.08188247680664062
5670168644.597127	-0.023120880126953125	0.08202362060546875
5670174890.693316	-0.0218963623046875	0.08100128173828125
5670181136.789507	-0.0211944580078125	0.0811614990234375
5670187382.885696	-0.021411895751953125	0.08241653442382812
5670193628.981886	-0.021327972412109375	0.08234786987304688
5670199875.078076	-0.021930694580078125	0.08190536499023438
5670206121.174266	-0.021076202392578125	0.0822906494140625
5670212367.270456	-0.02027130126953125	0.08099365234375
5670218613.366646	-0.020538330078125	0.08152389526367188
5670224859.462835	-0.0204315185546875	0.08260726928710938
5670231105.559026	-0.02085113525390625	0.08138656616210938
5670237351.655215	-0.0200653076171875	0.08203887939453125
5670243597.751406	-0.02054595947265625	0.08299636840820312
5670249843.847595	-0.020008087158203125	0.081573486328125
5670256089.943785	-0.020244598388671875	0.0821685791015625
5670262336.039975	-0.020038604736328125	0.08248138427734375
5670268582.136165	-0.01998138427734375	0.08237457275390625
5670274828.232355	-0.019359588623046875	0.08239364624023438
5670281074.328545	-0.019138336181640625	0.08260345458984375
5670287320.424734	-0.0197601318359375	0.08272171020507812
5670293566.520925	-0.019763946533203125	0.08270263671875
5670299812.617114	-0.019199371337890625	0.08197784423828125
5670306058.7133045	-0.0181884765625	0.08321762084960938
5670312304.809494	-0.018451690673828125	0.08214569091796875
5670318550.9056835	-0.0189361572265625	0.0814208984375
5670324797.001874	-0.017864227294921875	0.08296966552734375
5670331043.098063	-0.018634796142578125	0.08127212524414062
5670337289.194254	-0.019123077392578125	0.08243179321289062
5670343535.290443	-0.01860809326171875	0.08244705200195312
5670349781.386633	-0.0175628662109375	0.08153533935546875
5670356027.482823	-0.01758575439453125	0.08237457275390625
5670362273.579013	-0.0175323486328125	0.08208084106445312
5670368519.675203	-0.01700592041015625	0.08125686645507812
5670374765.771393	-0.017017364501953125	0.0823211669921875
5670381011.867582	-0.016407012939453125	0.08281707763671875
5670387257.963773	-0.017669677734375	0.08225631713867188
5670393504.059962	-0.01686859130859375	0.08292388916015625
5670399750.156153	-0.0170745849609375	0.08238601684570312
5670405996.252342	-0.016498565673828125	0.08151626586914062
5670412242.348532	-0.01727294921875	0.08312606811523438
5670418488.444722	-0.017063140869140625	0.08211135864257812
5670424734.540912	-0.01548004150390625	0.0824737548828125
5670430980.637102	-0.0165863037109375	0.08384323120117188
5670437226.733292	-0.01651763916015625	0.082672119140625
5670443472.829481	-0.01558685302734375	0.08188247680664062
5670449718.925672	-0.015346527099609375	0.08257293701171875
5670455965.021861	-0.015316009521484375	0.0829010009765625
5670462211.118052	-0.015636444091796875	0.0829620361328125
5670468457.214241	-0.01517486572265625	0.08259201049804688
5670474703.310431	-0.014194488525390625	0.08240509033203125
5670480949.406621	-0.014141082763671875	0.08277130126953125
5670487195.5028105	-0.014736175537109375	0.08337020874023438
5670493441.599001	-0.015171051025390625	0.08318710327148438
5670499687.69519	-0.01532745361328125	0.08208084106445312
5670505933.79138	-0.0146331787109375	0.08345413208007812
5670512179.88757	-0.013763427734375	0.08284378051757812
5670518425.98376	-0.01364898681640625	0.08315658569335938
5670524672.07995	-0.01300811767578125	0.0828094482421875
5670530918.17614	-0.013332366943359375	0.08325958251953125
5670537164.272329	-0.01441192626953125	0.08380508422851562
5670543410.36852	-0.01378631591796875	0.0830230712890625
5670549656.464709	-0.01294708251953125	0.08327484130859375
5670555902.5609	-0.0126953125	0.08292388916015625
5670562148.657089	-0.0126495361328125	0.08276748657226562
5670568394.753279	-0.012210845947265625	0.08282470703125
5670574640.849469	-0.01323699951171875	0.08320999145507812
5670580886.945659	-0.01187896728515625	0.08278656005859375
5670587133.041849	-0.012451171875	0.08290863037109375
5670593379.138039	-0.01195526123046875	0.0833282470703125
5670599625.234228	-0.011775970458984375	0.081817626953125
5670605871.330419	-0.011993408203125	0.083343505859375
5670612117.426608	-0.011749267578125	0.08261489868164062
5670618363.522799	-0.010990142822265625	0.08379364013671875
5670624609.618988	-0.011749267578125	0.08273696899414062
5670630855.7151785	-0.012622833251953125	0.08219146728515625
5670637101.811368	-0.010692596435546875	0.08348846435546875
5670643347.9075575	-0.010913848876953125	0.08301162719726562
5670649594.003748	-0.01181793212890625	0.08247756958007812
5670655840.099937	-0.010295867919921875	0.08393096923828125
5670662086.196128	-0.01120758056640625	0.08204269409179688
5670668332.292317	-0.010860443115234375	0.08310317993164062
5670674578.388507	-0.00982666015625	0.08370590209960938
5670680824.484697	-0.010517120361328125	0.08375167846679688
5670687070.580887	-0.01087188720703125	0.08331680297851562
5670693316.677077	-0.010005950927734375	0.08420181274414062
5670699562.773267	-0.009326934814453125	0.083282470703125
5670705808.869456	-0.009944915771484375	0.08246612548828125
5670712054.965647	-0.009189605712890625	0.08342361450195312
5670718301.061836	-0.009197235107421875	0.08269882202148438
5670724547.158027	-0.009670257568359375	0.0835418701171875
5670730793.254216	-0.009601593017578125	0.0833282470703125
5670737039.350406	-0.008869171142578125	0.082489013671875
5670743285.446596	-0.008392333984375	0.08325958251953125
5670749531.542786	-0.007953643798828125	0.0828399658203125
5670755777.638976	-0.00827789306640625	0.08278274536132812
5670762023.735166	-0.008541107177734375	0.08304977416992188
5670768269.831355	-0.008121490478515625	0.0826263427734375
5670774515.927546	-0.00827789306640625	0.0828704833984375
5670780762.023735	-0.00859832763671875	0.08291244506835938
5670787008.1199255	-0.008052825927734375	0.08274459838867188
5670793254.216115	-0.00702667236328125	0.08326339721679688
5670799500.3123045	-0.007373809814453125	0.08397674560546875
5670805746.408495	-0.007472991943359375	0.083404541015625
5670811992.504684	-0.00762939453125	0.08226776123046875
5670818238.600875	-0.007205963134765625	0.08322906494140625
5670824484.697064	-0.00620269775390625	0.08432769775390625
5670830730.793254	-0.00623321533203125	0.08257675170898438
5670836976.889444	-0.00701141357421875	0.083648681640625
5670843222.985634	-0.006633758544921875	0.08219528198242188
5670849469.081824	-0.006298065185546875	0.08331680297851562
5670855715.178014	-0.006214141845703125	0.08380889892578125
5670861961.274203	-0.006374359130859375	0.08320236206054688
5670868207.370394	-0.006099700927734375	0.08239364624023438
5670874453.466583	-0.00603485107421875	0.08327102661132812
5670880699.562774	-0.006404876708984375	0.08250045776367188
5670886945.658963	-0.005443572998046875	0.08253097534179688
5670893191.755153	-0.00545501708984375	0.0822296142578125
5670899437.851343	-0.00511932373046875	0.08300399780273438
5670905683.947533	-0.00518035888671875	0.08333206176757812
5670911930.043723	-0.004405975341796875	0.08266830444335938
5670918176.139913	-0.005283355712890625	0.08221817016601562
5670924422.236102	-0.005001068115234375	0.08320999145507812
5670930668.332293	-0.0043182373046875	0.08265304565429688
5670936914.428482	-0.00495147705078125	0.08248138427734375
5670943160.5246725	-0.00390625	0.08291244506835938
5670949406.620862	-0.00447845458984375	0.08197784423828125
5670955652.7170515	-0.003124237060546875	0.08279800415039062
5670961898.813242	-0.003803253173828125	0.08257675170898438
5670968144.909431	-0.00323486328125	0.08246612548828125
5670974391.005622	-0.0045318603515625	0.081756591796875
5670980637.101811	-0.002880096435546875	0.0825958251953125
5670986883.198001	-0.003437042236328125	0.0838623046875
5670993129.294191	-0.00315093994140625	0.08354949951171875
5670999375.390381	-0.003093719482421875	0.08309173583984375
5671005621.486571	-0.002105712890625	0.08266067504882812
5671011867.582761	-0.0018310546875	0.08319091796875
5671018113.67895	-0.002422332763671875	0.083282470703125
5671024359.775141	-0.002735137939453125	0.083251953125
5671030605.87133	-0.002864837646484375	0.0820159912109375
5671036851.967521	-0.00310516357421875	0.08203125
5671043098.06371	-0.001415252685546875	0.08239364624023438
5671049344.1599	-0.001285552978515625	0.08339691162109375
5671055590.25609	-0.001972198486328125	0.0825347900390625
5671061836.35228	-0.001804351806640625	0.08252716064453125
5671068082.44847	-0.00075531005859375	0.0833892822265625
5671074328.54466	-0.0017242431640625	0.08266448974609375
5671080574.640849	-0.00116729736328125	0.082183837890625
5671086820.73704	-0.000911712646484375	0.08299636840820312
5671093066.833229	-0.00194549560546875	0.08300018310546875
5671099312.9294195	-0.0006561279296875	0.08230209350585938
5671105559.025609	-0.000942230224609375	0.0826416015625
5671111805.1217985	-0.00014495849609375	0.08217239379882812
5671118051.217989	-0.000579833984375	0.08241653442382812
5671124297.314178	-0.000164031982421875	0.08313369750976562
5671130543.410369	0.00104522705078125	0.08282852172851562
5671136789.506558	0.000152587890625	0.08327484130859375
5671143035.602748	0.0002593994140625	0.082305908203125
5671149281.698938	-0.00025177001953125	0.08255767822265625
5671155527.795128	0.001041412353515625	0.08301544189453125
5671161773.891318	9.5367431640625e-05	0.08339309692382812
5671168019.987508	0.000782012939453125	0.08254623413085938
5671174266.083697	0.000141143798828125	0.08244705200195312
5671180512.179888	0.00089263916015625	0.08241653442382812
5671186758.276077	0.00064849853515625	0.08283233642578125
5671193004.372268	0.001026153564453125	0.08290481567382812
5671199250.468457	0.002605438232421875	0.08283233642578125
5671205496.564647	0.002979278564453125	0.08150482177734375
5671211742.660837	0.001888275146484375	0.082427978515625
5671217988.757027	0.002185821533203125	0.08318710327148438
5671224234.853217	0.002391815185546875	0.083038330078125
5671230480.949407	0.00189971923828125	0.08209228515625
5671236727.045596	0.002513885498046875	0.08176422119140625
5671242973.141787	0.002696990966796875	0.08181381225585938
5671249219.237976	0.002227783203125	0.08296966552734375
5671255465.334167	0.00235748291015625	0.082366943359375
5671261711.430356	0.002559661865234375	0.08164215087890625
5671267957.526546	0.004131317138671875	0.08278656005859375
5671274203.622736	0.002960205078125	0.08148956298828125
5671280449.718925	0.0040283203125	0.08233642578125
5671286695.815116	0.003326416015625	0.08264923095703125
5671292941.911305	0.002941131591796875	0.081207275390625
5671299188.007495	0.0037689208984375	0.08079147338867188
5671305434.103685	0.002964019775390625	0.08182525634765625
5671311680.199875	0.004459381103515625	0.08196258544921875
5671317926.296065	0.0037994384765625	0.08284759521484375
5671324172.392255	0.00550079345703125	0.08237457275390625
5671330418.488444	0.004810333251953125	0.08234786987304688
5671336664.584635	0.0037994384765625	0.08223724365234375
5671342910.680824	0.004985809326171875	0.0814361572265625
5671349156.777015	0.00415802001953125	0.08250045776367188
5671355402.873204	0.00591278076171875	0.08223342895507812
5671361648.969394	0.006130218505859375	0.08231353759765625
5671367895.065584	0.005878448486328125	0.08230972290039062
5671374141.161774	0.00559234619140625	0.08176422119140625
5671380387.257964	0.00624847412109375	0.08195114135742188
5671386633.354154	0.00518798828125	0.08207321166992188
5671392879.450343	0.00518798828125	0.08255767822265625
5671399125.546534	0.006195068359375	0.08190536499023438
5671405371.642723	0.006122589111328125	0.08166122436523438
5671411617.738914	0.004886627197265625	0.08185958862304688
5671417863.835103	0.005718231201171875	0.08167648315429688
5671424109.931293	0.0077056884765625	0.08246612548828125
5671430356.027483	0.006031036376953125	0.0815277099609375
5671436602.1236725	0.00675201416015625	0.08106613159179688
5671442848.219863	0.00725555419921875	0.08199691772460938
5671449094.316052	0.007556915283203125	0.08157730102539062
5671455340.412242	0.0069122314453125	0.08202743530273438
5671461586.508432	0.007144927978515625	0.081756591796875
5671467832.604622	0.00704193115234375	0.08213043212890625
5671474078.700812	0.007747650146484375	0.08112335205078125
5671480324.797002	0.0079803466796875	0.08121109008789062
5671486570.893191	0.0081634521484375	0.08181381225585938
5671492816.989382	0.008342742919921875	0.08114242553710938
5671499063.085571	0.007999420166015625	0.08138275146484375
5671505309.181762	0.008228302001953125	0.081298828125
5671511555.277951	0.008396148681640625	0.08139801025390625
5671517801.374141	0.008632659912109375	0.08037567138671875
5671524047.470331	0.008342742919921875	0.08111190795898438
5671530293.566521	0.009418487548828125	0.08072280883789062
5671536539.662711	0.00945281982421875	0.08098220825195312
5671542785.758901	0.009395599365234375	0.08020782470703125
5671549031.85509	0.00893402099609375	0.0812530517578125
5671555277.951281	0.009258270263671875	0.08165359497070312
5671561524.04747	0.009403228759765625	0.08155059814453125
5671567770.143661	0.009449005126953125	0.08061599731445312
5671574016.23985	0.010120391845703125	0.08069992065429688
5671580262.33604	0.00992584228515625	0.08158111572265625
5671586508.43223	0.009296417236328125	0.08099746704101562
5671592754.5284195	0.009857177734375	0.08110427856445312
5671599000.62461	0.01055908203125	0.08047103881835938
5671605246.720799	0.0104522705078125	0.080474853515625
5671611492.816989	0.00988006591796875	0.080078125
5671617738.913179	0.0103607177734375	0.08081436157226562
5671623985.009369	0.010498046875	0.08065032958984375
5671630231.105559	0.010528564453125	0.08095550537109375
5671636477.201749	0.011302947998046875	0.08014678955078125
5671642723.297938	0.01216888427734375	0.080535888671875
5671648969.394129	0.011165618896484375	0.07992172241210938
5671655215.490318	0.011478424072265625	0.08066177368164062
5671661461.586509	0.01300811767578125	0.07936859130859375
5671667707.682698	0.011871337890625	0.07925033569335938
5671673953.778888	0.011837005615234375	0.08090591430664062
5671680199.875078	0.011966705322265625	0.08060073852539062
5671686445.971268	0.0123443603515625	0.07969284057617188
5671692692.067458	0.013660430908203125	0.0806427001953125
5671698938.163648	0.01312255859375	0.07963180541992188
5671705184.259837	0.012073516845703125	0.0796356201171875
5671711430.356028	0.013141632080078125	0.08043670654296875
5671717676.452217	0.01323699951171875	0.0792388916015625
5671723922.548408	0.014499664306640625	0.08053207397460938
5671730168.644597	0.0133209228515625	0.0804595947265625
5671736414.740787	0.0137481689453125	0.08004379272460938
5671742660.836977	0.013275146484375	0.07905197143554688
5671748906.9331665	0.014141082763671875	0.08039093017578125
5671755153.029357	0.01495361328125	0.08021926879882812
5671761399.125546	0.01428985595703125	0.07915115356445312
5671767645.221736	0.013935089111328125	0.07914352416992188
5671773891.317926	0.0139007568359375	0.07894515991210938
5671780137.414116	0.0134124755859375	0.0795135498046875
5671786383.510306	0.01348876953125	0.07971954345703125
5671792629.606496	0.014556884765625	0.07957839965820312
5671798875.702685	0.014430999755859375	0.07951736450195312
5671805121.798876	0.015903472900390625	0.07927703857421875
5671811367.895065	0.01421356201171875	0.07933807373046875
5671817613.991256	0.016086578369140625	0.07892990112304688
5671823860.087445	0.01538848876953125	0.07860183715820312
5671830106.183635	0.0155792236328125	0.07877731323242188
5671836352.279825	0.015777587890625	0.079376220703125
5671842598.376015	0.015644073486328125	0.07948684692382812
5671848844.472205	0.015453338623046875	0.07889175415039062
5671855090.568395	0.01563262939453125	0.07876205444335938
5671861336.664584	0.016147613525390625	0.07879638671875
5671867582.760775	0.01712799072265625	0.0791168212890625
5671873828.856964	0.017208099365234375	0.07935333251953125
5671880074.953155	0.016326904296875	0.07931900024414062
5671886321.049344	0.016757965087890625	0.07867431640625
5671892567.1455345	0.01715850830078125	0.07767868041992188
5671898813.241724	0.016468048095703125	0.07811355590820312
5671905059.3379135	0.017303466796875	0.078216552734375
5671911305.434104	0.01686859130859375	0.07817459106445312
5671917551.530293	0.017078399658203125	0.07810211181640625
5671923797.626484	0.017116546630859375	0.07773590087890625
5671930043.722673	0.01691436767578125	0.07871246337890625
5671936289.818863	0.017459869384765625	0.07853317260742188
5671942535.915053	0.01761627197265625	0.07718658447265625
5671948782.011243	0.01772308349609375	0.07788467407226562
5671955028.107433	0.0183868408203125	0.0773162841796875
5671961274.203623	0.018161773681640625	0.076751708984375
5671967520.299812	0.01786041259765625	0.07756805419921875
5671973766.396003	0.019390106201171875	0.0769805908203125
5671980012.492192	0.01856231689453125	0.07691192626953125
5671986258.588383	0.019222259521484375	0.0776214599609375
5671992504.684572	0.0183258056640625	0.077392578125
5671998750.780762	0.019001007080078125	0.077850341796875
5672004996.876952	0.019161224365234375	0.07799530029296875
5672011242.973142	0.01971435546875	0.07630538940429688
5672017489.069332	0.019561767578125	0.0771331787109375
5672023735.165522	0.019649505615234375	0.07799530029296875
5672029981.261711	0.020282745361328125	0.077667236328125
5672036227.357902	0.0204620361328125	0.07624435424804688
5672042473.454091	0.020397186279296875	0.07781219482421875
5672048719.550282	0.02037811279296875	0.0763702392578125
5672054965.646471	0.020374298095703125	0.07636260986328125
5672061211.7426605	0.020343780517578125	0.0766448974609375
5672067457.838851	0.021228790283203125	0.07712173461914062
5672073703.93504	0.02004241943359375	0.07644271850585938
5672079950.031231	0.02014923095703125	0.07660675048828125
5672086196.12742	0.021724700927734375	0.07746124267578125
5672092442.22361	0.021205902099609375	0.0768890380859375
5672098688.3198	0.021221160888671875	0.07745361328125
5672104934.41599	0.0215301513671875	0.07737350463867188
5672111180.51218	0.0204620361328125	0.07586288452148438
5672117426.60837	0.02165985107421875	0.07633209228515625
5672123672.704559	0.021953582763671875	0.07537078857421875
5672129918.80075	0.02146148681640625	0.07633209228515625
5672136164.896939	0.02149200439453125	0.07617568969726562
5672142410.99313	0.022243499755859375	0.07645034790039062
5672148657.089319	0.022556304931640625	0.07634735107421875
5672154903.185509	0.02333831787109375	0.07664871215820312
5672161149.281699	0.02152252197265625	0.07558441162109375
5672167395.377889	0.02306365966796875	0.0749053955078125
5672173641.474079	0.022708892822265625	0.07538223266601562
5672179887.570269	0.0229644775390625	0.07546234130859375
5672186133.666458	0.022762298583984375	0.07540130615234375
5672192379.762649	0.024261474609375	0.07485580444335938
5672198625.858838	0.024204254150390625	0.0752105712890625
5672204871.955029	0.023349761962890625	0.07502365112304688
5672211118.051218	0.02358245849609375	0.074554443359375
5672217364.147408	0.022899627685546875	0.07572555541992188
5672223610.243598	0.0235748291015625	0.07548141479492188
5672229856.3397875	0.024013519287109375	0.07466506958007812
5672236102.435978	0.02393341064453125	0.07463455200195312
5672242348.532167	0.0247039794921875	0.07411575317382812
5672248594.628357	0.023342132568359375	0.0758819580078125
5672254840.724547	0.02445220947265625	0.07479095458984375
5672261086.820737	0.025539398193359375	0.07500457763671875
5672267332.916927	0.02411651611328125	0.07525634765625
5672273579.013117	0.025066375732421875	0.07364654541015625
5672279825.109306	0.02436065673828125	0.0743865966796875
5672286071.205497	0.024631500244140625	0.07423782348632812
5672292317.301686	0.025115966796875	0.07377243041992188
5672298563.397877	0.025421142578125	0.07377243041992188
5672304809.494066	0.0257415771484375	0.07445907592773438
5672311055.590256	0.025211334228515625	0.07415771484375
5672317301.686446	0.02666473388671875	0.07363128662109375
5672323547.782636	0.025424957275390625	0.07362747192382812
5672329793.878826	0.025661468505859375	0.07367324829101562
5672336039.975016	0.025299072265625	0.07454299926757812
5672342286.071205	0.025020599365234375	0.07329177856445312
5672348532.167396	0.025882720947265625	0.07326889038085938
5672354778.263585	0.026126861572265625	0.07354736328125
5672361024.359776	0.027210235595703125	0.07328033447265625
5672367270.455965	0.02562713623046875	0.07384490966796875
5672373516.552155	0.0269012451171875	0.07318878173828125
5672379762.648345	0.026493072509765625	0.07333755493164062
5672386008.7445345	0.02657318115234375	0.07385635375976562
5672392254.840725	0.026798248291015625	0.07179641723632812
5672398500.936914	0.026645660400390625	0.07301712036132812
5672404747.033104	0.027286529541015625	0.07244491577148438
5672410993.129294	0.027561187744140625	0.07332992553710938
5672417239.225484	0.027988433837890625	0.07316970825195312
5672423485.321674	0.02771759033203125	0.07360458374023438
5672429731.417864	0.02780914306640625	0.0730133056640625
5672435977.514053	0.028018951416015625	0.07307052612304688
5672442223.610244	0.027561187744140625	0.07207489013671875
5672448469.706433	0.028148651123046875	0.07134628295898438
5672454715.802624	0.02787017822265625	0.0726165771484375
5672460961.898813	0.028224945068359375	0.07166290283203125
5672467207.995003	0.02850341796875	0.07085800170898438
5672473454.091193	0.027965545654296875	0.07175827026367188
5672479700.187383	0.02788543701171875	0.07136154174804688
5672485946.283573	0.028606414794921875	0.07200241088867188
5672492192.379763	0.029262542724609375	0.07138442993164062
5672498438.475952	0.028423309326171875	0.0712890625
5672504684.572143	0.028850555419921875	0.07166671752929688
5672510930.668332	0.0287933349609375	0.07134628295898438
5672517176.764523	0.029216766357421875	0.07100677490234375
5672523422.860712	0.0289459228515625	0.07086563110351562
5672529668.956902	0.02881622314453125	0.07139968872070312
5672535915.053092	0.029659271240234375	0.07133102416992188
5672542161.1492815	0.0297088623046875	0.0714263916015625
5672548407.245472	0.02948760986328125	0.07017898559570312
5672554653.341661	0.029247283935546875	0.07049560546875
5672560899.437851	0.029636383056640625	0.07095718383789062
5672567145.534041	0.031097412109375	0.06980133056640625
5672573391.630231	0.030925750732421875	0.07105636596679688
5672579637.726421	0.0287628173828125	0.07027053833007812
5672585883.822611	0.03072357177734375	0.07021713256835938
5672592129.9188	0.03003692626953125	0.07017135620117188
5672598376.014991	0.03227996826171875	0.070037841796875
5672604622.11118	0.030597686767578125	0.0699615478515625
5672610868.207371	0.03112030029296875	0.06990432739257812
5672617114.30356	0.031024932861328125	0.06938934326171875
5672623360.39975	0.0304412841796875	0.07013320922851562
5672629606.49594	0.03069305419921875	0.06944656372070312
5672635852.59213	0.03131866455078125	0.06888580322265625
5672642098.68832	0.031768798828125	0.06970596313476562
5672648344.78451	0.03281402587890625	0.06956863403320312
5672654590.880699	0.030452728271484375	0.06970977783203125
5672660836.97689	0.031803131103515625	0.0688934326171875
5672667083.073079	0.031208038330078125	0.0691986083984375
5672673329.16927	0.031829833984375	0.06871795654296875
5672679575.265459	0.031719207763671875	0.0691986083984375
5672685821.361649	0.03176116943359375	0.06946182250976562
5672692067.457839	0.032131195068359375	0.06830978393554688
5672698313.5540285	0.03197479248046875	0.067901611328125
5672704559.650219	0.032192230224609375	0.06847000122070312
5672710805.746408	0.033298492431640625	0.069183349609375
5672717051.842598	0.032077789306640625	0.06915664672851562
5672723297.938788	0.03255462646484375	0.06768798828125
5672729544.034978	0.033145904541015625	0.06780624389648438
5672735790.131168	0.03256988525390625	0.06782913208007812
5672742036.227358	0.032878875732421875	0.06861495971679688
5672748282.323547	0.032939910888671875	0.06739425659179688
5672754528.419738	0.033840179443359375	0.06754302978515625
5672760774.515927	0.03394317626953125	0.06763458251953125
5672767020.612118	0.03304290771484375	0.06796646118164062
5672773266.708307	0.034465789794921875	0.06760787963867188
5672779512.804497	0.03394317626953125	0.06707763671875
5672785758.900687	0.03391265869140625	0.067352294921875
5672792004.996877	0.032932281494140625	0.066925048828125
5672798251.093067	0.034648895263671875	0.067108154296875
5672804497.189257	0.033843994140625	0.0672149658203125
5672810743.285446	0.034000396728515625	0.0675506591796875
5672816989.381637	0.034633636474609375	0.0663909912109375
5672823235.477826	0.033184051513671875	0.06578826904296875
5672829481.574017	0.033245086669921875	0.06563186645507812
5672835727.670206	0.0343780517578125	0.06633377075195312
5672841973.766396	0.034648895263671875	0.06599807739257812
5672848219.862586	0.0340423583984375	0.06492996215820312
5672854465.9587755	0.034534454345703125	0.06542587280273438
5672860712.054966	0.034992218017578125	0.0662841796875
5672866958.151155	0.035884857177734375	0.06525802612304688
5672873204.247345	0.035182952880859375	0.06508255004882812
5672879450.343535	0.03481292724609375	0.0650177001953125
5672885696.439725	0.034633636474609375	0.06568527221679688
5672891942.535915	0.03423309326171875	0.06407546997070312
5672898188.632105	0.035938262939453125	0.0649871826171875
5672904434.728294	0.03461456298828125	0.065948486328125
5672910680.824485	0.035427093505859375	0.065887451171875
5672916926.920674	0.03577423095703125	0.06377410888671875
5672923173.016865	0.03624725341796875	0.06472396850585938
5672929419.113054	0.03556060791015625	0.06438064575195312
5672935665.209244	0.03591156005859375	0.0639495849609375
5672941911.305434	0.035427093505859375	0.06359100341796875
5672948157.401624	0.036285400390625	0.06454086303710938
5672954403.497814	0.035472869873046875	0.06417083740234375
5672960649.594004	0.036357879638671875	0.06292724609375
5672966895.690193	0.036251068115234375	0.06418609619140625
5672973141.786384	0.03662872314453125	0.06360626220703125
5672979387.882573	0.03691864013671875	0.06407546997070312
5672985633.978764	0.03693389892578125	0.06331634521484375
5672991880.074953	0.037235260009765625	0.06279373168945312
5672998126.171143	0.036407470703125	0.06385421752929688
5673004372.267333	0.03594207763671875	0.062458038330078125
5673010618.363523	0.036510467529296875	0.0630035400390625
5673016864.459713	0.037261962890625	0.062408447265625
5673023110.5559025	0.03702545166015625	0.06175994873046875
5673029356.652092	0.036945343017578125	0.0623321533203125
5673035602.748282	0.037113189697265625	0.06192779541015625
5673041848.844472	0.03680419921875	0.06288909912109375
5673048094.940662	0.03775787353515625	0.062198638916015625
5673054341.036852	0.037921905517578125	0.06255722045898438
5673060587.133041	0.036624908447265625	0.060894012451171875
5673066833.229232	0.0371246337890625	0.061038970947265625
5673073079.325421	0.0378875732421875	0.0614471435546875
5673079325.421612	0.037921905517578125	0.0611419677734375
5673085571.517801	0.03672027587890625	0.061695098876953125
5673091817.613991	0.03733062744140625	0.061779022216796875
5673098063.710181	0.038578033447265625	0.061595916748046875
5673104309.806371	0.03707122802734375	0.061248779296875
5673110555.902561	0.037509918212890625	0.06082916259765625
5673116801.998751	0.038173675537109375	0.060577392578125
5673123048.09494	0.037708282470703125	0.06118011474609375
5673129294.191131	0.0389556884765625	0.061000823974609375
5673135540.28732	0.038707733154296875	0.059680938720703125
5673141786.383511	0.03815460205078125	0.060665130615234375
5673148032.4797	0.038326263427734375	0.05973052978515625
5673154278.575891	0.03863525390625	0.0597381591796875
5673160524.67208	0.038600921630859375	0.06035614013671875
5673166770.76827	0.038921356201171875	0.0598297119140625
5673173016.86446	0.038753509521484375	0.059337615966796875
5673179262.9606495	0.0385589599609375	0.06014251708984375
5673185509.05684	0.038433074951171875	0.0586395263671875
5673191755.153029	0.0398101806640625	0.059238433837890625
5673198001.249219	0.03936004638671875	0.059696197509765625
5673204247.345409	0.038787841796875	0.059589385986328125
5673210493.441599	0.039211273193359375	0.059635162353515625
5673216739.537789	0.039455413818359375	0.0591888427734375
5673222985.633979	0.039531707763671875	0.058429718017578125
5673229231.730168	0.03847503662109375	0.057819366455078125
5673235477.826359	0.03914642333984375	0.058872222900390625
5673241723.922548	0.03977203369140625	0.0583648681640625
5673247970.018739	0.03968048095703125	0.0573272705078125
5673254216.114928	0.039272308349609375	0.05840301513671875
5673260462.211118	0.039524078369140625	0.0575103759765625
5673266708.307308	0.039516448974609375	0.0568084716796875
5673272954.403498	0.040821075439453125	0.0572052001953125
5673279200.499688	0.0392303466796875	0.057300567626953125
5673285446.595878	0.0403594970703125	0.056606292724609375
5673291692.692067	0.039707183837890625	0.05809783935546875
5673297938.788258	0.03966522216796875	0.05747222900390625
5673304184.884447	0.03923797607421875	0.0569000244140625
5673310430.980638	0.03966522216796875	0.056774139404296875
5673316677.076827	0.0396881103515625	0.05655670166015625
5673322923.173017	0.0402984619140625	0.056583404541015625
5673329169.269207	0.039539337158203125	0.056270599365234375
5673335415.3653965	0.040485382080078125	0.056049346923828125
5673341661.461587	0.039783477783203125	0.05670928955078125
5673347907.557776	0.0402984619140625	0.05615234375
5673354153.653966	0.040760040283203125	0.05577850341796875
5673360399.750156	0.039398193359375	0.05553436279296875
5673366645.846346	0.04113006591796875	0.056735992431640625
5673372891.942536	0.0399169921875	0.055133819580078125
5673379138.038726	0.040191650390625	0.055027008056640625
5673385384.134915	0.039432525634765625	0.054927825927734375
5673391630.231106	0.03985595703125	0.05545806884765625
5673397876.327295	0.03974151611328125	0.056079864501953125
5673404122.423486	0.041118621826171875	0.054958343505859375
5673410368.519675	0.04050445556640625	0.054378509521484375
5673416614.615865	0.040187835693359375	0.0547637939453125
5673422860.712055	0.0399627685546875	0.055034637451171875
5673429106.808245	0.03993988037109375	0.0541229248046875
5673435352.904435	0.04095458984375	0.054119110107421875
5673441599.000625	0.041057586669921875	0.052677154541015625
5673447845.096814	0.04071044921875	0.05284881591796875
5673454091.193005	0.0405426025390625	0.054576873779296875
5673460337.289194	0.04107666015625	0.053318023681640625
5673466583.385385	0.041015625	0.053913116455078125
5673472829.481574	0.04080963134765625	0.05359649658203125
5673479075.577764	0.040599822998046875	0.053600311279296875
5673485321.673954	0.040966033935546875	0.053470611572265625
5673491567.7701435	0.040805816650390625	0.05287933349609375
5673497813.866334	0.0408172607421875	0.05292510986328125
5673504059.962523	0.0413360595703125	0.053104400634765625
5673510306.058713	0.0400848388671875	0.0525360107421875
5673516552.154903	0.04111480712890625	0.053401947021484375
5673522798.251093	0.040157318115234375	0.053058624267578125
5673529044.347283	0.04150390625	0.05286407470703125
5673535290.443473	0.040401458740234375	0.052066802978515625
5673541536.539662	0.040592193603515625	0.05135345458984375
5673547782.635853	0.0409088134765625	0.051029205322265625
5673554028.732042	0.0401458740234375	0.051914215087890625
5673560274.828233	0.0408172607421875	0.05153656005859375
5673566520.924422	0.040821075439453125	0.05152130126953125
5673572767.020612	0.04126739501953125	0.050922393798828125
5673579013.116802	0.0405120849609375	0.05120849609375
5673585259.212992	0.040790557861328125	0.050876617431640625
5673591505.309182	0.041217803955078125	0.051044464111328125
5673597751.405372	0.040348052978515625	0.050914764404296875
5673603997.501561	0.041393280029296875	0.05081939697265625
5673610243.597752	0.040706634521484375	0.0499267578125
5673616489.693941	0.041362762451171875	0.050594329833984375
5673622735.790132	0.040401458740234375	0.050388336181640625
5673628981.886321	0.04073333740234375	0.04981231689453125
5673635227.982511	0.040897369384765625	0.0498504638671875
5673641474.078701	0.04000091552734375	0.050220489501953125
5673647720.1748905	0.0413665771484375	0.049137115478515625
5673653966.271081	0.04175567626953125	0.049480438232421875
5673660212.36727	0.041629791259765625	0.04947662353515625
5673666458.46346	0.040985107421875	0.049793243408203125
5673672704.55965	0.03995513916015625	0.04972076416015625
5673678950.65584	0.041561126708984375	0.04903411865234375
5673685196.75203	0.040943145751953125	0.04937744140625
5673691442.84822	0.039539337158203125	0.04935455322265625
5673697688.944409	0.040679931640625	0.0489959716796875
5673703935.0406	0.04172706604003906	0.04769134521484375
5673710181.136789	0.04165840148925781	0.0483245849609375
5673716427.23298	0.041149139404296875	0.04813385009765625
5673722673.329169	0.041027069091796875	0.048168182373046875
5673728919.425359	0.04044151306152344	0.04830741882324219
5673735165.521549	0.04145240783691406	0.04753684997558594
5673741411.617739	0.040988922119140625	0.04842948913574219
5673747657.713929	0.03983306884765625	0.04796409606933594
5673753903.810119	0.04095649719238281	0.04782676696777344
5673760149.906308	0.04030418395996094	0.04662132263183594
5673766396.002499	0.04101371765136719	0.04726409912109375
5673772642.098688	0.03968620300292969	0.04791069030761719
5673778888.194879	0.04037666320800781	0.04696464538574219
5673785134.291068	0.04059600830078125	0.04766845703125
5673791380.387258	0.03872108459472656	0.046962738037109375
5673797626.483448	0.040546417236328125	0.04706573486328125
5673803872.579638	0.03972053527832031	0.0460357666015625
5673810118.675828	0.04094505310058594	0.04601478576660156
5673816364.7720175	0.039554595947265625	0.046009063720703125
5673822610.868207	0.039157867431640625	0.0472564697265625
5673828856.964397	0.039791107177734375	0.04618644714355469
5673835103.060587	0.03983306884765625	0.04538154602050781
5673841349.156777	0.03973388671875	0.04573631286621094
5673847595.252967	0.040714263916015625	0.045654296875
5673853841.349156	0.04003715515136719	0.04521751403808594
5673860087.445347	0.03963470458984375	0.044956207275390625
5673866333.541536	0.039943695068359375	0.045154571533203125
5673872579.637727	0.039943695068359375	0.04514884948730469
5673878825.733916	0.03989219665527344	0.04499053955078125
5673885071.830106	0.039646148681640625	0.04427337646484375
5673891317.926296	0.03987312316894531	0.04529762268066406
5673897564.022486	0.03885650634765625	0.04394721984863281
5673903810.118676	0.03963279724121094	0.04317665100097656
5673910056.214866	0.03856468200683594	0.04460334777832031
5673916302.311055	0.03852272033691406	0.044391632080078125
5673922548.407246	0.039600372314453125	0.044513702392578125
5673928794.503435	0.03937339782714844	0.043804168701171875
5673935040.599626	0.038730621337890625	0.04331016540527344
5673941286.695815	0.0395355224609375	0.04279136657714844
5673947532.792005	0.038860321044921875	0.04337501525878906
5673953778.888195	0.03801727294921875	0.04401206970214844
5673960024.984385	0.038654327392578125	0.043731689453125
5673966271.080575	0.03806114196777344	0.04266929626464844
5673972517.1767645	0.038448333740234375	0.04261970520019531
5673978763.272954	0.03854560852050781	0.044216156005859375
5673985009.369144	0.03870582580566406	0.043155670166015625
5673991255.465334	0.03772163391113281	0.04295158386230469
5673997501.561524	0.03769683837890625	0.042896270751953125
5674003747.657714	0.03825569152832031	0.04290962219238281
5674009993.753903	0.0382232666015625	0.043064117431640625
5674016239.850094	0.0377349853515625	0.04283905029296875
5674022485.946283	0.0386505126953125	0.04285430908203125
5674028732.042474	0.03738212585449219	0.04217529296875
5674034978.138663	0.03845787048339844	0.04354286193847656
5674041224.234853	0.038166046142578125	0.04202079772949219
5674047470.331043	0.03788185119628906	0.04242134094238281
5674053716.427233	0.03735542297363281	0.04192924499511719
5674059962.523423	0.038166046142578125	0.042217254638671875
5674066208.619613	0.03695869445800781	0.04208183288574219
5674072454.715802	0.03707695007324219	0.04266929626464844
5674078700.811993	0.03791236877441406	0.04122734069824219
5674084946.908182	0.03708076477050781	0.04251289367675781
5674091193.004373	0.03798484802246094	0.041790008544921875
5674097439.100562	0.03878211975097656	0.04263496398925781
5674103685.196752	0.03638458251953125	0.04172325134277344
5674109931.292942	0.03639793395996094	0.04265022277832031
5674116177.389132	0.03732490539550781	0.04208183288574219
5674122423.485322	0.036617279052734375	0.0424957275390625
5674128669.5815115	0.03672027587890625	0.041900634765625
5674134915.677701	0.036396026611328125	0.04218292236328125
5674141161.773891	0.03597450256347656	0.040874481201171875
5674147407.870081	0.03689765930175781	0.04177093505859375
5674153653.966271	0.03571891784667969	0.04109954833984375
5674159900.062461	0.036434173583984375	0.041194915771484375
5674166146.15865	0.03548240661621094	0.04188728332519531
5674172392.254841	0.0369110107421875	0.04145240783691406
5674178638.35103	0.03586387634277344	0.0408935546875
5674184884.447221	0.03560829162597656	0.041049957275390625
5674191130.54341	0.03535652160644531	0.04119300842285156
5674197376.6396	0.0355987548828125	0.040569305419921875
5674203622.73579	0.035266876220703125	0.041889190673828125
5674209868.83198	0.03603172302246094	0.04148101806640625
5674216114.92817	0.03438377380371094	0.04094886779785156
5674222361.02436	0.03458213806152344	0.0413665771484375
5674228607.120549	0.03488731384277344	0.04174613952636719
5674234853.21674	0.035400390625	0.04063987731933594
5674241099.312929	0.035770416259765625	0.04111671447753906
5674247345.40912	0.03491020202636719	0.04080963134765625
5674253591.505309	0.035083770751953125	0.04099464416503906
5674259837.601499	0.03563880920410156	0.04058837890625
5674266083.697689	0.033702850341796875	0.04168891906738281
5674272329.793879	0.035106658935546875	0.04109954833984375
5674278575.890069	0.03446197509765625	0.03987693786621094
5674284821.9862585	0.034027099609375	0.040802001953125
5674291068.082448	0.034343719482421875	0.04069328308105469
5674297314.178638	0.03321075439453125	0.0409088134765625
5674303560.274828	0.033435821533203125	0.04031562805175781
5674309806.371018	0.03444862365722656	0.040691375732421875
5674316052.467208	0.033733367919921875	0.04056739807128906
5674322298.563397	0.03381538391113281	0.04136848449707031
5674328544.659588	0.03255462646484375	0.04103660583496094
5674334790.755777	0.03376007080078125	0.040252685546875
5674341036.851968	0.03277397155761719	0.040760040283203125
5674347282.948157	0.034137725830078125	0.04141807556152344
5674353529.044347	0.03368377685546875	0.04099464416503906
5674359775.140537	0.033351898193359375	0.041912078857421875
5674366021.236727	0.03349876403808594	0.04088020324707031
5674372267.332917	0.03316307067871094	0.041110992431640625
5674378513.429107	0.03183746337890625	0.04059791564941406
5674384759.525297	0.03225135803222656	0.04063987731933594
5674391005.621487	0.031330108642578125	0.03953742980957031
5674397251.717676	0.0328521728515625	0.04125785827636719
5674403497.813867	0.033473968505859375	0.04122161865234375
5674409743.910056	0.032077789306640625	0.04082679748535156
5674415990.006247	0.03291893005371094	0.04137992858886719
5674422236.102436	0.03314018249511719	0.04088783264160156
5674428482.198626	0.03191375732421875	0.040630340576171875
5674434728.294816	0.03244209289550781	0.04069328308105469
5674440974.3910055	0.03268623352050781	0.04136466979980469
5674447220.487196	0.0312957763671875	0.04040336608886719
5674453466.583385	0.03221702575683594	0.041168212890625
5674459712.679575	0.03249168395996094	0.04201507568359375
5674465958.775765	0.031528472900390625	0.04068183898925781
5674472204.871955	0.031341552734375	0.04097175598144531
5674478450.968145	0.031589508056640625	0.04120826721191406
5674484697.064335	0.03195762634277344	0.04160881042480469
5674490943.160524	0.030412673950195312	0.040676116943359375
5674497189.256715	0.03154945373535156	0.04184913635253906
5674503435.352904	0.030580520629882812	0.0411376953125
5674509681.449095	0.030591964721679688	0.04145050048828125
5674515927.545284	0.030569076538085938	0.0412139892578125
5674522173.641474	0.031162261962890625	0.04207611083984375
5674528419.737664	0.030536651611328125	0.04086494445800781
5674534665.833854	0.029903411865234375	0.04160499572753906
5674540911.930044	0.030117034912109375	0.04198646545410156
5674547158.026234	0.030218124389648438	0.04181480407714844
5674553404.122423	0.03127288818359375	0.041797637939453125
5674559650.218614	0.029720306396484375	0.04172515869140625
5674565896.314803	0.030050277709960938	0.041927337646484375
5674572142.410994	0.031225204467773438	0.04099082946777344
5674578388.507183	0.030261993408203125	0.041637420654296875
5674584634.603373	0.029077529907226562	0.042011260986328125
5674590880.699563	0.030635833740234375	0.041126251220703125
5674597126.795753	0.030345916748046875	0.04252433776855469
5674603372.891943	0.029552459716796875	0.04248237609863281
5674609618.988132	0.02971649169921875	0.04192924499511719
5674615865.084322	0.030427932739257812	0.04300117492675781
5674622111.180512	0.030452728271484375	0.042186737060546875
5674628357.276702	0.030244827270507812	0.04247856140136719
5674634603.372892	0.03084564208984375	0.04298591613769531
5674640849.469082	0.028774261474609375	0.04249763488769531
5674647095.565271	0.02957916259765625	0.0418701171875
5674653341.661462	0.029977798461914062	0.042804718017578125
5674659587.757651	0.031047821044921875	0.042049407958984375
5674665833.853842	0.029718399047851562	0.04267120361328125
5674672079.950031	0.02912139892578125	0.04339408874511719
5674678326.046221	0.029325485229492188	0.04309654235839844
5674684572.142411	0.030172348022460938	0.04318809509277344
5674690818.238601	0.029109954833984375	0.04205131530761719
5674697064.334791	0.0298614501953125	0.04356575012207031
5674703310.430981	0.029455184936523438	0.043025970458984375
5674709556.52717	0.029664993286132812	0.04277992248535156
5674715802.623361	0.029445648193359375	0.04296302795410156
5674722048.71955	0.030805587768554688	0.042613983154296875
5674728294.815741	0.029796600341796875	0.04419136047363281
5674734540.91193	0.029737472534179688	0.04356193542480469
5674740787.00812	0.028612136840820312	0.04376983642578125
5674747033.10431	0.029489517211914062	0.04481697082519531
5674753279.2005	0.029743194580078125	0.04234504699707031
5674759525.29669	0.029798507690429688	0.04415130615234375
5674765771.3928795	0.029407501220703125	0.04339599609375
5674772017.489069	0.0283203125	0.04468345642089844
5674778263.585259	0.029256820678710938	0.04311943054199219
5674784509.681449	0.029069900512695312	0.04441642761230469
5674790755.777639	0.028774261474609375	0.04340362548828125
5674797001.873829	0.028913497924804688	0.044223785400390625
5674803247.970018	0.029329299926757812	0.04381561279296875
5674809494.066209	0.02936553955078125	0.04388236999511719
5674815740.162398	0.028167724609375	0.04473686218261719
5674821986.258589	0.029607772827148438	0.04452705383300781
5674828232.354778	0.02954864501953125	0.04477500915527344
5674834478.450968	0.029539108276367188	0.04514122009277344
5674840724.547158	0.03033447265625	0.04498291015625
5674846970.643348	0.029359817504882812	0.0452728271484375
5674853216.739538	0.029041290283203125	0.0450439453125
5674859462.835728	0.028921127319335938	0.044849395751953125
5674865708.931917	0.030427932739257812	0.0446014404296875
5674871955.028108	0.030002593994140625	0.045078277587890625
5674878201.124297	0.029481887817382812	0.0452880859375
5674884447.220488	0.029754638671875	0.04546546936035156
5674890693.316677	0.029628753662109375	0.045146942138671875
5674896939.412867	0.029325485229492188	0.04513740539550781
5674903185.509057	0.02921295166015625	0.04539299011230469
5674909431.605247	0.029672622680664062	0.04541587829589844
5674915677.701437	0.028743743896484375	0.045986175537109375
5674921923.7976265	0.030565261840820312	0.04566383361816406
5674928169.893816	0.029964447021484375	0.04541587829589844
5674934415.990006	0.028705596923828125	0.04647254943847656
5674940662.086196	0.03033447265625	0.04620361328125
5674946908.182386	0.030012130737304688	0.04607963562011719
5674953154.278576	0.029397964477539062	0.04652595520019531
5674959400.374765	0.028926849365234375	0.04596138000488281
5674965646.470956	0.028936386108398438	0.045711517333984375
5674971892.567145	0.028768539428710938	0.04644584655761719
5674978138.663336	0.029401779174804688	0.04696464538574219
5674984384.759525	0.030294418334960938	0.04720878601074219
5674990630.855715	0.029720306396484375	0.04663848876953125
5674996876.951905	0.029262542724609375	0.04709815979003906
5675003123.048095	0.0296478271484375	0.04667472839355469
5675009369.144285	0.02960968017578125	0.04697990417480469
5675015615.240475	0.028589248657226562	0.04682159423828125
5675021861.336664	0.02962493896484375	0.04680442810058594
5675028107.432855	0.030225753784179688	0.04659271240234375
5675034353.529044	0.029645919799804688	0.04708099365234375
5675040599.625235	0.02925872802734375	0.04719734191894531
5675046845.721424	0.029664993286132812	0.04758262634277344
5675053091.817614	0.029813766479492188	0.04814910888671875
5675059337.913804	0.029676437377929688	0.04689216613769531
5675065584.009994	0.030916213989257812	0.04756355285644531
5675071830.106184	0.030385971069335938	0.047122955322265625
5675078076.2023735	0.029535293579101562	0.04799652099609375
5675084322.298563	0.029836654663085938	0.04685783386230469
5675090568.394753	0.03038787841796875	0.04731178283691406
5675096814.490943	0.029819488525390625	0.048030853271484375
5675103060.587133	0.030286788940429688	0.04764747619628906
5675109306.683323	0.030841827392578125	0.046779632568359375
5675115552.779512	0.0318450927734375	0.04830741882324219
5675121798.875703	0.030168533325195312	0.04773521423339844
5675128044.971892	0.030574798583984375	0.048984527587890625
5675134291.068083	0.030534744262695312	0.047821044921875
5675140537.164272	0.030267715454101562	0.04818916320800781
5675146783.260462	0.0306243896484375	0.0491485595703125
5675153029.356652	0.031276702880859375	0.04926300048828125
5675159275.452842	0.030839920043945312	0.04852485656738281
5675165521.549032	0.03070831298828125	0.049251556396484375
5675171767.645222	0.030529022216796875	0.04882240295410156
5675178013.741411	0.031436920166015625	0.049594879150390625
5675184259.837602	0.03099822998046875	0.048370361328125
5675190505.933791	0.03164863586425781	0.0484466552734375
5675196752.029982	0.03195953369140625	0.0493621826171875
5675202998.126171	0.031574249267578125	0.04841804504394531
5675209244.222361	0.0318145751953125	0.049968719482421875
5675215490.318551	0.032070159912109375	0.0493621826171875
5675221736.414741	0.03141021728515625	0.049541473388671875
5675227982.510931	0.0320281982421875	0.048980712890625
5675234228.6071205	0.031696319580078125	0.04950714111328125
5675240474.70331	0.03246307373046875	0.049346923828125
5675246720.7995	0.031574249267578125	0.0500640869140625
5675252966.89569	0.031871795654296875	0.049266815185546875
5675259212.99188	0.031742095947265625	0.049358367919921875
5675265459.08807	0.0309295654296875	0.04959869384765625
5675271705.184259	0.0320587158203125	0.049259185791015625
5675277951.28045	0.031688690185546875	0.049106597900390625
5675284197.376639	0.03263092041015625	0.04973602294921875
5675290443.47283	0.032703399658203125	0.049793243408203125
5675296689.569019	0.032222747802734375	0.05004119873046875
5675302935.665209	0.0333099365234375	0.050525665283203125
5675309181.761399	0.032352447509765625	0.050151824951171875
5675315427.857589	0.032779693603515625	0.050304412841796875
5675321673.953779	0.03284454345703125	0.050830841064453125
5675327920.049969	0.032451629638671875	0.050312042236328125
5675334166.146158	0.032611846923828125	0.051227569580078125
5675340412.242349	0.03357696533203125	0.05005645751953125
5675346658.338538	0.03202056884765625	0.0496826171875
5675352904.434729	0.03256988525390625	0.050899505615234375
5675359150.530918	0.033046722412109375	0.050899505615234375
5675365396.627108	0.03360748291015625	0.051303863525390625
5675371642.723298	0.0332183837890625	0.050769805908203125
5675377888.819488	0.0341796875	0.05126953125
5675384134.915678	0.034069061279296875	0.05096435546875
5675390381.011868	0.03369140625	0.05149078369140625
5675396627.108057	0.033977508544921875	0.052127838134765625
5675402873.204247	0.034770965576171875	0.051639556884765625
5675409119.300437	0.0348052978515625	0.052703857421875
5675415365.396627	0.034473419189453125	0.051788330078125
5675421611.492817	0.03461456298828125	0.051509857177734375
5675427857.589006	0.0342559814453125	0.051860809326171875
5675434103.685197	0.033962249755859375	0.05158233642578125
5675440349.781386	0.03404998779296875	0.051227569580078125
5675446595.877577	0.034336090087890625	0.05127716064453125
5675452841.973766	0.03491973876953125	0.0519561767578125
5675459088.069956	0.034603118896484375	0.052249908447265625
5675465334.166146	0.03509521484375	0.05191802978515625
5675471580.262336	0.0354156494140625	0.051128387451171875
5675477826.358526	0.035068511962890625	0.0519561767578125
5675484072.454716	0.03631591796875	0.051906585693359375
5675490318.550905	0.035335540771484375	0.05188751220703125
5675496564.647096	0.035839080810546875	0.05181121826171875
5675502810.743285	0.036663055419921875	0.0525054931640625
5675509056.839476	0.036579132080078125	0.051868438720703125
5675515302.935665	0.036014556884765625	0.05257415771484375
5675521549.031855	0.035778045654296875	0.053035736083984375
5675527795.128045	0.036273956298828125	0.052677154541015625
5675534041.224235	0.037017822265625	0.052845001220703125
5675540287.320425	0.036449432373046875	0.052410125732421875
5675546533.416615	0.036407470703125	0.051845550537109375
5675552779.512804	0.03643798828125	0.052066802978515625
5675559025.6089945	0.035488128662109375	0.053600311279296875
5675565271.705184	0.035861968994140625	0.05287933349609375
5675571517.801374	0.0355987548828125	0.053249359130859375
5675577763.897564	0.036296844482421875	0.052734375
5675584009.993753	0.03633880615234375	0.05243682861328125
5675590256.089944	0.03662109375	0.052433013916015625
5675596502.186133	0.037326812744140625	0.05283355712890625
5675602748.282324	0.0383453369140625	0.052371978759765625
5675608994.378513	0.03852081298828125	0.05350494384765625
5675615240.474703	0.037487030029296875	0.05274200439453125
5675621486.570893	0.038970947265625	0.053508758544921875
5675627732.667083	0.03755950927734375	0.054046630859375
5675633978.763273	0.03826141357421875	0.052516937255859375
5675640224.859463	0.037776947021484375	0.0526885986328125
5675646470.955653	0.038608551025390625	0.052028656005859375
5675652717.051843	0.03881072998046875	0.0521240234375
5675658963.148032	0.0390472412109375	0.053676605224609375
5675665209.244223	0.039524078369140625	0.053371429443359375
5675671455.340412	0.038387298583984375	0.053005218505859375
5675677701.436603	0.037433624267578125	0.0532379150390625
5675683947.532792	0.03952789306640625	0.0538177490234375
5675690193.628982	0.039669036865234375	0.05312347412109375
5675696439.725172	0.0389556884765625	0.0523834228515625
5675702685.821362	0.03986358642578125	0.05332183837890625
5675708931.917552	0.039813995361328125	0.05335235595703125
5675715178.0137415	0.040374755859375	0.05373382568359375
5675721424.109931	0.0398101806640625	0.053279876708984375
5675727670.206121	0.040157318115234375	0.053279876708984375
5675733916.302311	0.04030609130859375	0.0540771484375
5675740162.398501	0.040195465087890625	0.05335235595703125
5675746408.494691	0.040477752685546875	0.0528564453125
5675752654.59088	0.04080963134765625	0.053455352783203125
5675758900.687071	0.040256500244140625	0.053073883056640625
5675765146.78326	0.04062652587890625	0.05328369140625
5675771392.879451	0.0408935546875	0.0546875
5675777638.97564	0.040477752685546875	0.053180694580078125
5675783885.07183	0.0416717529296875	0.053264617919921875
5675790131.16802	0.040985107421875	0.053394317626953125
5675796377.26421	0.041351318359375	0.053905487060546875
5675802623.3604	0.041881561279296875	0.052947998046875
5675808869.45659	0.0417938232421875	0.053478240966796875
5675815115.552779	0.041957855224609375	0.053775787353515625
5675821361.64897	0.0414886474609375	0.05394744873046875
5675827607.745159	0.04114532470703125	0.0539398193359375
5675833853.84135	0.04172515869140625	0.054111480712890625
5675840099.937539	0.042285919189453125	0.05307769775390625
5675846346.033729	0.041942596435546875	0.0549468994140625
5675852592.129919	0.042133331298828125	0.053432464599609375
5675858838.226109	0.04198455810546875	0.053249359130859375
5675865084.322299	0.043720245361328125	0.054325103759765625
5675871330.4184885	0.043247222900390625	0.053478240966796875
5675877576.514678	0.04257965087890625	0.0541534423828125
5675883822.610868	0.043392181396484375	0.054439544677734375
5675890068.707058	0.04341888427734375	0.053829193115234375
5675896314.803248	0.04422760009765625	0.054615020751953125
5675902560.899438	0.04433441162109375	0.053699493408203125
5675908806.995627	0.044261932373046875	0.05324554443359375
5675915053.091818	0.044597625732421875	0.05423736572265625
5675921299.188007	0.044467926025390625	0.0537872314453125
5675927545.284198	0.043956756591796875	0.053989410400390625
5675933791.380387	0.04400634765625	0.0543670654296875
5675940037.476577	0.04476165771484375	0.05389404296875
5675946283.572767	0.044849395751953125	0.053844451904296875
5675952529.668957	0.044925689697265625	0.05401611328125
5675958775.765147	0.044830322265625	0.05373382568359375
5675965021.861337	0.045207977294921875	0.054119110107421875
5675971267.957526	0.044597625732421875	0.053863525390625
5675977514.053717	0.045856475830078125	0.053050994873046875
5675983760.149906	0.0461578369140625	0.05405426025390625
5675990006.246097	0.04620361328125	0.05329132080078125
5675996252.342286	0.045452117919921875	0.05388641357421875
5676002498.438476	0.045734405517578125	0.053470611572265625
5676008744.534666	0.04526519775390625	0.05355072021484375
5676014990.630856	0.04677581787109375	0.0537109375
5676021236.727046	0.04630279541015625	0.053485870361328125
5676027482.8232355	0.04488372802734375	0.05371856689453125
5676033728.919425	0.045215606689453125	0.054203033447265625
5676039975.015615	0.047092437744140625	0.05457305908203125
5676046221.111805	0.046573638916015625	0.053958892822265625
5676052467.207995	0.047149658203125	0.053188323974609375
5676058713.304185	0.046985626220703125	0.05457305908203125
5676064959.400374	0.0480194091796875	0.054340362548828125
5676071205.496565	0.048038482666015625	0.054172515869140625
5676077451.592754	0.047882080078125	0.053493499755859375
5676083697.688945	0.04793548583984375	0.05328369140625
5676089943.785134	0.04860687255859375	0.05310821533203125
5676096189.881324	0.048252105712890625	0.05353546142578125
5676102435.977514	0.0495452880859375	0.05397796630859375
5676108682.073704	0.049407958984375	0.05304718017578125
5676114928.169894	0.0502166748046875	0.053192138671875
5676121174.266084	0.0484466552734375	0.05261993408203125
5676127420.362273	0.04961395263671875	0.05329132080078125
5676133666.458464	0.04946136474609375	0.05359649658203125
5676139912.554653	0.048870086669921875	0.0543365478515625
5676146158.650844	0.048709869384765625	0.0528411865234375
5676152404.747033	0.050098419189453125	0.052547454833984375
5676158650.843223	0.0499267578125	0.05278778076171875
5676164896.939413	0.050411224365234375	0.053417205810546875
5676171143.035603	0.05017852783203125	0.053203582763671875
5676177389.131793	0.05054473876953125	0.054172515869140625
5676183635.2279825	0.05002593994140625	0.053401947021484375
5676189881.324172	0.049922943115234375	0.052520751953125
5676196127.420362	0.050502777099609375	0.052425384521484375
5676202373.516552	0.051349639892578125	0.05274200439453125
5676208619.612742	0.050846099853515625	0.052135467529296875
5676214865.708932	0.051860809326171875	0.053531646728515625
5676221111.805121	0.050861358642578125	0.0516510009765625
5676227357.901312	0.052349090576171875	0.051990509033203125
5676233603.997501	0.052364349365234375	0.05292510986328125
5676239850.093692	0.051280975341796875	0.053249359130859375
5676246096.189881	0.050525665283203125	0.0518951416015625
5676252342.286071	0.051708221435546875	0.05206298828125
5676258588.382261	0.0524444580078125	0.052219390869140625
5676264834.478451	0.053142547607421875	0.05208587646484375
5676271080.574641	0.052112579345703125	0.052082061767578125
5676277326.670831	0.052997589111328125	0.05298614501953125
5676283572.76702	0.05228424072265625	0.05315399169921875
5676289818.863211	0.0531463623046875	0.05313873291015625
5676296064.9594	0.05231475830078125	0.052886962890625
5676302311.055591	0.05330657958984375	0.0530242919921875
5676308557.15178	0.05336761474609375	0.05254364013671875
5676314803.24797	0.053985595703125	0.052806854248046875
5676321049.34416	0.054241180419921875	0.05223846435546875
5676327295.44035	0.05455780029296875	0.052398681640625
5676333541.53654	0.05358123779296875	0.0523834228515625
5676339787.63273	0.0525970458984375	0.05251312255859375
5676346033.728919	0.0535125732421875	0.05145263671875
5676352279.8251095	0.054363250732421875	0.052211761474609375
5676358525.921299	0.054931640625	0.051700592041015625
5676364772.017489	0.054988861083984375	0.05280303955078125
5676371018.113679	0.0553741455078125	0.052013397216796875
5676377264.209868	0.05420684814453125	0.051509857177734375
5676383510.306059	0.055416107177734375	0.05204010009765625
5676389756.402248	0.054859161376953125	0.05243682861328125
5676396002.498439	0.055164337158203125	0.05146026611328125
5676402248.594628	0.056087493896484375	0.05223846435546875
5676408494.690818	0.055606842041015625	0.05169677734375
5676414740.787008	0.05517578125	0.051860809326171875
5676420986.883198	0.056064605712890625	0.0518646240234375
5676427232.979388	0.0554351806640625	0.05031585693359375
5676433479.075578	0.056049346923828125	0.051357269287109375
5676439725.171767	0.0572052001953125	0.05091094970703125
5676445971.267958	0.056427001953125	0.050441741943359375
5676452217.364147	0.057376861572265625	0.05060577392578125
5676458463.460338	0.056610107421875	0.050525665283203125
5676464709.556527	0.05663299560546875	0.05098724365234375
5676470955.652717	0.056514739990234375	0.051013946533203125
5676477201.748907	0.057300567626953125	0.05100250244140625
5676483447.845097	0.057373046875	0.0509033203125
5676489693.941287	0.057247161865234375	0.050975799560546875
5676495940.037477	0.057025909423828125	0.05074310302734375
5676502186.133666	0.05709075927734375	0.050533294677734375
5676508432.2298565	0.058193206787109375	0.050029754638671875
5676514678.326046	0.058017730712890625	0.049526214599609375
5676520924.422236	0.057621002197265625	0.050182342529296875
5676527170.518426	0.058078765869140625	0.0496978759765625
5676533416.614615	0.0588531494140625	0.050090789794921875
5676539662.710806	0.058837890625	0.049602508544921875
5676545908.806995	0.0599365234375	0.04912567138671875
5676552154.903186	0.059734344482421875	0.04978179931640625
5676558400.999375	0.059322357177734375	0.05017852783203125
5676564647.095565	0.05956268310546875	0.050441741943359375
5676570893.191755	0.058620452880859375	0.050518035888671875
5676577139.287945	0.060077667236328125	0.04854583740234375
5676583385.384135	0.059295654296875	0.04918670654296875
5676589631.480325	0.060832977294921875	0.049571990966796875
5676595877.576514	0.059539794921875	0.050182342529296875
5676602123.672705	0.06157684326171875	0.049652099609375
5676608369.768894	0.06089019775390625	0.049335479736328125
5676614615.865085	0.061115264892578125	0.04911041259765625
5676620861.961274	0.060443878173828125	0.049587249755859375
5676627108.057464	0.05998992919921875	0.049243927001953125
5676633354.153654	0.06009674072265625	0.049633026123046875
5676639600.249844	0.0612030029296875	0.048870086669921875
5676645846.346034	0.060916900634765625	0.04920196533203125
5676652092.442224	0.06150054931640625	0.0490570068359375
5676658338.538413	0.061855316162109375	0.049297332763671875
5676664584.6346035	0.06060791015625	0.048763275146484375
5676670830.730793	0.061153411865234375	0.0478668212890625
5676677076.826983	0.062042236328125	0.0488433837890625
5676683322.923173	0.061527252197265625	0.04824066162109375
5676689569.019362	0.0617523193359375	0.048717498779296875
5676695815.115553	0.06255340576171875	0.048038482666015625
5676702061.211742	0.06312179565429688	0.04900360107421875
5676708307.307933	0.0625457763671875	0.047145843505859375
5676714553.404122	0.062496185302734375	0.048389434814453125
5676720799.500312	0.0631256103515625	0.04848480224609375
5676727045.596502	0.0619964599609375	0.04746246337890625
5676733291.692692	0.06264114379882812	0.047916412353515625
5676739537.788882	0.06400680541992188	0.047119140625
5676745783.885072	0.06363296508789062	0.048095703125
5676752029.981261	0.06357955932617188	0.048076629638671875
5676758276.077452	0.06367111206054688	0.047336578369140625
5676764522.173641	0.06423568725585938	0.046875
5676770768.269832	0.0636749267578125	0.047027587890625
5676777014.366021	0.06414413452148438	0.046398162841796875
5676783260.462211	0.06458282470703125	0.046924591064453125
5676789506.558401	0.06492996215820312	0.0468292236328125
5676795752.654591	0.0650787353515625	0.046161651611328125
5676801998.750781	0.06489944458007812	0.0464324951171875
5676808244.846971	0.06378936767578125	0.04618072509765625
5676814490.94316	0.06534194946289062	0.046329498291015625
5676820737.0393505	0.06549835205078125	0.045940399169921875
5676826983.13554	0.06531143188476562	0.0467376708984375
5676833229.23173	0.06570816040039062	0.046085357666015625
5676839475.32792	0.06488800048828125	0.04524993896484375
5676845721.424109	0.06587600708007812	0.045993804931640625
5676851967.5203	0.06624221801757812	0.046092987060546875
5676858213.616489	0.06538772583007812	0.045345306396484375
5676864459.71268	0.06558990478515625	0.04486083984375
5676870705.808869	0.0664215087890625	0.045318603515625
5676876951.90506	0.06542205810546875	0.045207977294921875
5676883198.001249	0.0665283203125	0.04567718505859375
5676889444.097439	0.06685256958007812	0.04468536376953125
5676895690.193629	0.06704330444335938	0.04608917236328125
5676901936.289819	0.06547927856445312	0.044269561767578125
5676908182.386009	0.06668472290039062	0.044849395751953125
5676914428.482199	0.06711959838867188	0.044353485107421875
5676920674.578388	0.06655502319335938	0.043857574462890625
5676926920.674579	0.0670928955078125	0.04413604736328125
5676933166.770768	0.067291259765625	0.044742584228515625
5676939412.866959	0.06727218627929688	0.045440673828125
5676945658.963148	0.06823348999023438	0.04314422607421875
5676951905.059338	0.0687713623046875	0.044342041015625
5676958151.155528	0.06786727905273438	0.04424285888671875
5676964397.251718	0.06749343872070312	0.043609619140625
5676970643.347908	0.06807327270507812	0.0431976318359375
5676976889.4440975	0.06780624389648438	0.04337310791015625
5676983135.540287	0.06728363037109375	0.04296112060546875
5676989381.636477	0.06783294677734375	0.04349517822265625
5676995627.732667	0.067962646484375	0.04363250732421875
5677001873.828857	0.069854736328125	0.043636322021484375
5677008119.925047	0.06868743896484375	0.042537689208984375
5677014366.021236	0.06845855712890625	0.042812347412109375
5677020612.117427	0.06996917724609375	0.04315185546875
5677026858.213616	0.06945037841796875	0.042705535888671875
5677033104.309807	0.06881332397460938	0.043186187744140625
5677039350.405996	0.0688934326171875	0.04143524169921875
5677045596.502186	0.06937026977539062	0.04227447509765625
5677051842.598376	0.06974029541015625	0.042659759521484375
5677058088.694566	0.07042694091796875	0.041652679443359375
5677064334.790756	0.06963348388671875	0.04204559326171875
5677070580.886946	0.07024002075195312	0.042209625244140625
5677076826.983135	0.07149887084960938	0.04233551025390625
5677083073.079326	0.0708160400390625	0.0410003662109375
5677089319.175515	0.070709228515625	0.041229248046875
5677095565.271706	0.0714569091796875	0.04164886474609375
5677101811.367895	0.07061767578125	0.04174041748046875
5677108057.464085	0.07056045532226562	0.04212188720703125
5677114303.560275	0.07069778442382812	0.041717529296875
5677120549.656465	0.06951522827148438	0.040401458740234375
5677126795.752655	0.07062911987304688	0.041065216064453125
5677133041.848845	0.07076263427734375	0.041370391845703125
5677139287.945034	0.07054519653320312	0.04102325439453125
5677145534.0412245	0.07101058959960938	0.03997802734375
5677151780.137414	0.07121658325195312	0.040843963623046875
5677158026.233604	0.07138824462890625	0.040897369384765625
5677164272.329794	0.07207107543945312	0.04071807861328125
5677170518.425983	0.07197952270507812	0.040069580078125
5677176764.522174	0.07137298583984375	0.03969573974609375
5677183010.618363	0.07269668579101562	0.03912353515625
5677189256.714554	0.07311630249023438	0.0394744873046875
5677195502.810743	0.07175827026367188	0.04021453857421875
5677201748.906933	0.07186508178710938	0.04056549072265625
5677207995.003123	0.073822021484375	0.03934478759765625
5677214241.099313	0.07308197021484375	0.0402984619140625
5677220487.195503	0.07300186157226562	0.03864288330078125
5677226733.291693	0.0730133056640625	0.0389251708984375
5677232979.387882	0.07396316528320312	0.039051055908203125
5677239225.484073	0.0737762451171875	0.0385589599609375
5677245471.580262	0.07343673706054688	0.039157867431640625
5677251717.676453	0.07308197021484375	0.03894805908203125
5677257963.772642	0.07303619384765625	0.0376129150390625
5677264209.868832	0.07357406616210938	0.038898468017578125
5677270455.965022	0.07437515258789062	0.03668975830078125
5677276702.061212	0.0737762451171875	0.037441253662109375
5677282948.157402	0.07381057739257812	0.038318634033203125
5677289194.253592	0.0734100341796875	0.037509918212890625
5677295440.349781	0.07381057739257812	0.03887176513671875
5677301686.4459715	0.07471847534179688	0.03802490234375
5677307932.542161	0.07331466674804688	0.037220001220703125
5677314178.638351	0.07384490966796875	0.03693389892578125
5677320424.734541	0.07465744018554688	0.037078857421875
5677326670.83073	0.07411956787109375	0.0371246337890625
5677332916.926921	0.07524490356445312	0.036434173583984375
5677339163.02311	0.07433319091796875	0.036651611328125
5677345409.119301	0.07450485229492188	0.036468505859375
5677351655.21549	0.0749664306640625	0.036945343017578125
5677357901.31168	0.07440185546875	0.03473663330078125
5677364147.40787	0.07448577880859375	0.036525726318359375
5677370393.50406	0.07416534423828125	0.0358734130859375
5677376639.60025	0.07501983642578125	0.035434722900390625
5677382885.69644	0.07571792602539062	0.0352783203125
5677389131.792629	0.07547378540039062	0.035892486572265625
5677395377.88882	0.07545852661132812	0.034824371337890625
5677401623.985009	0.07545852661132812	0.0355682373046875
5677407870.0812	0.07617568969726562	0.035503387451171875
5677414116.177389	0.07555389404296875	0.03536224365234375
5677420362.273579	0.07542800903320312	0.035274505615234375
5677426608.369769	0.07523727416992188	0.035274505615234375
5677432854.465959	0.07612228393554688	0.035114288330078125
5677439100.562149	0.07573699951171875	0.03548431396484375
5677445346.658339	0.07587051391601562	0.034481048583984375
5677451592.754528	0.07622146606445312	0.033447265625
5677457838.8507185	0.07644271850585938	0.035541534423828125
5677464084.946908	0.0766754150390625	0.034942626953125
5677470331.043098	0.07669448852539062	0.033748626708984375
5677476577.139288	0.0771484375	0.034107208251953125
5677482823.235477	0.07750701904296875	0.032474517822265625
5677489069.331668	0.07676315307617188	0.032855987548828125
5677495315.427857	0.07622146606445312	0.033847808837890625
5677501561.524048	0.07585906982421875	0.03282928466796875
5677507807.620237	0.07699966430664062	0.0338897705078125
5677514053.716427	0.07728958129882812	0.033451080322265625
5677520299.812617	0.07750701904296875	0.032657623291015625
5677526545.908807	0.07676315307617188	0.03272247314453125
5677532792.004997	0.07797622680664062	0.032634735107421875
5677539038.101187	0.0776519775390625	0.03290557861328125
5677545284.197376	0.0778350830078125	0.031757354736328125
5677551530.293567	0.07769393920898438	0.032787322998046875
5677557776.389756	0.078338623046875	0.031795501708984375
5677564022.485947	0.07808303833007812	0.032367706298828125
5677570268.582136	0.07743453979492188	0.0316009521484375
5677576514.678326	0.0781707763671875	0.03166961669921875
5677582760.774516	0.0784912109375	0.030872344970703125
5677589006.870706	0.07923126220703125	0.03173828125
5677595252.966896	0.07847213745117188	0.0311737060546875
5677601499.063086	0.07829666137695312	0.0298309326171875
5677607745.159275	0.07822418212890625	0.031032562255859375
5677613991.2554655	0.077789306640625	0.031230926513671875
5677620237.351655	0.07883453369140625	0.030055999755859375
5677626483.447845	0.07849884033203125	0.030635833740234375
5677632729.544035	0.0800933837890625	0.0296478271484375
5677638975.640224	0.07873916625976562	0.029827117919921875
5677645221.736415	0.079803466796875	0.029888153076171875
5677651467.832604	0.0785675048828125	0.029537200927734375
5677657713.928795	0.0798797607421875	0.029811859130859375
5677663960.024984	0.07949066162109375	0.030460357666015625
5677670206.121174	0.07873153686523438	0.030059814453125
5677676452.217364	0.07874298095703125	0.030101776123046875
5677682698.313554	0.08007431030273438	0.0287322998046875
5677688944.409744	0.07941818237304688	0.0287628173828125
5677695190.505934	0.07964324951171875	0.02825164794921875
5677701436.602123	0.0802001953125	0.028553009033203125
5677707682.698314	0.079376220703125	0.0282745361328125
5677713928.794503	0.07960128784179688	0.028759002685546875
5677720174.890694	0.07944488525390625	0.028839111328125
5677726420.986883	0.07924652099609375	0.028076171875
5677732667.083073	0.08020401000976562	0.027172088623046875
5677738913.179263	0.0802154541015625	0.02758026123046875
5677745159.275453	0.0801849365234375	0.027271270751953125
5677751405.371643	0.07982254028320312	0.02758026123046875
5677757651.467833	0.08000946044921875	0.0280303955078125
5677763897.564022	0.0807952880859375	0.02685546875
5677770143.6602125	0.0809173583984375	0.027469635009765625
5677776389.756402	0.08110809326171875	0.02657318115234375
5677782635.852592	0.080474853515625	0.026699066162109375
5677788881.948782	0.0815887451171875	0.02623748779296875
5677795128.044971	0.08126068115234375	0.0259857177734375
5677801374.141162	0.08012008666992188	0.0270233154296875
5677807620.237351	0.08089447021484375	0.0266571044921875
5677813866.333542	0.0818328857421875	0.026729583740234375
5677820112.429731	0.08079147338867188	0.02660369873046875
5677826358.525921	0.0821533203125	0.025371551513671875
5677832604.622111	0.08043670654296875	0.025909423828125
5677838850.718301	0.08162307739257812	0.02677154541015625
5677845096.814491	0.08170318603515625	0.0250396728515625
5677851342.910681	0.08126068115234375	0.024593353271484375
5677857589.00687	0.08102035522460938	0.02605438232421875
5677863835.103061	0.08153533935546875	0.0257415771484375
5677870081.19925	0.081573486328125	0.024139404296875
5677876327.295441	0.08108139038085938	0.024929046630859375
5677882573.39163	0.08247756958007812	0.023891448974609375
5677888819.48782	0.08196640014648438	0.024471282958984375
5677895065.58401	0.08202362060546875	0.02388763427734375
5677901311.6802	0.0822601318359375	0.02410125732421875
5677907557.77639	0.08202362060546875	0.024440765380859375
5677913803.87258	0.08180618286132812	0.022487640380859375
5677920049.968769	0.08249664306640625	0.0237274169921875
5677926296.06496	0.0824737548828125	0.02323150634765625
5677932542.161149	0.08244705200195312	0.024150848388671875
5677938788.2573395	0.08194732666015625	0.02207183837890625
5677945034.353529	0.08246612548828125	0.0229034423828125
5677951280.449718	0.08207321166992188	0.0228424072265625
5677957526.545909	0.08214950561523438	0.02234649658203125
5677963772.642098	0.08289337158203125	0.021976470947265625
5677970018.738289	0.08201980590820312	0.023258209228515625
5677976264.834478	0.08298110961914062	0.0229034423828125
5677982510.930668	0.0828399658203125	0.023464202880859375
5677988757.026858	0.083221435546875	0.02205657958984375
5677995003.123048	0.08338165283203125	0.021015167236328125
5678001249.219238	0.0836944580078125	0.021686553955078125
5678007495.315428	0.0838470458984375	0.021343231201171875
5678013741.411617	0.0827789306640625	0.020702362060546875
5678019987.507808	0.08277511596679688	0.021244049072265625
5678026233.603997	0.08422470092773438	0.0212249755859375
5678032479.700188	0.08269882202148438	0.021728515625
5678038725.796377	0.08292770385742188	0.020816802978515625
5678044971.892567	0.08336257934570312	0.021160125732421875
5678051217.988757	0.08334732055664062	0.02124786376953125
5678057464.084947	0.0836639404296875	0.020389556884765625
5678063710.181137	0.08304595947265625	0.01985931396484375
5678069956.277327	0.08359146118164062	0.019775390625
5678076202.373516	0.084564208984375	0.02050018310546875
5678082448.469707	0.0848388671875	0.020111083984375
5678088694.565896	0.08416748046875	0.019962310791015625
5678094940.6620865	0.0834197998046875	0.018917083740234375
5678101186.758276	0.08290481567382812	0.01895904541015625
5678107432.8544655	0.08364486694335938	0.018810272216796875
5678113678.950656	0.08373641967773438	0.019073486328125
5678119925.046845	0.08399581909179688	0.019474029541015625
5678126171.143036	0.08353424072265625	0.018383026123046875
5678132417.239225	0.0842437744140625	0.01863861083984375
5678138663.335416	0.08434677124023438	0.01812744140625
5678144909.431605	0.0838470458984375	0.017910003662109375
5678151155.527795	0.0836334228515625	0.018817901611328125
5678157401.623985	0.084686279296875	0.0177459716796875
5678163647.720175	0.08483123779296875	0.017055511474609375
5678169893.816365	0.08408355712890625	0.0182037353515625
5678176139.912555	0.08459854125976562	0.018085479736328125
5678182386.008744	0.08477401733398438	0.01644134521484375
5678188632.104935	0.085601806640625	0.01732635498046875
5678194878.201124	0.08504867553710938	0.017578125
5678201124.297315	0.0839996337890625	0.01663970947265625
5678207370.393504	0.0856170654296875	0.01718902587890625
5678213616.489694	0.08437347412109375	0.01700592041015625
5678219862.585884	0.08518600463867188	0.016452789306640625
5678226108.682074	0.08436965942382812	0.014827728271484375
5678232354.778264	0.08449554443359375	0.01515960693359375
5678238600.874454	0.08436965942382812	0.0156707763671875
5678244846.970643	0.08521270751953125	0.015949249267578125
5678251093.0668335	0.08509063720703125	0.014995574951171875
5678257339.163023	0.0849151611328125	0.015354156494140625
5678263585.259213	0.08583831787109375	0.0159454345703125
5678269831.355403	0.0855712890625	0.015232086181640625
5678276077.451592	0.08606719970703125	0.0148773193359375
5678282323.547783	0.08547592163085938	0.014331817626953125
5678288569.643972	0.0863494873046875	0.01509857177734375
5678294815.740163	0.08562850952148438	0.013946533203125
5678301061.836352	0.08484268188476562	0.0148468017578125
5678307307.932542	0.08563995361328125	0.01473236083984375
5678313554.028732	0.08609390258789062	0.01421356201171875
5678319800.124922	0.08612442016601562	0.014339447021484375
5678326046.221112	0.0857696533203125	0.0144195556640625
5678332292.317302	0.085296630859375	0.013217926025390625
5678338538.413491	0.0866851806640625	0.01332855224609375
5678344784.509682	0.08692169189453125	0.012481689453125
5678351030.605871	0.0856475830078125	0.01305389404296875
5678357276.702062	0.08531951904296875	0.01276397705078125
5678363522.798251	0.08609390258789062	0.012523651123046875
5678369768.894441	0.08615493774414062	0.012420654296875
5678376014.990631	0.08531570434570312	0.01324462890625
5678382261.086821	0.08646392822265625	0.011829376220703125
5678388507.183011	0.08661270141601562	0.012332916259765625
5678394753.279201	0.08599853515625	0.01165008544921875
5678400999.37539	0.08681106567382812	0.0115203857421875
5678407245.4715805	0.08539199829101562	0.010768890380859375
5678413491.56777	0.08580780029296875	0.011566162109375
5678419737.66396	0.08696746826171875	0.011745452880859375
5678425983.76015	0.08636093139648438	0.010974884033203125
5678432229.856339	0.08613204956054688	0.0110015869140625
5678438475.95253	0.08647918701171875	0.01113128662109375
5678444722.048719	0.08712005615234375	0.01059722900390625
5678450968.14491	0.08626174926757812	0.011081695556640625
5678457214.241099	0.0857086181640625	0.010406494140625
5678463460.337289	0.08728408813476562	0.010524749755859375
5678469706.433479	0.08693695068359375	0.009429931640625
5678475952.529669	0.08531951904296875	0.010906219482421875
5678482198.625859	0.0860137939453125	0.009624481201171875
5678488444.722049	0.08701324462890625	0.00970458984375
5678494690.818238	0.08641433715820312	0.0094451904296875
5678500936.914429	0.08660125732421875	0.00958251953125
5678507183.010618	0.08613967895507812	0.0098114013671875
5678513429.106809	0.08714675903320312	0.008472442626953125
5678519675.202998	0.08612060546875	0.009075164794921875
5678525921.299188	0.0865325927734375	0.007884979248046875
5678532167.395378	0.08669281005859375	0.009014129638671875
5678538413.491568	0.0876922607421875	0.0076141357421875
5678544659.587758	0.087554931640625	0.008678436279296875
5678550905.683948	0.086700439453125	0.008907318115234375
5678557151.780137	0.0863494873046875	0.007900238037109375
5678563397.8763275	0.0873870849609375	0.00766754150390625
5678569643.972517	0.086273193359375	0.007740020751953125
5678575890.068707	0.08752059936523438	0.00789642333984375
5678582136.164897	0.08704757690429688	0.00783538818359375
5678588382.261086	0.08742523193359375	0.006732940673828125
5678594628.357277	0.08766555786132812	0.007171630859375
5678600874.453466	0.08731842041015625	0.007259368896484375
5678607120.549657	0.08792495727539062	0.006786346435546875
5678613366.645846	0.08661270141601562	0.006267547607421875
5678619612.742036	0.08687973022460938	0.0056304931640625
5678625858.838226	0.08732223510742188	0.00628662109375
5678632104.934416	0.08804702758789062	0.006954193115234375
5678638351.030606	0.08725357055664062	0.0070953369140625
5678644597.126796	0.08756256103515625	0.00571441650390625
5678650843.222985	0.08718490600585938	0.005527496337890625
5678657089.319176	0.08716201782226562	0.0059814453125
5678663335.415365	0.08778762817382812	0.00501251220703125
5678669581.511556	0.08863067626953125	0.005077362060546875
5678675827.607745	0.08676910400390625	0.00502777099609375
5678682073.703935	0.08719635009765625	0.0047454833984375
5678688319.800125	0.0875244140625	0.005054473876953125
5678694565.896315	0.08829879760742188	0.0044708251953125
5678700811.992505	0.0876312255859375	0.004863739013671875
5678707058.088695	0.08795547485351562	0.005199432373046875
5678713304.184884	0.08836746215820312	0.00359344482421875
5678719550.281075	0.08791351318359375	0.004039764404296875
5678725796.377264	0.08845901489257812	0.005176544189453125
5678732042.473454	0.08822250366210938	0.003459930419921875
5678738288.569644	0.08744049072265625	0.00372314453125
5678744534.665833	0.08676528930664062	0.00392913818359375
5678750780.762024	0.08777236938476562	0.002696990966796875
5678757026.858213	0.08757781982421875	0.0032196044921875
5678763272.954404	0.08887863159179688	0.00234222412109375
5678769519.050593	0.08873367309570312	0.002811431884765625
5678775765.146783	0.0868988037109375	0.0023956298828125
5678782011.242973	0.08752822875976562	0.0015869140625
5678788257.339163	0.08691024780273438	0.001499176025390625
5678794503.435353	0.08778762817382812	0.0015411376953125
5678800749.531543	0.08828353881835938	0.00244140625
5678806995.627732	0.0879669189453125	0.0012664794921875
5678813241.723923	0.08754730224609375	0.001556396484375
5678819487.820112	0.08789825439453125	0.001628875732421875
5678825733.916303	0.0878753662109375	0.001216888427734375
5678831980.012492	0.08855056762695312	0.00128173828125
5678838226.108682	0.08849334716796875	0.00113677978515625
5678844472.204872	0.08810806274414062	0.00154876708984375
5678850718.301062	0.08863067626953125	0.000225067138671875
5678856964.397252	0.08803558349609375	0.00119781494140625
5678863210.493442	0.08773422241210938	0.00098419189453125
5678869456.589631	0.0874176025390625	0.00031280517578125
5678875702.685822	0.087005615234375	-0.0007476806640625
5678881948.782011	0.08856964111328125	-0.0006256103515625
5678888194.8782015	0.08876800537109375	-0.000457763671875
5678894440.974391	0.08814620971679688	-0.000827789306640625
5678900687.0705805	0.0882110595703125	-0.000698089599609375
5678906933.166771	0.0878753662109375	-0.000247955322265625
5678913179.26296	0.0877532958984375	-0.000400543212890625
5678919425.359151	0.087310791015625	-0.00093841552734375
5678925671.45534	0.08750152587890625	-0.00089263916015625
5678931917.55153	0.0874481201171875	-0.001708984375
5678938163.64772	0.08849334716796875	-0.00109100341796875
5678944409.74391	0.0879364013671875	-0.001728057861328125
5678950655.8401	0.08718490600585938	-0.001819610595703125
5678956901.93629	0.08757781982421875	-0.001804351806640625
5678963148.032479	0.08818817138671875	-0.00188446044921875
5678969394.12867	0.08871078491210938	-0.00185394287109375
5678975640.224859	0.08729171752929688	-0.002094268798828125
5678981886.32105	0.08834457397460938	-0.003139495849609375
5678988132.417239	0.08736038208007812	-0.002368927001953125
5678994378.513429	0.08752822875976562	-0.00327301025390625
5679000624.609619	0.08857345581054688	-0.002933502197265625
5679006870.705809	0.0876922607421875	-0.0038909912109375
5679013116.801999	0.08797073364257812	-0.00373077392578125
5679019362.898189	0.08777618408203125	-0.0036773681640625
5679025608.994378	0.08743667602539062	-0.0037384033203125
5679031855.090569	0.08781814575195312	-0.003631591796875
5679038101.186758	0.08795166015625	-0.003795623779296875
5679044347.2829485	0.08834457397460938	-0.003894805908203125
5679050593.379138	0.08913040161132812	-0.0039520263671875
5679056839.4753275	0.08806991577148438	-0.005096435546875
5679063085.571518	0.0882415771484375	-0.004566192626953125
5679069331.667707	0.08779525756835938	-0.005054473876953125
5679075577.763898	0.0880889892578125	-0.00505828857421875
5679081823.860087	0.08795166015625	-0.00492095947265625
5679088069.956277	0.08825302124023438	-0.00481414794921875
5679094316.052467	0.08788681030273438	-0.005001068115234375
5679100562.148657	0.08787155151367188	-0.004932403564453125
5679106808.244847	0.08778762817382812	-0.004695892333984375
5679113054.341037	0.0891265869140625	-0.00563812255859375
5679119300.437226	0.08780288696289062	-0.0061187744140625
5679125546.533417	0.08791351318359375	-0.005916595458984375
5679131792.629606	0.08844375610351562	-0.00664520263671875
5679138038.725797	0.08766555786132812	-0.005443572998046875
5679144284.821986	0.08727264404296875	-0.005786895751953125
5679150530.918176	0.08871841430664062	-0.006748199462890625
5679156777.014366	0.08709335327148438	-0.00823211669921875
5679163023.110556	0.08866119384765625	-0.007076263427734375
5679169269.206746	0.08846282958984375	-0.0066680908203125
5679175515.302936	0.08768081665039062	-0.00807952880859375
5679181761.399125	0.0872802734375	-0.007671356201171875
5679188007.495316	0.08881378173828125	-0.00860595703125
5679194253.591505	0.08805084228515625	-0.007205963134765625
5679200499.6876955	0.08668899536132812	-0.006984710693359375
5679206745.783885	0.08793258666992188	-0.008113861083984375
5679212991.8800745	0.08795166015625	-0.00814056396484375
5679219237.976265	0.08774185180664062	-0.00928497314453125
5679225484.072454	0.08869552612304688	-0.00811004638671875
5679231730.168645	0.087646484375	-0.00893402099609375
5679237976.264834	0.08719253540039062	-0.00887298583984375
5679244222.361024	0.0875091552734375	-0.007991790771484375
5679250468.457214	0.08819198608398438	-0.00972747802734375
5679256714.553404	0.0876922607421875	-0.00916290283203125
5679262960.649594	0.08760452270507812	-0.008510589599609375
5679269206.745784	0.08829879760742188	-0.008880615234375
5679275452.841973	0.08721160888671875	-0.009647369384765625
5679281698.938164	0.08730697631835938	-0.00948333740234375
5679287945.034353	0.08795547485351562	-0.00983428955078125
5679294191.130544	0.08771133422851562	-0.010509490966796875
5679300437.226733	0.08800888061523438	-0.00911712646484375
5679306683.322923	0.0875701904296875	-0.009883880615234375
5679312929.419113	0.08758544921875	-0.0110626220703125
5679319175.515303	0.08755111694335938	-0.010364532470703125
5679325421.611493	0.08723831176757812	-0.01039886474609375
5679331667.707683	0.0879974365234375	-0.0105133056640625
5679337913.803872	0.08792877197265625	-0.0111236572265625
5679344159.900063	0.08814239501953125	-0.01104736328125
5679350405.996252	0.08680343627929688	-0.0120697021484375
5679356652.0924425	0.08777618408203125	-0.011539459228515625
5679362898.188632	0.08703231811523438	-0.01201629638671875
5679369144.284822	0.0872802734375	-0.011562347412109375
5679375390.381012	0.08846282958984375	-0.01357269287109375
5679381636.477201	0.0872650146484375	-0.013034820556640625
5679387882.573392	0.08789825439453125	-0.011837005615234375
5679394128.669581	0.0868377685546875	-0.012050628662109375
5679400374.765772	0.08861160278320312	-0.012531280517578125
5679406620.861961	0.0876617431640625	-0.013057708740234375
5679412866.958151	0.08805084228515625	-0.01288604736328125
5679419113.054341	0.0881805419921875	-0.013530731201171875
5679425359.150531	0.087554931640625	-0.0135498046875
5679431605.246721	0.08703231811523438	-0.0135040283203125
5679437851.342911	0.08727645874023438	-0.012584686279296875
5679444097.4391	0.0874786376953125	-0.01399993896484375
5679450343.535291	0.08790969848632812	-0.014659881591796875
5679456589.63148	0.087677001953125	-0.01422119140625
5679462835.727671	0.08718109130859375	-0.01259613037109375
5679469081.82386	0.08721923828125	-0.014034271240234375
5679475327.92005	0.08783340454101562	-0.01378631591796875
5679481574.01624	0.08626556396484375	-0.015338897705078125
5679487820.11243	0.08719635009765625	-0.015560150146484375
5679494066.20862	0.08713912963867188	-0.014736175537109375
5679500312.30481	0.0884857177734375	-0.01467132568359375
5679506558.400999	0.087005615234375	-0.01642608642578125
5679512804.4971895	0.08682632446289062	-0.015010833740234375
5679519050.593379	0.08747482299804688	-0.01566314697265625
5679525296.689569	0.0864105224609375	-0.016510009765625
5679531542.785759	0.086822509765625	-0.01605987548828125
5679537788.881948	0.0879669189453125	-0.0159912109375
5679544034.978139	0.08736801147460938	-0.01592254638671875
5679550281.074328	0.08774948120117188	-0.016651153564453125
5679556527.170519	0.08751296997070312	-0.017303466796875
5679562773.266708	0.08774948120117188	-0.0159454345703125
5679569019.362898	0.08787155151367188	-0.017353057861328125
5679575265.459088	0.08705902099609375	-0.01611328125
5679581511.555278	0.08752822875976562	-0.01621246337890625
5679587757.651468	0.08747482299804688	-0.01677703857421875
5679594003.747658	0.08682632446289062	-0.017398834228515625
5679600249.843847	0.08669281005859375	-0.0180816650390625
5679606495.940038	0.08689498901367188	-0.01824951171875
5679612742.036227	0.08668136596679688	-0.017581939697265625
5679618988.132418	0.08726882934570312	-0.01811981201171875
5679625234.228607	0.08713531494140625	-0.018093109130859375
5679631480.324797	0.08658981323242188	-0.01788330078125
5679637726.420987	0.08644866943359375	-0.01888275146484375
5679643972.517177	0.0866241455078125	-0.01744842529296875
5679650218.613367	0.0874176025390625	-0.01837158203125
5679656464.709557	0.08708953857421875	-0.018390655517578125
5679662710.805746	0.08692169189453125	-0.01847076416015625
5679668956.901937	0.08653640747070312	-0.01906585693359375
5679675202.998126	0.08624649047851562	-0.019420623779296875
5679681449.0943165	0.08668899536132812	-0.0192108154296875
5679687695.190506	0.08605194091796875	-0.019680023193359375
5679693941.2866955	0.08648681640625	-0.0190887451171875
5679700187.382886	0.08643341064453125	-0.020320892333984375
5679706433.479075	0.08591461181640625	-0.01941680908203125
5679712679.575266	0.08604049682617188	-0.02075958251953125
5679718925.671455	0.08643341064453125	-0.0200042724609375
5679725171.767645	0.08622360229492188	-0.02161407470703125
5679731417.863835	0.08592605590820312	-0.0205535888671875
5679737663.960025	0.08606338500976562	-0.020488739013671875
5679743910.056215	0.08734893798828125	-0.0213165283203125
5679750156.152405	0.08585739135742188	-0.021800994873046875
5679756402.248594	0.08680343627929688	-0.021694183349609375
5679762648.344785	0.08588790893554688	-0.021091461181640625
5679768894.440974	0.08556365966796875	-0.02153778076171875
5679775140.537165	0.08487319946289062	-0.021942138671875
5679781386.633354	0.0865020751953125	-0.021602630615234375
5679787632.729544	0.08642196655273438	-0.022533416748046875
5679793878.825734	0.085357666015625	-0.02243804931640625
5679800124.921924	0.08618545532226562	-0.02236175537109375
5679806371.018114	0.086334228515625	-0.02225494384765625
5679812617.114304	0.08563613891601562	-0.023040771484375
5679818863.210493	0.08696365356445312	-0.022655487060546875
5679825109.306684	0.08629608154296875	-0.023220062255859375
5679831355.402873	0.08649063110351562	-0.022617340087890625
5679837601.4990635	0.0851287841796875	-0.023609161376953125
5679843847.595253	0.0862884521484375	-0.0236358642578125
5679850093.6914425	0.08577728271484375	-0.024616241455078125
5679856339.787633	0.08602142333984375	-0.02396392822265625
5679862585.883822	0.08581924438476562	-0.02361297607421875
5679868831.980013	0.08472442626953125	-0.024494171142578125
5679875078.076202	0.08620071411132812	-0.0238189697265625
5679881324.172392	0.08554840087890625	-0.024822235107421875
5679887570.268582	0.0858306884765625	-0.024784088134765625
5679893816.364772	0.08562469482421875	-0.024871826171875
5679900062.460962	0.08599853515625	-0.025806427001953125
5679906308.557152	0.08631515502929688	-0.02436065673828125
5679912554.653341	0.08525466918945312	-0.02503204345703125
5679918800.749532	0.08407211303710938	-0.025360107421875
5679925046.845721	0.08484268188476562	-0.02538299560546875
5679931292.941912	0.0850372314453125	-0.02596282958984375
5679937539.038101	0.08585357666015625	-0.024982452392578125
5679943785.134291	0.08446502685546875	-0.0256805419921875
5679950031.230481	0.0845947265625	-0.02550506591796875
5679956277.326671	0.08580398559570312	-0.02642059326171875
5679962523.422861	0.08565521240234375	-0.026630401611328125
5679968769.519051	0.0848541259765625	-0.025936126708984375
5679975015.61524	0.0848541259765625	-0.02596282958984375
5679981261.711431	0.08474349975585938	-0.026424407958984375
5679987507.80762	0.08432388305664062	-0.026641845703125
