5316462523.422861	-48.14337290230159	0.4328925974130157
5316500000.0	-48.277247459410916	0.4364172322249016
5316537476.577139	-47.64569613036716	0.4549900406040063
5316574953.154279	-48.07257845990173	0.4796494444529634
5316612429.731418	-48.31565651814269	0.42727412712776514
5316649906.3085575	-48.074246788559016	0.47556764921425715
5316687382.885696	-48.22738567441856	0.46780167443043014
5316724859.462835	-48.17134532779595	0.4662366306710959
5316762336.039975	-47.867012836272984	0.489990497661437
5316799812.617114	-47.72501635607255	0.4724453133966125
5316837289.194254	-47.784763961429434	0.48586828226874734
5316874765.771393	-48.2229494607655	0.48698257087350943
5316912242.348532	-48.22872624030032	0.49811788995415696
5316949718.925672	-47.94267503648921	0.49776891391203193
5316987195.5028105	-47.94595423132898	0.49570661947733524
5317024672.07995	-47.82746751050802	0.49637525242244157
5317062148.657089	-48.1551817699203	0.5388169713160612
5317099625.234228	-47.8907758721087	0.5086396356486922
5317137101.811368	-48.037161755518085	0.5526935390275246
5317174578.388507	-48.161778497468035	0.5403533423655743
5317212054.965647	-47.753427963849646	0.559175186538337
5317249531.542786	-47.85952913356261	0.5406071199475387
5317287008.1199255	-48.048747052701515	0.5420019570152538
5317324484.697064	-47.97982878289548	0.5491302809077042
5317361961.274203	-48.05507812178127	0.5565057571311635
5317399437.851343	-48.16591496986979	0.5607624862311054
5317436914.428482	-47.88670390816521	0.5661862933736241
5317474391.005622	-47.874209755737745	0.5981087953367624
5317511867.582761	-48.44630147512796	0.6076718536055783
5317549344.1599	-47.943247901086814	0.5755458734888993
5317586820.73704	-48.26961633261023	0.6108981017999514
5317624297.314178	-48.13436126612178	0.6119463882579553
5317661773.891318	-47.808640820230494	0.6226156149218052
5317699250.468457	-47.96057733066087	0.5994178347850898
5317736727.045596	-48.16656494017444	0.6359399572925125
5317774203.622736	-48.21759164805787	0.6117985931626212
5317811680.199875	-47.96932822038208	0.6261005406768787
5317849156.777015	-47.66271248446115	0.637731533339322
5317886633.354154	-48.04052352336575	0.6631281806261883
5317924109.931293	-48.08315787856627	0.6568590525609047
5317961586.508432	-48.28565819154315	0.638639274115155
5317999063.085571	-47.97363102553565	0.6639573024398151
5318036539.662711	-47.78599316541473	0.6699076388387462
5318074016.23985	-48.02703710205401	0.6692953271392168
5318111492.816989	-47.530655766604994	0.6912983015460835
5318148969.394129	-47.6968460532766	0.6796581846190517
5318186445.971268	-47.967161043716715	0.70320850452252
5318223922.548408	-47.97725110469451	0.691088327630237
5318261399.125546	-48.21059872591022	0.7362608730243408
5318298875.702685	-47.93067003306177	0.6966107774487313
5318336352.279825	-48.13495270092035	0.7109313836106241
5318373828.856964	-47.74723563087121	0.7293460880389827
5318411305.434104	-47.84980181555571	0.7052152859585503
5318448782.011243	-47.868129096423154	0.737066193606207
5318486258.588383	-48.0220186070174	0.7261770342746582
5318523735.165522	-48.4422716533641	0.7340868892605409
5318561211.7426605	-48.044336598514185	0.760649812331644
5318598688.3198	-48.24814319253843	0.7391914547275696
5318636164.896939	-47.72275258676538	0.7598712952597338
5318673641.474079	-47.837782044194846	0.7604616016495171
5318711118.051218	-48.21341979745435	0.771051925999422
5318748594.628357	-47.736003819623704	0.7991521272577762
5318786071.205497	-47.989538325707386	0.7779001539328393
5318823547.782636	-47.572036884948204	0.8040231493995768
5318861024.359776	-47.993323318586086	0.8095705657799284
5318898500.936914	-47.94759989692209	0.8039135221890907
5318935977.514053	-48.118167060936734	0.8210346116494535
5318973454.091193	-47.764977630556274	0.8323427630292815
5319010930.668332	-48.273070470930726	0.817014031269587
5319048407.245472	-47.65852501904979	0.8417464541761879
5319085883.822611	-47.79884795511164	0.8253509672360048
5319123360.39975	-47.62286320721435	0.8279707286789891
5319160836.97689	-48.40318943406896	0.8410025247578874
5319198313.5540285	-47.98377502957648	0.8350874275662523
5319235790.131168	-48.074336591686034	0.8592680845790237
5319273266.708307	-47.99815144772373	0.8591596309997177
5319310743.285446	-48.066321679424576	0.8876576913056647
5319348219.862586	-47.85871561246181	0.885859142404651
5319385696.439725	-47.78458151554269	0.865828481111455
5319423173.016865	-47.87598965702844	0.883656625930124
5319460649.594004	-48.499173269931106	0.8969098135925743
5319498126.171143	-47.7399449289819	0.8970387468228097
5319535602.748282	-48.631326836940715	0.9007347435331277
5319573079.325421	-47.77628538112189	0.897757481294737
5319610555.902561	-48.065077155399564	0.8992936490794058
5319648032.4797	-47.81427640601764	0.9381415604921512
5319685509.05684	-48.553463024708975	0.9302318354188807
5319722985.633979	-47.92078073102048	0.9293475281607442
5319760462.211118	-47.631978325454256	0.925539021715898
5319797938.788258	-47.313620292825654	0.9512123552075363
5319835415.3653965	-48.54652315910833	0.9577889846195156
5319872891.942536	-47.19161291731271	0.9655080978031835
5319910368.519675	-48.04600365715202	0.9482901387085281
5319947845.096814	-48.29297440409646	0.9786385503840048
5319985321.673954	-48.10572244295186	0.9552894861876655
5320022798.251093	-47.702978624191196	0.9890688203119006
5320060274.828233	-48.04746890912683	0.9886155292396336
5320097751.405372	-47.98234601244368	1.0041866546888962
5320135227.982511	-47.98091810238201	0.9785723823610241
5320172704.55965	-47.38062304116514	1.008386411329099
5320210181.136789	-47.93592120724642	0.996666623906548
5320247657.713929	-48.614162542792556	1.0238557860715087
5320285134.291068	-47.535901015684345	1.04526228963241
5320322610.868207	-47.40743561475499	1.0322916008694556
5320360087.445347	-48.07218215470924	1.0419044130400166
5320397564.022486	-47.48947916491538	1.045431662951591
5320435040.599626	-48.042515380362836	1.0407056609476855
5320472517.1767645	-47.81240126904418	1.0591026119985827
5320509993.753903	-47.647952667782775	1.05030242504411
5320547470.331043	-48.092617875348765	1.0533353587023604
5320584946.908182	-47.69013711566552	1.0766051030683137
5320622423.485322	-47.691344652597245	1.056986330233911
5320659900.062461	-48.158094309110275	1.0954345021548082
5320697376.6396	-48.23148190015476	1.086517316934625
5320734853.21674	-47.73163724535199	1.0944550928370156
5320772329.793879	-48.25785472222727	1.0906797755543873
5320809806.371018	-47.86876928678566	1.110875861167552
5320847282.948157	-47.85519671891158	1.0978641398172726
5320884759.525297	-48.097537952580836	1.1206210131248353
5320922236.102436	-48.06586214253863	1.1172033235968588
5320959712.679575	-47.717587215137456	1.129947700775138
5320997189.256715	-48.22758365193597	1.1284552811505768
5321034665.833854	-47.52977598824656	1.152289666026573
5321072142.410994	-47.579560420162785	1.1329037790814533
5321109618.988132	-48.41421623447056	1.1469777731278037
5321147095.565271	-47.62347580963671	1.1705866580369662
5321184572.142411	-48.05758943278206	1.1608394884614721
5321222048.71955	-48.06939339908088	1.1584883299295465
5321259525.29669	-47.58423685495431	1.1982231530403222
5321297001.873829	-48.10232184045589	1.1566274173868287
5321334478.450968	-47.87164729947753	1.205354524623071
5321371955.028108	-47.57106023861708	1.1985733307351096
5321409431.605247	-47.927140567177496	1.1947775319428695
5321446908.182386	-47.74367725108823	1.2153015438196306
5321484384.759525	-47.66248370223267	1.195766576609754
5321521861.336664	-47.88757633555378	1.2208442732968379
5321559337.913804	-47.62743816368036	1.2281258209496453
5321596814.490943	-48.02475243156424	1.2133157246928068
5321634291.068083	-47.95735306647973	1.2512484412349039
5321671767.645222	-47.98028998099053	1.2351167282337912
5321709244.222361	-48.227383675248504	1.2374453647055472
5321746720.7995	-47.95468020059515	1.2369045629025521
5321784197.376639	-47.50315637402267	1.245629168532654
5321821673.953779	-48.30051353886549	1.2754536765664337
5321859150.530918	-47.73880710699538	1.2724771268482171
5321896627.108057	-47.58014858939026	1.2744280525165406
5321934103.685197	-47.84251562708497	1.287196300281384
5321971580.262336	-47.69505285735157	1.2894703164040704
5322009056.839476	-47.920295515830276	1.273810249631803
5322046533.416615	-47.74818532789553	1.297639195386081
5322084009.993753	-47.633230345045874	1.3163429190329123
5322121486.570893	-47.48766067991018	1.3237529783380215
5322158963.148032	-47.65526907575793	1.3028999715620848
5322196439.725172	-47.811751066028314	1.3133986153821329
5322233916.302311	-47.95384714575309	1.3188364468782114
5322271392.879451	-47.590862860467766	1.3214321037717454
5322308869.45659	-47.3831157111311	1.326639429300562
5322346346.033729	-48.21230589005844	1.339675484495805
5322383822.610868	-47.80240008182659	1.3639856643566075
5322421299.188007	-47.82107290292035	1.3526490292826105
5322458775.765147	-47.38420468390125	1.3784506757572697
5322496252.342286	-47.847203702146935	1.3649221075327918
5322533728.919425	-47.49554741341732	1.3749310263934187
5322571205.496565	-47.91378464840633	1.3885584498761578
5322608682.073704	-47.79176691204722	1.3949523029488764
5322646158.650844	-47.88805180045082	1.3979970505910266
5322683635.2279825	-47.89526048743522	1.4063442776002044
5322721111.805121	-47.540842415595634	1.4045849160616983
5322758588.382261	-47.37249852880445	1.4363856030844366
5322796064.9594	-47.545663261332166	1.4108599022062356
5322833541.53654	-47.260585027311066	1.4184458525776198
5322871018.113679	-47.746606416941624	1.4292451277525868
5322908494.690818	-47.77351989720694	1.43912562980584
5322945971.267958	-47.29582626016635	1.4417308581969448
5322983447.845097	-47.98950014342691	1.4615458590633235
5323020924.422236	-47.733170891239915	1.4454547388179033
5323058400.999375	-47.787096635376614	1.4564460507562975
5323095877.576514	-48.02728043459871	1.4724093499457673
5323133354.153654	-47.201862238614254	1.4577082112175117
5323170830.730793	-47.951340326477734	1.4674078220074487
5323208307.307933	-47.283852358277905	1.503653600420559
5323245783.885072	-47.77672027617437	1.4961057672274183
5323283260.462211	-48.24407360282238	1.4891740619286318
5323320737.0393505	-48.096468531755946	1.4924290443644919
5323358213.616489	-48.09164744796764	1.5014830933630885
5323395690.193629	-47.79629746653683	1.5123521451465565
5323433166.770768	-47.88434543695913	1.5198902908437053
5323470643.347908	-48.487227687770456	1.5142273224298934
5323508119.925047	-47.56627470287484	1.5474468365103173
5323545596.502186	-47.628662554520076	1.528533074190517
5323583073.079326	-47.8505137468343	1.5371249350810114
5323620549.656465	-47.69289896360621	1.5584311852873893
5323658026.233604	-47.438550058243074	1.5538237145768383
5323695502.810743	-47.44827407508639	1.5582174219589378
5323732979.387882	-48.05008321221543	1.5404945226980062
5323770455.965022	-47.96145666817391	1.581796655345554
5323807932.542161	-47.848149833654475	1.5718396275881963
5323845409.119301	-47.589692211128956	1.5553759795675342
5323882885.69644	-47.80804058687664	1.609430678120528
5323920362.273579	-47.393219551732535	1.5982252231679217
5323957838.8507185	-48.02444780005332	1.595445048839952
5323995315.427857	-47.535924071390816	1.6117742383448577
5324032792.004997	-47.544551733526305	1.6084394159281714
5324070268.582136	-47.89102082466098	1.6178839080129672
5324107745.159275	-47.72203577760124	1.614656303959612
5324145221.736415	-47.73218063661477	1.6285337256427386
5324182698.313554	-48.060576738166006	1.625946232477499
5324220174.890694	-48.116361354993415	1.6263757734951305
5324257651.467833	-48.080996155083405	1.655618100316784
5324295128.044971	-47.86304587677732	1.654419990630284
5324332604.622111	-47.935734508830436	1.6389612683314163
5324370081.19925	-47.4879143451207	1.666577877507233
5324407557.77639	-47.78390737637676	1.6649639883758494
5324445034.353529	-47.933109246351655	1.6676542818220406
5324482510.930668	-48.009533977764185	1.687697636139089
5324519987.507808	-47.51019830058177	1.6944433732526272
5324557464.084947	-48.32806969297229	1.6998870241139632
5324594940.6620865	-48.00223088920252	1.690238113417479
5324632417.239225	-47.753965906299136	1.693196688475538
5324669893.816365	-47.70509347664501	1.7074289706413788
5324707370.393504	-47.86986306744987	1.723986574598849
5324744846.970643	-47.66729727966152	1.72947576445472
5324782323.547783	-47.93829490021282	1.724944258409345
5324819800.124922	-47.56280619315545	1.728658605492889
5324857276.702062	-47.95104090875222	1.7475327613907228
5324894753.279201	-47.82686463188651	1.722921110839153
5324932229.856339	-47.66371808864754	1.744826350975995
5324969706.433479	-47.83856426038632	1.7492686702259632
5325007183.010618	-48.01464114519617	1.7798243840341035
5325044659.587758	-47.86201926940751	1.774603063234485
5325082136.164897	-47.486909812263946	1.7665634225714222
5325119612.742036	-47.88418760998479	1.776437798694185
5325157089.319176	-47.717939088746625	1.7794514138457305
5325194565.896315	-47.53622598883493	1.7933481659320667
5325232042.473454	-47.62826759654524	1.793105514411491
5325269519.050593	-47.44400826367265	1.7883474194136044
5325306995.627732	-47.62502628988659	1.7990598270931197
5325344472.204872	-47.81618216670455	1.832779050115552
5325381948.782011	-47.81057843828779	1.8067442366446878
5325419425.359151	-47.416592396212245	1.8204672147927623
5325456901.93629	-47.79833479536207	1.8370202629725685
5325494378.513429	-47.315880417031615	1.8757058406534877
5325531855.090569	-47.8873933640211	1.8535616444081249
5325569331.667707	-47.64215901772548	1.833795967299027
5325606808.244847	-48.12635126449038	1.8669114726698612
5325644284.821986	-47.604087848360884	1.861625274573568
5325681761.399125	-47.90293913513064	1.8558408098781045
5325719237.976265	-47.569178039700574	1.8821224579358573
5325756714.553404	-47.927160522102604	1.8684352261077941
5325794191.130544	-47.178245099009104	1.891866660409714
5325831667.707683	-48.139440700651434	1.9009896520283915
5325869144.284822	-47.560614747531446	1.9031021372402488
5325906620.861961	-47.377236118593366	1.9146017014904912
5325944097.4391	-48.29353497649588	1.9031722606324586
5325981574.01624	-47.20721650599394	1.9117956763482677
5326019050.593379	-47.721952086816664	1.9194780472587234
5326056527.170519	-47.365275091483326	1.9159066837179188
5326094003.747658	-47.61053031741797	1.9506640336536742
5326131480.324797	-47.57415559863893	1.927250064058723
5326168956.901937	-47.43362327304748	1.9475856383101102
5326206433.479075	-47.58193555164313	1.9413622371426786
5326243910.056215	-47.51290416765748	1.9647161710633976
5326281386.633354	-47.861259010678374	1.9565711515081123
5326318863.210493	-47.90252365316501	1.9621676857806924
5326356339.787633	-47.88382750269447	1.9668927755444188
5326393816.364772	-47.75358254754704	1.985778423417084
5326431292.941912	-47.45783500671318	1.9824489170767265
5326468769.519051	-47.45691929360728	1.9801750289117022
5326506246.0961895	-47.71972129032423	1.996331179212341
5326543722.673329	-48.06748124696754	2.026001878264845
5326581199.250468	-47.79669988456905	2.024795538604115
5326618675.827608	-47.72925155111443	2.0113514332150833
5326656152.404747	-47.6911896295326	2.0321052070863654
5326693628.981886	-47.62597279321105	2.0161834604034348
5326731105.559026	-47.884546857335934	2.0589527092963023
5326768582.136165	-47.92628113134005	2.0294226184836512
5326806058.7133045	-47.55736226136989	2.0632267575971195
5326843535.290443	-47.68447887872267	2.0423093498048117
5326881011.867582	-47.868784413814076	2.0625440857520325
5326918488.444722	-47.92791300099459	2.045253930481734
5326955965.021861	-47.593882987076	2.0657755732818983
5326993441.599001	-47.93521440948906	2.0717092289089973
5327030918.17614	-47.43244475629317	2.097477669748287
5327068394.753279	-47.46098638851747	2.0847938508395005
5327105871.330419	-47.65503922680996	2.0732585570091455
5327143347.9075575	-47.82945143094659	2.1076900092869337
5327180824.484697	-47.78935977266491	2.097859023609243
5327218301.061836	-47.604332644029896	2.12566016960595
5327255777.638976	-47.770458817114445	2.101815791808001
5327293254.216115	-47.539585761160396	2.1290946521037415
5327330730.793254	-47.721378200985775	2.1274989244418023
5327368207.370394	-48.33800871490573	2.16250680370749
5327405683.947533	-47.78134022573293	2.1411494219072376
5327443160.5246725	-47.65690762327488	2.127944930791109
5327480637.101811	-47.93534777469808	2.1432162110080797
5327518113.67895	-47.62540743754605	2.157221644584226
5327555590.25609	-48.11961765067785	2.1556522537249916
5327593066.833229	-47.50446003711059	2.181646296286162
5327630543.410369	-48.25126890176164	2.182164859919777
5327668019.987508	-47.74822679627745	2.1651389149803015
5327705496.564647	-47.79970420636525	2.1815137648108394
5327742973.141787	-47.345529420283455	2.1953220425874598
5327780449.718925	-47.82189834961378	2.171232324836534
5327817926.296065	-47.97127725155892	2.189870417745681
5327855402.873204	-47.42712086118611	2.201247974729035
5327892879.450343	-47.37799626037137	2.2060869722520713
5327930356.027483	-47.89658581298353	2.236271680895624
5327967832.604622	-47.48902261802328	2.239122319927344
5328005309.181762	-48.22899192995389	2.232027513111086
5328042785.758901	-47.692354528832645	2.248060646340526
5328080262.33604	-48.10297816397795	2.2630533111638393
5328117738.913179	-47.6163512574372	2.260572983805727
5328155215.490318	-47.34521597601184	2.2346092355022718
5328192692.067458	-47.04328387276234	2.26473650258909
5328230168.644597	-47.84968151003929	2.2759736077579453
5328267645.221736	-47.767520932545544	2.282375514862025
5328305121.798876	-47.47490805548347	2.2872068784138926
5328342598.376015	-47.64730259284515	2.297972878370164
5328380074.953155	-47.361655014069825	2.296526103431027
5328417551.530293	-48.32119643874065	2.3234005085144207
5328455028.107433	-47.75811330639349	2.325946821243231
5328492504.684572	-48.58903374155558	2.3177459567078516
5328529981.261711	-47.878860062309066	2.3162618710052896
5328567457.838851	-47.33993900975916	2.3295746336182503
5328604934.41599	-47.649712439753344	2.323783508711318
5328642410.99313	-47.7612208681196	2.344487356833539
5328679887.570269	-47.737094444070856	2.3490693195093972
5328717364.147408	-47.53111038793851	2.3653437643437076
5328754840.724547	-47.68102114615925	2.359931439503768
5328792317.301686	-47.889988784563215	2.347941188121724
5328829793.878826	-48.11792634298076	2.3723808504351664
5328867270.455965	-48.252374413794456	2.360632936668109
5328904747.033104	-48.20769551454071	2.3671548651704697
5328942223.610244	-47.718729305268624	2.399291601381029
5328979700.187383	-48.23687760020293	2.3769658377029965
5329017176.764523	-48.29933022774125	2.3852127660189333
5329054653.341661	-47.47216176323506	2.417876634106503
5329092129.9188	-47.74679849796452	2.40216616562876
5329129606.49594	-47.633091663097915	2.4046043588225197
5329167083.073079	-47.83944511457235	2.4327202484475796
5329204559.650219	-47.482630511678536	2.4353255238459095
5329242036.227358	-47.96322495688018	2.4363371275902286
5329279512.804497	-47.84221157450624	2.452425215000849
5329316989.381637	-47.95025556752571	2.4615101589804147
5329354465.9587755	-47.93977653146164	2.4571542432781843
5329391942.535915	-47.83765816033424	2.451277340848181
5329429419.113054	-48.08031859660546	2.468749994233714
5329466895.690193	-47.542044850579536	2.492768484917161
5329504372.267333	-47.48488271535413	2.4894666033482786
5329541848.844472	-48.012386464024914	2.4749501316522022
5329579325.421612	-47.95851550096018	2.4818427756107737
5329616801.998751	-47.31808762900684	2.483548227132048
5329654278.575891	-47.79404087431715	2.516039571259044
5329691755.153029	-47.883980601917415	2.5256490950696984
5329729231.730168	-47.81701930621095	2.5003315709169605
5329766708.307308	-47.80595825895656	2.528218930959624
5329804184.884447	-47.724895818272586	2.498517914316937
5329841661.461587	-47.635505801997425	2.5378566821750304
5329879138.038726	-47.78812482220737	2.54087988725454
5329916614.615865	-48.06081153977515	2.537692820112975
5329954091.193005	-47.82452739124092	2.564882799704549
5329991567.7701435	-47.73954653074635	2.551245114494842
5330029044.347283	-48.028971286963504	2.5537734181978813
5330066520.924422	-47.89890509813378	2.557705926450047
5330103997.501561	-47.68880540595019	2.5665450046962617
5330141474.078701	-47.63318568590543	2.571456294224861
5330178950.65584	-47.28354347018028	2.595996553469179
5330216427.23298	-47.71446768522318	2.5936940951796292
5330253903.810119	-48.00355533856507	2.579455834802054
5330291380.387258	-47.89380417711214	2.5878934776175546
5330328856.964397	-47.731897730584905	2.615085833711996
5330366333.541536	-47.74269177460978	2.61972580509236
5330403810.118676	-48.07117333592877	2.613819841004785
5330441286.695815	-47.174729417410184	2.6290429577231675
5330478763.272954	-47.61023506817523	2.6320552341755623
5330516239.850094	-47.64444587621363	2.6285161913398576
5330553716.427233	-47.36809543478827	2.6554809275940396
5330591193.004373	-47.75737705781961	2.6473896152024325
5330628669.5815115	-47.80367554664081	2.652585194012683
5330666146.15865	-47.81584622861494	2.6571546992095927
5330703622.73579	-47.640157666822425	2.6565255424896104
5330741099.312929	-47.91636662134265	2.674961845919396
5330778575.890069	-47.482637572941556	2.6877509875139074
5330816052.467208	-47.46190704796898	2.681346335977282
5330853529.044347	-48.12223574848734	2.6989825796623457
5330891005.621487	-47.795846743553454	2.718874613292176
5330928482.198626	-48.169982161584485	2.684886611613512
5330965958.775765	-47.4320412281693	2.7100829592348794
5331003435.352904	-47.80042667477598	2.7230770736203906
5331040911.930044	-47.78459897349499	2.714040765894979
5331078388.507183	-47.975178135707345	2.7327860443748806
5331115865.084322	-47.781252859752215	2.732610278429515
5331153341.661462	-47.94232994705566	2.7497075404829805
5331190818.238601	-47.812686505177176	2.7620377693770544
5331228294.815741	-48.03556307445006	2.755372763667637
5331265771.3928795	-47.88694794766875	2.750691766377243
5331303247.970018	-47.78539282243755	2.747877407214323
5331340724.547158	-47.996176567285616	2.768031449610209
5331378201.124297	-47.93086938078403	2.7688095517875144
5331415677.701437	-47.93520946500237	2.798507531189712
5331453154.278576	-47.99825607721245	2.780393880307432
5331490630.855715	-47.73189975653966	2.7914891804888193
5331528107.432855	-48.378055688108276	2.7899505827865143
5331565584.009994	-47.969900524719556	2.805342663888957
5331603060.587133	-47.97002327145005	2.8336258953383786
5331640537.164272	-47.8300919101683	2.8362844287868305
5331678013.741411	-48.184441277703996	2.8268275782022485
5331715490.318551	-47.76045352762261	2.849776092927721
5331752966.89569	-47.94423997752152	2.837008506236715
5331790443.47283	-47.208960907138895	2.837839746621862
5331827920.049969	-47.91866175079866	2.8577750919095792
5331865396.627108	-47.56656616055711	2.8460597347530983
5331902873.204247	-48.231292032178494	2.8646982865594555
5331940349.781386	-47.82385211690976	2.8935539267425106
5331977826.358526	-47.54248760187388	2.8760445882661143
5332015302.935665	-47.45459101679603	2.8824644736468152
5332052779.512804	-47.527961003535296	2.8960691372387606
5332090256.089944	-47.46483211579101	2.896343911809086
5332127732.667083	-47.70476044989179	2.902365177193745
5332165209.244223	-47.908956457334774	2.9190240715466897
5332202685.821362	-48.00776624163433	2.926983647647316
5332240162.398501	-47.64712350826605	2.8784662714113263
5332277638.97564	-47.85878010131768	2.9183196319665443
5332315115.552779	-47.759123126688394	2.920551101958656
5332352592.129919	-47.674055512028175	2.928523816101104
5332390068.707058	-47.71257807497917	2.9425558412923523
5332427545.284198	-47.80830215094211	2.9569101630736125
5332465021.861337	-47.81789246149576	2.9443343825145485
5332502498.438476	-47.644656857767835	2.961947542781162
5332539975.015615	-47.73423110111041	2.9547593906114002
5332577451.592754	-47.56390005656905	2.9653252737518176
5332614928.169894	-48.01413537782562	2.96741602234151
5332652404.747033	-48.090220519469526	2.98173898835816
5332689881.324172	-47.77556548942204	2.9908195774515267
5332727357.901312	-47.94565880669785	2.983048699585475
5332764834.478451	-47.76879749007303	3.0116008761797026
5332802311.055591	-47.79857242490269	3.000713493928035
5332839787.63273	-47.31083455615987	3.0006424334708255
5332877264.209868	-47.96118834112319	3.002336194969594
5332914740.787008	-47.40846376381875	3.0246002969146284
5332952217.364147	-47.18264542381039	3.030729932235356
5332989693.941287	-48.154723738447544	3.050377610110297
5333027170.518426	-47.354800502887514	3.030664758705735
5333064647.095565	-47.90723558352739	3.0407299591345245
5333102123.672705	-48.13960208183161	3.0565978579868367
5333139600.249844	-47.6464906000339	3.086183751963548
5333177076.826983	-47.79775320352931	3.073012542665199
5333214553.404122	-48.06852364541434	3.0935654049826513
5333252029.981261	-48.1526599424485	3.083700977903888
5333289506.558401	-47.994644199338225	3.0724509777010023
5333326983.13554	-47.842013688355806	3.1062532888510055
5333364459.71268	-47.93183663076556	3.069924808662331
5333401936.289819	-47.73928163677028	3.088847944352455
5333439412.866959	-47.492115349119146	3.1116900366827647
5333476889.4440975	-47.39739087881304	3.125160952845805
5333514366.021236	-47.46520040213555	3.143684717876837
5333551842.598376	-48.01655398786256	3.1277041900939206
5333589319.175515	-47.57252830719672	3.140106746118211
5333626795.752655	-47.61887281409656	3.1540977780464363
5333664272.329794	-47.84873881691051	3.1293102483738875
5333701748.906933	-47.83429591603867	3.1618450762814216
5333739225.484073	-47.91390747889912	3.13941125299606
5333776702.061212	-47.52696043524896	3.1772095376599903
5333814178.638351	-47.686869262228896	3.169679968924047
5333851655.21549	-47.51585025647672	3.200019723827011
5333889131.792629	-47.414688088915256	3.186802685524201
5333926608.369769	-48.13396709186195	3.1869592272690612
5333964084.946908	-48.3598655939642	3.209663093003568
5334001561.524048	-47.754994319298135	3.2067497154342823
5334039038.101187	-47.632176766137945	3.225331461367476
5334076514.678326	-47.512336647087395	3.211696399090751
5334113991.2554655	-48.047603255931634	3.2228762270492735
5334151467.832604	-47.73257673778444	3.2334388342185862
5334188944.409744	-47.95925185056432	3.247916881204814
5334226420.986883	-48.045533217986936	3.2525798602909908
5334263897.564022	-48.322956293907424	3.236962690697394
5334301374.141162	-47.73981321069867	3.248467908534683
5334338850.718301	-48.07672623161048	3.253055382623576
5334376327.295441	-47.42507717523903	3.244430832782371
5334413803.87258	-48.016337412165996	3.275225167933032
5334451280.449718	-47.74515117479272	3.289993596555771
5334488757.026858	-48.07095770570462	3.293320216807028
5334526233.603997	-47.92803036006893	3.2807142385892893
5334563710.181137	-47.900766843307856	3.3104606936313004
5334601186.758276	-48.220781289658646	3.30626812650844
5334638663.335416	-47.898706820510014	3.2878000645821817
5334676139.912555	-48.19556672787385	3.3118897821188003
5334713616.489694	-47.756097563517265	3.319263675551275
5334751093.0668335	-48.00731512474438	3.3184391992483544
5334788569.643972	-48.44198791547102	3.344088132380482
5334826046.221112	-47.96510390044065	3.3439515013492342
5334863522.798251	-47.97402288407527	3.3471435860990053
5334900999.37539	-47.746244905029215	3.354067488988095
5334938475.95253	-47.59137818627074	3.3542453099431473
5334975952.529669	-47.88082642665224	3.364387437496427
5335013429.106809	-48.01762574845909	3.3625810744553264
5335050905.683948	-48.12105455394341	3.3808900143978082
5335088382.261086	-47.84800736968603	3.3883921630637923
5335125858.838226	-47.9393435586192	3.3910593805253852
5335163335.415365	-48.02444153732591	3.392480522647419
5335200811.992505	-48.32965271296361	3.3819035648707807
5335238288.569644	-47.80215072715013	3.4180810519190863
5335275765.146783	-48.24591242686058	3.4195712858817733
5335313241.723923	-48.12184443028502	3.410510381519678
5335350718.301062	-47.89240715225132	3.4470731138743194
5335388194.8782015	-47.663866924351375	3.4430547344814797
5335425671.45534	-47.314666709718985	3.4276539555733794
5335463148.032479	-47.958617437064134	3.421008815866096
5335500624.609619	-47.38792025400451	3.4513955007928545
5335538101.186758	-48.39822321126587	3.4559950770625147
5335575577.763898	-47.64424637778546	3.4679217930013326
5335613054.341037	-48.19159696646427	3.4891819273193683
5335650530.918176	-48.345865189431656	3.4901900328648243
5335688007.495316	-48.502696352646986	3.4855033050307496
5335725484.072454	-48.126877630939866	3.481697690490116
5335762960.649594	-48.11168483452676	3.5004840831187716
5335800437.226733	-47.666477020655805	3.507149816275944
5335837913.803872	-47.96926390627678	3.518421407208995
5335875390.381012	-47.891869570168424	3.5210684291007404
5335912866.958151	-48.13016101312986	3.515888423488397
5335950343.535291	-48.24468246171379	3.51964701483343
5335987820.11243	-47.83188185591798	3.546532621880174
5336025296.689569	-48.30529957138591	3.5294766739181322
5336062773.266708	-47.911336967434224	3.5448188411723747
5336100249.843847	-48.20885538702535	3.534346140982266
5336137726.420987	-48.20150195858611	3.573846460325552
5336175202.998126	-47.40505863002902	3.5730342836216704
5336212679.575266	-48.305342843351504	3.5760422656899404
5336250156.152405	-48.391829571994236	3.5877860014445337
5336287632.729544	-48.31244193109743	3.587287751982034
5336325109.306684	-47.82543871784638	3.6067838164629347
5336362585.883822	-47.959129219071926	3.585591849562034
5336400062.460962	-48.30379688973311	3.6036020653872516
5336437539.038101	-48.168507822557444	3.6010756507984145
5336475015.61524	-47.64404321326359	3.5793779871476676
5336512492.19238	-48.39425523278096	3.6404519723142084
5336549968.769519	-47.8195924870421	3.6346771367825834
5336587445.346659	-47.92270461518846	3.6394961944118926
5336624921.923798	-47.62465984334959	3.642590441529291
5336662398.5009365	-48.17887876093097	3.658174861151546
5336699875.078076	-47.8830545914964	3.6621040477883824
5336737351.655215	-48.09364214184032	3.6773403199141903
5336774828.232355	-48.404792566464366	3.648634476294877
5336812304.809494	-47.7904699530444	3.669188455299102
5336849781.386633	-48.22576766549272	3.704997860070943
5336887257.963773	-48.42422792127063	3.6923823772869686
5336924734.540912	-47.94033193680822	3.6880777143012993
5336962211.118052	-48.08858326842169	3.683804206923473
5336999687.69519	-48.37922830274701	3.712563208964788
5337037164.272329	-47.86994744645345	3.728095898443531
5337074640.849469	-48.27256061695988	3.7188104539525186
5337112117.426608	-48.41489532137019	3.7221997155422444
5337149594.003748	-48.425036719172965	3.7358115516967283
5337187070.580887	-48.520626007818024	3.731699615013994
5337224547.158027	-47.851944940987174	3.7597290180056433
5337262023.735166	-48.16104145398941	3.7452866346776568
5337299500.3123045	-48.225739069110986	3.7458989936858966
5337336976.889444	-48.17000593358527	3.77042479671556
5337374453.466583	-48.107834383846125	3.7787842390545383
5337411930.043723	-48.55211126588975	3.790128872529278
5337449406.620862	-48.359086644084954	3.784644237625275
5337486883.198001	-48.048250596833604	3.78740789005234
5337524359.775141	-47.88806450628991	3.794589344596169
5337561836.35228	-48.4914013505631	3.8006899936922247
5337599312.9294195	-48.19779354446994	3.8245193807573608
5337636789.506558	-48.30611716030902	3.8292106472991096
5337674266.083697	-48.25549758176283	3.804093770066608
5337711742.660837	-48.03894283888043	3.830410481171005
5337749219.237976	-48.130448713110965	3.8351053791052157
5337786695.815116	-48.06654073858185	3.836865718269863
5337824172.392255	-47.99377821324882	3.8428868708373844
5337861648.969394	-47.485040151918156	3.854856891605714
5337899125.546534	-48.024531434392856	3.888777175194924
5337936602.1236725	-48.42464943942113	3.869159205953609
5337974078.700812	-48.16901392129913	3.8799850798634465
5338011555.277951	-48.15540271519285	3.879114095859204
5338049031.85509	-48.05382271740836	3.884860084128076
5338086508.43223	-48.03764392675012	3.8849523134816097
5338123985.009369	-48.51683499406179	3.8992256450707625
5338161461.586509	-48.10855519809461	3.908693612652007
5338198938.163648	-48.13306521786543	3.9153034514994713
5338236414.740787	-48.420442354546395	3.9280991610007887
5338273891.317926	-48.178481898662355	3.93753316439888
5338311367.895065	-48.47783135603518	3.955193886315233
5338348844.472205	-47.82621443609653	3.9288272133417834
5338386321.049344	-48.466214207678334	3.9410310162965905
5338423797.626484	-48.536000931425384	3.960870921594944
5338461274.203623	-48.40230416991371	3.946071578726214
5338498750.780762	-48.765550643182294	3.9761724240256333
5338536227.357902	-48.171573968186046	3.98314975159908
5338573703.93504	-48.467573491209365	3.984202917468964
5338611180.51218	-48.73000959439548	3.9819508939397945
5338648657.089319	-48.49050735738351	3.9968532299566553
5338686133.666458	-48.78152263800178	4.012202487136754
5338723610.243598	-48.63262593834225	4.0044824922633815
5338761086.820737	-47.76395404134015	3.9941125414193492
5338798563.397877	-48.43990779486354	4.019469126164865
5338836039.975016	-48.70396725967255	4.034127115172666
5338873516.552155	-48.681375056191676	4.0408741709655445
5338910993.129294	-48.407397648978716	4.004625015769613
5338948469.706433	-48.37570906706656	4.049409890882828
5338985946.283573	-48.31129014812298	4.038470465638095
5339023422.860712	-48.725361632063915	4.054291634964628
5339060899.437851	-48.53875183074589	4.084855469939347
5339098376.014991	-49.206379226920724	4.072126057602027
5339135852.59213	-48.16054120527773	4.058724515334264
5339173329.16927	-48.868543194820056	4.080601529177205
5339210805.746408	-48.31897575285109	4.0886602377914905
5339248282.323547	-48.586589834399454	4.1054651387640515
5339285758.900687	-49.145028919947805	4.108974478941295
5339323235.477826	-48.60991739682535	4.119146409742099
5339360712.054966	-48.56037904694294	4.125931203194424
5339398188.632105	-48.395411422164536	4.112585802090804
5339435665.209244	-48.29123804836874	4.152530550235134
5339473141.786384	-48.82095172617838	4.151514998566228
5339510618.363523	-48.74776763652356	4.131636048240605
5339548094.940662	-48.39609489878764	4.152526204785241
5339585571.517801	-49.03588743453483	4.160402966954996
5339623048.09494	-48.22782377073633	4.156727770008647
5339660524.67208	-49.14979805668654	4.155748905558227
5339698001.249219	-47.98834186544453	4.175354768042826
5339735477.826359	-48.4771629064447	4.20048934835558
5339772954.403498	-48.72683106208182	4.209195969894218
5339810430.980638	-48.1933057541491	4.204249183003994
5339847907.557776	-48.73966119468774	4.209973215522599
5339885384.134915	-48.904949010612036	4.228572301959772
5339922860.712055	-48.9224401395133	4.22918692369317
5339960337.289194	-48.75456940808533	4.206066634284788
5339997813.866334	-48.39852497296695	4.228021334535267
5340035290.443473	-48.631586135027305	4.2504318703635455
5340072767.020612	-49.08293964956428	4.254500379593166
5340110243.597752	-48.95088448110647	4.246390620099897
5340147720.1748905	-48.74739101023641	4.269279340372957
5340185196.75203	-48.84306811725433	4.246467988247896
5340222673.329169	-49.355927013143045	4.282277110728882
5340260149.906308	-49.10268694510005	4.308364771845803
5340297626.483448	-48.58704781928743	4.281579594476541
5340335103.060587	-48.9775910947737	4.302248787198768
5340372579.637727	-48.37506876554504	4.3067427515542285
5340410056.214866	-49.169021254439436	4.32080737006433
5340447532.792005	-48.972479372768696	4.331322709440149
5340485009.369144	-49.12703395797729	4.3358785373073045
5340522485.946283	-48.61617137162523	4.319546985429284
5340559962.523423	-48.96716472232334	4.348297884283523
5340597439.100562	-49.29849636086469	4.356047760030516
5340634915.677701	-49.29004818584712	4.343314922185332
5340672392.254841	-49.00484443541232	4.378404777327747
5340709868.83198	-49.20085761385081	4.362945028878826
5340747345.40912	-48.685297185512326	4.37262301438091
5340784821.9862585	-49.05525096558413	4.37818605060908
5340822298.563397	-48.437654436757484	4.381326690652669
5340859775.140537	-49.06712030064816	4.385323885656867
5340897251.717676	-49.180919540816426	4.399351938790627
5340934728.294816	-49.093956904067426	4.445316174007387
5340972204.871955	-49.18943171614764	4.43371232931611
5341009681.449095	-49.131025858056674	4.420014577062434
5341047158.026234	-49.32563805237159	4.423319866971291
5341084634.603373	-49.42048031507611	4.452945742383416
5341122111.180512	-49.34460516441731	4.457958503891074
5341159587.757651	-49.222274684449516	4.454110829943311
5341197064.334791	-48.921986341942585	4.449140437825476
5341234540.91193	-48.52453453278625	4.467142294009038
5341272017.489069	-49.509749863295625	4.477807212253277
5341309494.066209	-49.13424889904228	4.483721473177205
5341346970.643348	-49.342664364952185	4.4860293267868485
5341384447.220488	-49.19953470017367	4.494783049878816
5341421923.7976265	-49.20437013890907	4.515508423905117
5341459400.374765	-49.51311577307805	4.515480856564695
5341496876.951905	-49.49757642544298	4.538543224431753
5341534353.529044	-49.239294796783646	4.522021346800559
5341571830.106184	-49.093995386817596	4.5432265680802795
5341609306.683323	-49.546265172383066	4.55313385676055
5341646783.260462	-49.557432243012144	4.559518473457025
5341684259.837602	-49.14125143796812	4.568743529420909
5341721736.414741	-49.07511834101497	4.589867825201161
5341759212.99188	-49.712405712746204	4.565885783101361
5341796689.569019	-49.35577087966308	4.592053787575043
5341834166.146158	-49.614223030512335	4.595310861323802
5341871642.723298	-49.623013271266856	4.597467593537791
5341909119.300437	-49.4531749010125	4.640614364869654
5341946595.877577	-49.98517612701601	4.596498889854546
5341984072.454716	-49.272133374613915	4.626307090555611
5342021549.031855	-49.77455297241772	4.622570714606627
5342059025.6089945	-49.78042444856964	4.6444877229622765
5342096502.186133	-49.94251138148024	4.652622258530469
5342133978.763273	-49.982877810345585	4.656505934169283
5342171455.340412	-49.9358841887272	4.660385626595441
5342208931.917552	-50.135822090578884	4.66484259844018
5342246408.494691	-49.846195607553284	4.652784994773729
5342283885.07183	-49.65764847458753	4.680258604719484
5342321361.64897	-49.729830439747744	4.674761018174257
5342358838.226109	-49.82461517839883	4.677228176800334
5342396314.803248	-49.71202690434386	4.7274100471027936
5342433791.380387	-50.08332098683737	4.729208393354301
5342471267.957526	-50.09673656422546	4.735385028712914
5342508744.534666	-49.7490334327354	4.73466729386776
5342546221.111805	-50.184693725991224	4.767519338325668
5342583697.688945	-49.93326224937931	4.749057665693484
5342621174.266084	-49.90165983955581	4.739343586333182
5342658650.843223	-50.05616563737099	4.753630537218063
5342696127.420362	-50.44140474647962	4.781799197494123
5342733603.997501	-50.118242229109875	4.779982080613765
5342771080.574641	-50.358756824722306	4.796906606560993
5342808557.15178	-50.05151424637162	4.793081338336275
5342846033.728919	-50.11801139381379	4.808631755756455
5342883510.306059	-50.06572806862031	4.826664874426266
5342920986.883198	-50.11167597050522	4.82869778911706
5342958463.460338	-50.64847353357224	4.8378306106652245
5342995940.037477	-50.5439297820575	4.866212824682201
5343033416.614615	-50.5463212491561	4.856036726858601
5343070893.191755	-50.49992406665717	4.860083923082774
5343108369.768894	-50.15901386721239	4.865636987625992
5343145846.346034	-50.68624694189371	4.873592978381993
5343183322.923173	-50.35936355885674	4.8880396773352395
5343220799.500312	-50.4354034391255	4.898759554682732
5343258276.077452	-50.98148450672832	4.902778420192548
5343295752.654591	-51.579934095370405	4.933146646786803
5343333229.23173	-50.79346853843746	4.92168297145886
5343370705.808869	-51.32155751171265	4.958263507485846
5343408182.386009	-50.565169695528276	4.945072743904518
5343445658.963148	-50.85676876450254	4.936542836924477
5343483135.540287	-50.68753174722181	4.952920760464851
5343520612.117427	-51.29476615929228	4.982401626586711
5343558088.694566	-51.81707561196444	4.977983546305123
5343595565.271706	-50.773119184285676	5.00039193832814
5343633041.848845	-51.82237915303187	4.993626181592216
5343670518.425983	-51.56617092544259	4.990039713350084
5343707995.003123	-51.31504470414253	5.023204842121402
5343745471.580262	-51.6052396355074	5.031730223208088
5343782948.157402	-51.55819867733662	5.0492228855979455
5343820424.734541	-51.68939001896153	5.058341372823819
5343857901.31168	-51.33174649963642	5.079789628822999
5343895377.88882	-51.23173026532843	5.06253107126445
5343932854.465959	-51.71282294536721	5.070501322513004
5343970331.043098	-51.89291481726687	5.072430816903024
5344007807.620237	-51.84649215636911	5.108361759574708
5344045284.197376	-52.724908889605246	5.110055712513982
5344082760.774516	-51.17635170667741	5.14142559039033
5344120237.351655	-52.058086780312436	5.151549459938491
5344157713.928795	-52.04208870064011	5.1262641139495955
5344195190.505934	-52.073850535747624	5.164650022968382
5344232667.083073	-52.23006139079146	5.148737112102101
5344270143.6602125	-52.4152069901707	5.167649328435599
5344307620.237351	-52.30787828593619	5.186059615137469
5344345096.814491	-52.85297446658425	5.181890026725376
5344382573.39163	-52.84798496109665	5.182127010006623
5344420049.968769	-52.703093173452174	5.190969410992228
5344457526.545909	-53.26298333508539	5.205886084390042
5344495003.123048	-53.97796372175951	5.209177441881695
5344532479.700188	-52.934218866258924	5.232101807495403
5344569956.277327	-53.426833237441954	5.256810345537353
5344607432.8544655	-53.94439366465434	5.226156730085961
5344644909.431605	-53.56139054738266	5.266717836012546
5344682386.008744	-54.15750145246342	5.262531839616151
5344719862.585884	-53.59136363099468	5.276006174759539
5344757339.163023	-53.718027860223565	5.312247140655725
5344794815.740163	-54.05631625174359	5.306962283279715
5344832292.317302	-53.92951517057164	5.364851323949456
5344869768.894441	-54.70617136878916	5.355038053199962
5344907245.4715805	-54.04932914847298	5.330147696580122
5344944722.048719	-54.37499197803512	5.385497756169206
5344982198.625859	-54.43745122414966	5.389604858943311
5345019675.202998	-55.2632063895709	5.375080822517839
5345057151.780137	-54.999371269973906	5.426813660339793
5345094628.357277	-55.178051963674896	5.436072187712316
5345132104.934416	-55.24358728360237	5.426314897028621
5345169581.511556	-55.70457001437046	5.471760851072057
5345207058.088695	-55.93743727848465	5.445294722489017
5345244534.665833	-56.12797557035522	5.479920261558291
5345282011.242973	-55.80117890106245	5.483895122332554
5345319487.820112	-56.241173287790005	5.472182461582367
5345356964.397252	-56.92879084721667	5.527225471555228
5345394440.974391	-56.86513081971307	5.495987664030766
5345431917.55153	-57.27799311473141	5.515392157500835
5345469394.12867	-57.7554863162307	5.559527480489626
5345506870.705809	-57.04401526329231	5.564637271261418
5345544347.2829485	-58.889436347986134	5.556864094642839
5345581823.860087	-58.1734226714773	5.563171797524733
5345619300.437226	-57.73337130638184	5.600140693424197
5345656777.014366	-58.430126108902066	5.587875644712173
5345694253.591505	-58.481773934012544	5.624548012440025
5345731730.168645	-59.623618781703975	5.653183041146453
5345769206.745784	-59.00164545802633	5.666469162816844
5345806683.322923	-59.37863518176519	5.672749899565059
5345844159.900063	-60.19299508170343	5.671457964010564
5345881636.477201	-60.25175576200536	5.682755763153677
5345919113.054341	-60.81652480433079	5.662189399313292
5345956589.63148	-61.241644329296136	5.710267561524731
5345994066.20862	-61.15448556641919	5.715180442765434
5346031542.785759	-62.10972370512363	5.730535490199341
5346069019.362898	-62.417623256475075	5.7206114503309315
5346106495.940038	-63.024997782063814	5.730206580048151
5346143972.517177	-63.58447085627543	5.803408874412716
5346181449.0943165	-64.10008553230276	5.8393859939436155
5346218925.671455	-64.99812019527445	5.804680450583458
5346256402.248594	-65.02726126681296	5.856213133871896
5346293878.825734	-66.12032391824421	5.880403014874444
5346331355.402873	-66.45653264385282	5.861218889829837
5346368831.980013	-67.44306292316759	5.923343842562174
5346406308.557152	-67.8456678257814	5.835091985141011
5346443785.134291	-68.3348571099416	5.880609569863065
5346481261.711431	-69.30481306333947	5.9000841726563085
5346518738.288569	-69.27940659945057	5.893900888661701
5346556214.865709	-70.96231739987627	5.991220981830824
5346593691.442848	-72.41224219621284	5.989084346094613
5346631168.019987	-73.81912582053869	5.964242847920043
5346668644.597127	-76.65014496129578	5.9805741870857005
5346706121.174266	-73.80150387609844	5.938993961445347
5346743597.751406	-75.30649726298071	6.04326308820295
5346781074.328545	-76.53496777922658	5.978256111035986
5346818550.9056835	-76.77979075161326	5.924488304925004
5346856027.482823	-81.04088859369399	6.04672412166223
5346893504.059962	-81.4401021794927	5.920222156635333
5346930980.637102	-83.61477543629391	5.868396925473597
5346968457.214241	-83.2999611721231	5.8013162458261425
5347005933.79138	-84.49442777316764	5.833177509772582
5347043410.36852	-87.80357748476762	5.928863748412491
5347080886.945659	-93.8126476457952	5.5639859317612546
5347118363.522799	-91.78036271421028	5.508681108334771
5347155840.099937	-94.42632520337285	5.660021515627876
5347193316.677077	-96.98692063330304	5.331322297774727
5347230793.254216	-95.42111480384568	5.169628228002455
5347268269.831355	-96.24392080128419	4.9659625644165875
5347305746.408495	-92.27812468738924	4.880107740425068
5347343222.985634	-96.24913184009498	4.7153604652470715
5347380699.562774	-91.47257077712162	4.544203136240658
5347418176.139913	-92.73170046021116	4.235751244995292
5347455652.7170515	-87.9446800965359	4.290925960519949
5347493129.294191	-87.15263910894642	4.317978728173874
5347530605.87133	-86.39299465380942	4.104235078892161
5347568082.44847	-85.05083745645385	4.07018151025271
5347605559.025609	-82.91317064323763	4.114872329340068
5347643035.602748	-79.77923110764242	4.169658220506232
5347680512.179888	-81.47740706764397	4.081627478548775
5347717988.757027	-78.23061937154495	4.084904786603566
5347755465.334167	-76.03181159916161	4.085166864757118
5347792941.911305	-73.75059147487778	3.964946921438924
5347830418.488444	-74.66198461040993	4.139137728961709
5347867895.065584	-72.01956516787611	4.100703337949776
5347905371.642723	-71.46218318431737	4.100280737991762
5347942848.219863	-71.29394306710189	4.083861210985891
5347980324.797002	-70.46196206012394	4.1070513793478804
5348017801.374141	-70.87490857536157	4.119221661002716
5348055277.951281	-68.78295108171811	4.154432891138086
5348092754.5284195	-67.8076831774109	4.183545669771437
5348130231.105559	-65.18701644750604	4.156857349158197
5348167707.682698	-65.6077794197237	4.209998087422417
5348205184.259837	-65.13462201254865	4.196267497538916
5348242660.836977	-64.22174390101229	4.187185898025137
5348280137.414116	-63.870796990508325	4.239572276024674
5348317613.991256	-63.43927671830557	4.262919997951148
5348355090.568395	-62.92316944514628	4.246998387229652
5348392567.1455345	-62.90278712354486	4.240540368648791
5348430043.722673	-62.462176433630844	4.23678527193198
5348467520.299812	-61.18219811002714	4.295385317356924
5348504996.876952	-60.83636801321572	4.32827382817632
5348542473.454091	-61.05355143102763	4.326883128605296
5348579950.031231	-60.05971960056496	4.304465403547123
5348617426.60837	-60.04457039577637	4.3437455797534135
5348654903.185509	-59.58105125929991	4.367171275168182
5348692379.762649	-59.59759125117988	4.4040094673594705
5348729856.3397875	-59.016992280785765	4.407563751768069
5348767332.916927	-58.431312536967354	4.4060905754511
5348804809.494066	-58.77359804799373	4.450463853743543
5348842286.071205	-57.7840253905803	4.440538823907906
5348879762.648345	-58.15478501680121	4.427363665820273
5348917239.225484	-57.37132466183141	4.447254421696531
5348954715.802624	-56.93152294877283	4.530500385307604
5348992192.379763	-56.82831904996756	4.486654327446997
5349029668.956902	-56.12922699695918	4.479952166691064
5349067145.534041	-56.5667598882103	4.526362140503204
5349104622.11118	-55.57467365112687	4.552064174696287
5349142098.68832	-56.08240450085292	4.542855231406375
5349179575.265459	-55.33149638450168	4.565591913688987
5349217051.842598	-54.77384189646523	4.603553511917946
5349254528.419738	-54.84295365618401	4.646757337305379
5349292004.996877	-54.738295966709806	4.624535438422162
5349329481.574017	-54.634759449649344	4.615493140507627
5349366958.151155	-54.56233326335662	4.644399492564862
5349404434.728294	-53.42746734559462	4.6586816338123125
5349441911.305434	-53.689591710272225	4.657664565490014
5349479387.882573	-53.97866319736953	4.661784290123363
5349516864.459713	-53.81869952031137	4.684024203732199
5349554341.036852	-53.70566223977996	4.713653053721265
5349591817.613991	-52.863650450367004	4.7399618709577584
5349629294.191131	-53.26821707929585	4.732155979337706
5349666770.76827	-53.00492403114327	4.735235788229267
5349704247.345409	-52.70276292429196	4.723209433742361
5349741723.922548	-52.9328167412134	4.753642430560328
5349779200.499688	-52.860855244122014	4.764063187293207
5349816677.076827	-53.00803608111467	4.782011223658934
5349854153.653966	-52.38943236423226	4.803970586615373
5349891630.231106	-52.019453453905804	4.802628105416307
5349929106.808245	-52.48397520483525	4.8385596402788424
5349966583.385385	-52.29212108072345	4.842003889615289
5350004059.962523	-51.59322754178392	4.875743123752621
5350041536.539662	-52.10253125520684	4.857543633072317
5350079013.116802	-51.86965920607388	4.905019135659403
5350116489.693941	-51.61278126486582	4.884447087780092
5350153966.271081	-51.62748299692411	4.892962569836223
5350191442.84822	-52.131593199020315	4.90594183700107
5350228919.425359	-51.781021056958814	4.9341909866533165
5350266396.002499	-51.33098235066696	4.936480489703642
5350303872.579638	-51.4243716444673	4.946813421945325
5350341349.156777	-51.560981357877964	4.977646860910836
5350378825.733916	-51.27127510914121	4.991002231168722
5350416302.311055	-51.592262482030044	4.963268925420798
5350453778.888195	-50.728281148036764	5.032316721739713
5350491255.465334	-50.622921371953076	5.020462527714218
5350528732.042474	-50.4472607225929	5.008456436872151
5350566208.619613	-50.83555031479566	5.033047014158548
5350603685.196752	-50.84392148639922	5.012673826105226
5350641161.773891	-50.90384365578922	5.065642541392211
5350678638.35103	-50.790271540960504	5.052189782789682
5350716114.92817	-51.116030194313	5.073520003316132
5350753591.505309	-50.1629550507801	5.082895029618243
5350791068.082448	-50.41329854152437	5.082688007336983
5350828544.659588	-50.24067751026444	5.114268718284633
5350866021.236727	-50.49755712451474	5.108417356729334
5350903497.813867	-50.33453560012119	5.119061001984462
5350940974.3910055	-50.11158486157029	5.13612272223883
5350978450.968145	-50.05651922176334	5.16229505200043
5351015927.545284	-49.81251011545852	5.168457623282596
5351053404.122423	-50.24447645044538	5.163846433305882
5351090880.699563	-50.66523636691255	5.19903944094626
5351128357.276702	-50.000896577438276	5.181637927516027
5351165833.853842	-50.54882438672229	5.192833814750515
5351203310.430981	-49.92871692950803	5.218099028439989
5351240787.00812	-49.98468251260401	5.235698862113008
5351278263.585259	-50.18227099591431	5.204266366780241
5351315740.162398	-49.973507281442195	5.2507724590490845
5351353216.739538	-50.049551396529274	5.246037920565022
5351390693.316677	-49.262818130274184	5.2557966098520446
5351428169.893816	-49.46197924208811	5.2508192178643585
5351465646.470956	-49.966306522246605	5.264022687171112
5351503123.048095	-49.33677085189656	5.254584097075225
5351540599.625235	-50.14936151747929	5.28907943206457
5351578076.2023735	-49.54206031546854	5.301153726097446
5351615552.779512	-50.084778748097264	5.31983068092194
5351653029.356652	-49.87205396702493	5.312260078976567
5351690505.933791	-49.46253538943695	5.326370131475329
5351727982.510931	-49.44335506047278	5.339870709760156
5351765459.08807	-49.19985064517796	5.354336269278639
5351802935.665209	-49.19914141785719	5.352599496467671
5351840412.242349	-49.271817082001064	5.356344472059755
5351877888.819488	-49.71283329785166	5.399096888395722
5351915365.396627	-49.20769268080147	5.383328751029795
5351952841.973766	-49.099165175077104	5.389085785142222
5351990318.550905	-49.12129107813957	5.412275046228159
5352027795.128045	-49.17317943827274	5.383446031127066
5352065271.705184	-49.09326005329008	5.404253885918003
5352102748.282324	-49.181518985195545	5.4280418283295
5352140224.859463	-49.4643714409134	5.430099801655889
5352177701.436603	-49.65345124258033	5.442032186736844
5352215178.0137415	-49.04124472209264	5.419811190415704
5352252654.59088	-48.782275250377	5.46719481549263
5352290131.16802	-49.07299566406007	5.480586222908402
5352327607.745159	-49.095865861439485	5.481472805164484
5352365084.322299	-48.80986792069507	5.479341656922066
5352402560.899438	-48.964153938167854	5.468649328375382
5352440037.476577	-48.98578293898009	5.495124256752904
5352477514.053717	-49.59220444452918	5.506498367115025
5352514990.630856	-49.52919453136332	5.534793241901514
5352552467.207995	-48.68590534774913	5.526069754388985
5352589943.785134	-48.9426733164117	5.524845066227584
5352627420.362273	-49.12675352632189	5.533530043821034
5352664896.939413	-48.8270795395481	5.569660492231719
5352702373.516552	-48.986816071246324	5.560738495166316
5352739850.093692	-48.975869633244244	5.557682389033208
5352777326.670831	-48.9262945244323	5.555375092253679
5352814803.24797	-48.785999487117884	5.574967712269257
5352852279.8251095	-49.1731765440387	5.590548027150708
5352889756.402248	-49.10305784201482	5.610006097630857
5352927232.979388	-48.76323046275414	5.591516409656048
5352964709.556527	-48.37428345624423	5.602909396992851
5353002186.133666	-48.66375129754914	5.612148300642922
5353039662.710806	-48.79089962664974	5.640758606916728
5353077139.287945	-48.80264771846108	5.621858432096471
5353114615.865085	-48.400780388708135	5.647859546457196
5353152092.442224	-48.96867330563091	5.6389382855978365
5353189569.019362	-48.403949858585946	5.6463984961131795
5353227045.596502	-48.71907420462814	5.6647280801766025
5353264522.173641	-49.062973297808426	5.66832906393912
5353301998.750781	-48.7705098272038	5.695370573991986
5353339475.32792	-49.5400618750852	5.694001186246168
5353376951.90506	-48.68865800543283	5.69273949745743
5353414428.482199	-48.96912308705847	5.693332991645434
5353451905.059338	-48.43328121202215	5.6990465320430115
5353489381.636477	-48.434714569000775	5.739049847821043
5353526858.213616	-49.0591361156443	5.718398789564466
5353564334.790756	-48.62897126515481	5.7488987360965025
5353601811.367895	-48.7063344205606	5.732284874998083
5353639287.945034	-49.184900592822665	5.7630342165336215
5353676764.522174	-48.78677830325937	5.733088774325208
5353714241.099313	-48.939814451083656	5.7486796059267995
5353751717.676453	-48.2747619329607	5.782608963440495
5353789194.253592	-48.50006191059777	5.779618273520556
5353826670.83073	-48.59888637714373	5.779585265269227
5353864147.40787	-48.65564861674767	5.79041462498748
5353901623.985009	-48.42994320167478	5.791767968563591
5353939100.562149	-48.254957126571306	5.8099266204745215
5353976577.139288	-48.49593919904198	5.818915034453368
5354014053.716427	-48.701869877154955	5.837658171235819
5354051530.293567	-48.496874874246615	5.809366230843322
5354089006.870706	-48.35737507799766	5.834116687777237
5354126483.447845	-48.72172000395278	5.849287699838725
5354163960.024984	-48.47607436971596	5.851402221175536
5354201436.602123	-48.69828028210308	5.862345812119211
5354238913.179263	-48.642825688095016	5.852941763872099
5354276389.756402	-49.052473287123874	5.863807567269418
5354313866.333542	-48.78883656769809	5.898295127232178
5354351342.910681	-48.120072224581264	5.882100717655594
5354388819.48782	-48.86813635825294	5.9022972802657705
5354426296.06496	-48.93867190657183	5.8848603889121796
5354463772.642098	-48.454888354596484	5.889121844167398
5354501249.219238	-48.89466132432776	5.931535734740085
5354538725.796377	-47.8992688359576	5.916300443987058
5354576202.373516	-48.74049356851824	5.929602068927562
5354613678.950656	-48.31614043140795	5.93414129705213
5354651155.527795	-48.33247032478134	5.95416482330468
5354688632.104935	-48.757383927259724	5.9320125034837385
5354726108.682074	-48.7830957617748	5.961987888313892
5354763585.259213	-48.751682389627376	5.949018082088297
5354801061.836352	-48.686195626016186	5.958930147886086
5354838538.413491	-48.427906713054256	5.98844903591074
5354876014.990631	-48.41732161991921	5.970196608158593
5354913491.56777	-48.97990152637889	5.994057507275039
5354950968.14491	-48.4895414091266	5.968740199230219
5354988444.722049	-48.257492952659206	6.021649754825733
5355025921.299188	-48.44893443904057	6.036014223215618
5355063397.8763275	-48.42117241087803	6.00059297078146
5355100874.453466	-48.32202252634907	6.012509974122048
5355138351.030606	-48.572936974201426	6.035212408499343
5355175827.607745	-48.81456900558696	6.03625527260086
5355213304.184884	-48.427041688511075	6.061499857914414
5355250780.762024	-48.77692118273936	6.05938589113511
5355288257.339163	-48.46419855252567	6.047554117325623
5355325733.916303	-48.51442078815265	6.079892002725824
5355363210.493442	-48.34058054930093	6.052294734223692
5355400687.0705805	-48.341915552964366	6.075419209348514
5355438163.64772	-48.63637999910014	6.111421053342786
5355475640.224859	-48.383451059598606	6.079841389584059
5355513116.801999	-48.69207261975252	6.0768829150123524
5355550593.379138	-48.82151614909474	6.093396754224642
5355588069.956277	-48.397248877248785	6.1241307226933595
5355625546.533417	-48.45427167468664	6.112224986632526
5355663023.110556	-48.02170282879409	6.147333205281491
5355700499.6876955	-48.61796916393246	6.137845571735955
5355737976.264834	-48.61001020657799	6.156045993787543
5355775452.841973	-48.48616493819482	6.139747305328821
5355812929.419113	-48.66849385586769	6.136846881757045
5355850405.996252	-48.605376515609294	6.157731466917322
5355887882.573392	-48.04224130406094	6.179603750225464
5355925359.150531	-48.09446413795452	6.171181115499552
5355962835.727671	-48.57382947732403	6.169166659354673
5356000312.30481	-48.29946683752957	6.178876080261516
5356037788.881948	-48.229214069365554	6.196697901436415
5356075265.459088	-48.12194987336726	6.1922304853556325
5356112742.036227	-48.58089555216886	6.221536896829014
5356150218.613367	-48.38793265763135	6.2201406907705765
5356187695.190506	-48.7537604328937	6.215667061766483
5356225171.767645	-48.630212377236134	6.23241598145818
5356262648.344785	-48.26303070098278	6.2169558254443205
5356300124.921924	-48.43580472166173	6.237597324650513
5356337601.4990635	-48.840028447275785	6.243882131012543
5356375078.076202	-48.42870641967667	6.263885952654873
5356412554.653341	-48.65763219549676	6.26336384686616
5356450031.230481	-48.28930562284542	6.266298581161594
5356487507.80762	-48.659316637907175	6.278230915455636
5356524984.38476	-48.091920298447086	6.289137492110845
5356562460.961899	-48.16596829771435	6.279767821703176
5356599937.539038	-48.50205676517482	6.292106750291083
5356637414.116178	-48.159556767153134	6.2882251298864915
5356674890.693316	-48.295990228102596	6.315992756827085
5356712367.270456	-48.52842257885089	6.307184775402959
5356749843.847595	-48.502251541511335	6.3041515137909
5356787320.424734	-48.266517527586416	6.322750115381501
5356824797.001874	-48.32799603281954	6.3357735360792535
5356862273.579013	-48.14809617166993	6.3356839833295195
5356899750.156153	-48.51441404171197	6.339848627433073
5356937226.733292	-48.270167459870336	6.354167846223365
5356974703.310431	-48.39491282399233	6.355416812436674
5357012179.88757	-48.51083106330846	6.371062503888762
5357049656.464709	-48.17239156116065	6.3903544552519955
5357087133.041849	-48.449475726944215	6.387283840802874
5357124609.618988	-48.23968151230275	6.3993162255727
5357162086.196128	-48.15820886079905	6.37565063099058
5357199562.773267	-48.027623086583795	6.398764185093127
5357237039.350406	-48.261545868259425	6.409362338131406
5357274515.927546	-48.6135608936208	6.408616471114463
5357311992.504684	-48.39132590395736	6.399539255500689
5357349469.081824	-48.25567470630949	6.415875031345927
5357386945.658963	-48.58484309773658	6.41485759142149
5357424422.236102	-48.66114861415091	6.426408194600939
5357461898.813242	-48.1805359217142	6.438741586312661
5357499375.390381	-48.43656483200007	6.440327219934235
5357536851.967521	-48.66786763913858	6.44510391685197
5357574328.54466	-48.40961060797448	6.441500164219014
5357611805.1217985	-48.2512905695465	6.482759636537718
5357649281.698938	-48.45425200491307	6.465414624902006
5357686758.276077	-48.58687947120899	6.471871078922129
5357724234.853217	-48.05144848517445	6.4860402153573755
5357761711.430356	-48.41382423147658	6.490868360317912
5357799188.007495	-48.773481323491325	6.504695903332474
5357836664.584635	-48.730222105951626	6.51302431930736
5357874141.161774	-48.77960898037528	6.515911755651291
5357911617.738914	-48.809512168339154	6.491731754887005
5357949094.316052	-48.12346426629806	6.521397290547723
5357986570.893191	-48.386767018418226	6.529688286458353
5358024047.470331	-48.33745484658714	6.523107510219352
5358061524.04747	-48.17618827235384	6.5531654753249295
5358099000.62461	-48.17740134535633	6.541983218949157
5358136477.201749	-48.07376758141018	6.546249477851344
5358173953.778888	-48.56655816437875	6.5487123220554135
5358211430.356028	-48.49617882281683	6.576910074987509
5358248906.9331665	-48.26326879308112	6.583086681111098
5358286383.510306	-48.41050838171821	6.575962616614602
5358323860.087445	-48.23987663237246	6.592150555575956
5358361336.664585	-48.49463329015865	6.595628910258881
5358398813.241724	-48.5170764529079	6.592913732758802
5358436289.818863	-48.3468291636689	6.588757322233339
5358473766.396003	-48.13288230542462	6.613042540276721
5358511242.973142	-47.83463689557713	6.61609174721792
5358548719.550282	-48.54896454993293	6.621833732396767
5358586196.12742	-48.17626440619728	6.634095060798811
5358623672.704559	-48.241170434271055	6.647300435429173
5358661149.281699	-48.62484590849566	6.640493068913343
5358698625.858838	-48.265071374100955	6.63835018608235
5358736102.435978	-48.21067978256022	6.6431849809302115
5358773579.013117	-48.37595976490934	6.6510036275941555
5358811055.590256	-48.29262164373337	6.650128458232981
5358848532.167396	-48.27564142407341	6.669598492620807
5358886008.7445345	-48.50676013219562	6.681340175872755
5358923485.321674	-48.42820721823844	6.67997605541753
5358960961.898813	-48.02756531914003	6.674315931184584
5358998438.475952	-48.30543314095575	6.694944445051239
5359035915.053092	-48.85820884125564	6.718151695304531
5359073391.630231	-48.548881968424304	6.712396054804943
5359110868.207371	-48.6802902042908	6.704818887135126
5359148344.78451	-48.667874010325946	6.70880888429047
5359185821.361649	-47.82706238097511	6.7262975649142085
5359223297.938788	-48.31346093023108	6.7452111194120565
5359260774.515927	-48.545790428889156	6.740395506433141
5359298251.093067	-48.43523991495392	6.755996709218218
5359335727.670206	-48.429364282658085	6.762846089935001
5359373204.247345	-48.38035556432871	6.774706426155263
5359410680.824485	-48.50111571620053	6.763709764519207
5359448157.401624	-48.458081924103176	6.765642159708947
5359485633.978764	-48.22911718461775	6.8024554018840435
5359523110.5559025	-48.38976084039916	6.790378765360794
5359560587.133041	-49.078090219436625	6.79718190676214
5359598063.710181	-48.4216995400023	6.810055373422082
5359635540.28732	-48.16759793201149	6.795273557879482
5359673016.86446	-48.42686984557592	6.804043901796088
5359710493.441599	-48.43932693608464	6.794526015279285
5359747970.018739	-48.58689379651214	6.817596906732533
5359785446.595878	-48.52070486147706	6.832797168669472
5359822923.173017	-48.565141851958025	6.832850999375651
5359860399.750156	-48.251933037074934	6.838728322550088
5359897876.327295	-48.36855441796913	6.8300506629601365
5359935352.904435	-48.4997212166277	6.83560036028704
5359972829.481574	-48.47491757072334	6.861018401363948
5360010306.058713	-48.7712546865312	6.846951783441242
5360047782.635853	-48.2199898376369	6.861184942561826
5360085259.212992	-48.48947232064247	6.868911140151495
5360122735.790132	-48.20422254403049	6.896887919358209
5360160212.36727	-48.172385631263765	6.899941993175556
5360197688.944409	-48.44030612304429	6.899307733001567
5360235165.521549	-48.4540130508134	6.890784798376474
5360272642.098688	-48.90354813213535	6.896141475945914
5360310118.675828	-48.96767212082025	6.906754776511075
5360347595.252967	-47.98640117371872	6.911014276615731
5360385071.830106	-48.24034184957046	6.931880272433562
5360422548.407246	-48.397913708640715	6.933366944483247
5360460024.984385	-48.794360309658664	6.9559391531282415
5360497501.561524	-48.68902897065732	6.957069108697996
5360534978.138663	-48.224324294267795	6.9386496594843745
5360572454.715802	-48.399601788735424	6.943185144458843
5360609931.292942	-48.22154752897099	6.95102894608989
5360647407.870081	-48.79414013359284	6.975942419514207
5360684884.447221	-48.75802747893991	6.972319314717129
5360722361.02436	-48.73222742756903	6.982586848240169
5360759837.601499	-48.26109497006756	6.992532902535563
5360797314.178638	-48.60099233119208	6.986582216311266
5360834790.755777	-48.65998267314317	6.994172347999304
5360872267.332917	-48.47851989744952	7.014660048636367
5360909743.910056	-48.069001090615956	7.014714187433371
5360947220.487196	-48.31427346854497	7.012017444673544
5360984697.064335	-48.82189839597722	7.044807757637911
5361022173.641474	-48.06103301818652	7.04818787656458
5361059650.218614	-48.53988975055359	7.024140586261952
5361097126.795753	-48.27147771503407	7.044004633203427
5361134603.372892	-48.8162559081637	7.064417653949595
5361172079.950031	-48.21094213802876	7.051604877452904
5361209556.52717	-48.28343782998453	7.071937077923714
5361247033.10431	-48.63668631037983	7.069711537174783
5361284509.681449	-48.44073156727151	7.061926609042327
5361321986.258589	-48.10498261393187	7.08848430779511
5361359462.835728	-49.158344128152336	7.075373248524103
5361396939.412867	-48.71055846964829	7.09955173731664
5361434415.990006	-48.57315473791395	7.089015397539589
5361471892.567145	-48.55698405853754	7.10442493272438
5361509369.144285	-48.193658473398614	7.1081118094398255
5361546845.721424	-48.60608778188813	7.113426903008783
5361584322.298563	-48.64401137578974	7.112459322213571
5361621798.875703	-48.175995267553276	7.13858544065954
5361659275.452842	-47.59124305496988	7.131898355429739
5361696752.029982	-48.433099305276656	7.1600873373989
5361734228.6071205	-48.64656522970787	7.135526294021149
5361771705.184259	-48.5778662814566	7.144100944224828
5361809181.761399	-48.75758034935326	7.149151643283346
5361846658.338538	-48.6926357902939	7.153899841873917
5361884134.915678	-48.30613677476567	7.1536538611955685
5361921611.492817	-48.74545131179342	7.1572860117540085
5361959088.069956	-48.21675082122617	7.171088969012201
5361996564.647096	-48.336733851502196	7.177856880431975
5362034041.224235	-48.79862146174613	7.189835975921575
5362071517.801374	-48.81911295590439	7.195981314140636
5362108994.378513	-48.782457109251986	7.199318333958958
5362146470.955652	-48.771062781788444	7.212280211548629
5362183947.532792	-49.02832205863791	7.193981725309239
5362221424.109931	-48.876124794777965	7.2171873993250735
5362258900.687071	-48.51822959257283	7.235230087078093
5362296377.26421	-48.54179860429903	7.240923862102159
5362333853.84135	-49.218231813743	7.245338546065282
5362371330.4184885	-49.32647591503901	7.236986345037124
5362408806.995627	-48.79792331698794	7.277098233845553
5362446283.572767	-48.5176762085556	7.262856467930102
5362483760.149906	-48.66263684615135	7.273094228661656
5362521236.727046	-48.780479592022274	7.27640819165892
5362558713.304185	-48.23295240269701	7.2767271556964275
5362596189.881324	-48.52429533171132	7.256747005695109
5362633666.458464	-48.41981727562694	7.2910712470942665
5362671143.035603	-48.56207800901365	7.299991434422754
5362708619.612742	-48.636769618913675	7.315019087005634
5362746096.189881	-48.3526140310194	7.29453034846276
5362783572.76702	-48.6569164919304	7.313767818041116
5362821049.34416	-47.99123119337559	7.330178907995678
5362858525.921299	-48.71123085098055	7.322018972464538
5362896002.498439	-48.592842251077585	7.332242168447231
5362933479.075578	-48.696793244591476	7.348392484200296
5362970955.652717	-48.72201557630903	7.355543017038366
5363008432.2298565	-48.26776208752805	7.345374349371168
5363045908.806995	-48.44300665788552	7.341038310070604
5363083385.384135	-48.90675081987516	7.381333378571292
5363120861.961274	-48.58131542206618	7.34666532512186
5363158338.538413	-48.40470519623701	7.372077777445527
5363195815.115553	-48.547257799113765	7.367765855342698
5363233291.692692	-48.523394487996526	7.400445629931564
5363270768.269832	-49.096838505516104	7.403314503531059
5363308244.846971	-48.67131096154622	7.377648215286029
5363345721.424109	-49.12845071478944	7.400961169354686
5363383198.001249	-48.11255853569086	7.384921526836703
5363420674.578388	-48.5313166834308	7.410407894994655
5363458151.155528	-48.27929134081007	7.412414855457745
5363495627.732667	-48.34437436481423	7.427096744241226
5363533104.309807	-48.999104326423584	7.427179271544074
5363570580.886946	-48.8697331359171	7.428822586720485
5363608057.464085	-48.11277753263629	7.445036943627854
5363645534.0412245	-48.54272238802367	7.450874110341386
5363683010.618363	-48.41528064554423	7.452662771055637
5363720487.195503	-48.721449536475205	7.4498088140854914
5363757963.772642	-48.830054958571054	7.489318442633273
5363795440.349781	-48.447378043734744	7.453167650457303
5363832916.926921	-48.52338671315037	7.495180651197131
5363870393.50406	-48.50374490408865	7.479233608821844
5363907870.0812	-48.42888305920364	7.50412821368667
5363945346.658339	-48.60469808821446	7.5030148320853645
5363982823.235477	-48.42299504609255	7.489938843351058
5364020299.812617	-48.81093053647394	7.508969089937422
5364057776.389756	-48.628837607180806	7.52554971953495
5364095252.966896	-48.85372189342601	7.502899962972232
5364132729.544035	-49.29433800293887	7.538782418424462
5364170206.121174	-48.51211357128485	7.551833575523852
5364207682.698314	-48.4443404343275	7.539601612730619
5364245159.275453	-49.288453872970344	7.545117432081298
5364282635.852592	-48.08534435920724	7.549473628419532
5364320112.429731	-48.60350307498347	7.564589575724203
5364357589.00687	-48.71408740182014	7.54598057312789
5364395065.58401	-48.439023152837365	7.56448085440076
5364432542.161149	-48.56454869128997	7.565376454971668
5364470018.738289	-48.44116816726884	7.576529320802029
5364507495.315428	-49.09205546713166	7.57234212072616
5364544971.892567	-48.52564156975289	7.601054929833628
5364582448.469707	-48.71851072270335	7.592291514304067
5364619925.046845	-48.690686506007	7.605761966775986
5364657401.623985	-48.40886975381874	7.596190873287404
5364694878.201124	-48.718901179203826	7.619944050162465
5364732354.778264	-48.516373572264925	7.604947622355308
5364769831.355403	-48.721240403687666	7.6213410788882285
5364807307.932542	-48.50145126864554	7.644725299495464
5364844784.509682	-48.763907351408946	7.622379404770358
5364882261.086821	-49.03479242758321	7.635050915546048
5364919737.66396	-48.56232956109484	7.648559605817876
5364957214.241099	-47.85922141136771	7.670946544197525
5364994690.818238	-48.37630209949787	7.659580185340591
5365032167.395378	-48.58265820768644	7.676572304765766
5365069643.972517	-49.03361408972874	7.6816901012992105
5365107120.549657	-48.52923877175872	7.6880975660161255
5365144597.126796	-48.53360210021407	7.697595070663445
5365182073.703935	-48.61043657913296	7.720792668594355
5365219550.281075	-48.5499858758189	7.696441846763113
5365257026.858213	-48.987940376366026	7.693295387146255
5365294503.435353	-49.06326168205656	7.732091945710393
5365331980.012492	-48.91452157803368	7.709644993493644
5365369456.589631	-48.79180134368327	7.712447752485232
5365406933.166771	-48.4999622432163	7.713697318930548
5365444409.74391	-49.07730425859065	7.719428062134687
5365481886.32105	-48.361269518370264	7.74979182294188
5365519362.898189	-49.047662756342646	7.756746399269823
5365556839.4753275	-48.70836943098463	7.765636653321954
5365594316.052467	-49.06083589735278	7.767676200609808
5365631792.629606	-49.16802704338393	7.7537474201096765
5365669269.206746	-48.50601183662469	7.770921703219171
5365706745.783885	-48.69895269127171	7.780942975332666
5365744222.361024	-49.22230102338773	7.75996397824001
5365781698.938164	-48.700165961897845	7.793683026840499
5365819175.515303	-48.657331404899004	7.7945957790902884
5365856652.0924425	-48.85887491943202	7.799234529001962
5365894128.669581	-48.617708500317036	7.789242766179132
5365931605.246721	-48.54758660213689	7.8171565024729395
5365969081.82386	-49.11265024581873	7.792580818933167
5366006558.400999	-49.12752482557059	7.794340182968363
5366044034.978139	-49.12457760894625	7.842513859086354
5366081511.555278	-48.55834119674037	7.828094958566435
5366118988.132418	-48.978509440937884	7.81714064632601
5366156464.709557	-48.57609497180266	7.861356431565117
5366193941.2866955	-49.0121129567818	7.8631468017498225
5366231417.863835	-48.9191136395906	7.84659813630174
5366268894.440974	-48.70155519940351	7.849426154451104
5366306371.018114	-48.89104586396259	7.879519785887892
5366343847.595253	-49.06971835462417	7.868350462630077
5366381324.172392	-48.673634510781845	7.884512374354597
5366418800.749532	-48.90247459917333	7.915228994625089
5366456277.326671	-48.70356438446044	7.895127202431076
5366493753.9038105	-48.555887069224035	7.895347927474582
5366531230.480949	-48.595798397159065	7.89589888636635
5366568707.058088	-48.86253797411216	7.899081161908974
5366606183.635228	-48.857552479602084	7.915671881659001
5366643660.212367	-48.60912783073087	7.94115710531756
5366681136.789507	-48.80163235498703	7.924838480476459
5366718613.366646	-48.48412593717856	7.941836411612542
5366756089.943785	-48.90593535365906	7.954878760721935
5366793566.520925	-48.540655006252614	7.931386728682379
5366831043.098063	-48.594342180174756	7.951933905881487
5366868519.675203	-48.901605619601725	7.937958694066285
5366905996.252342	-48.57990630030351	7.964963913504027
5366943472.829481	-48.40712033499371	7.991181209050567
5366980949.406621	-49.0356901461257	7.984585915474414
5367018425.98376	-48.47364377185098	7.983356339051573
5367055902.5609	-48.782971277058344	8.004411757407578
5367093379.138039	-48.76641247432022	7.998866281297625
5367130855.715178	-48.73609819010565	7.997820920100362
5367168332.292317	-48.74934156450373	7.997511045862465
5367205808.869456	-48.6771874190542	7.989290912478721
5367243285.446596	-49.102180727307925	7.994606867530559
5367280762.023735	-48.871580952192545	8.012393148594512
5367318238.600875	-48.58537591339271	8.031221777177022
5367355715.178014	-48.744497029654035	8.026721719844325
5367393191.755153	-48.83445397601691	8.02649358127761
5367430668.332293	-48.19667581923012	8.057468473825976
5367468144.909431	-48.658595048499684	8.05951227879302
5367505621.486571	-48.516136688663714	8.057072346070093
5367543098.06371	-49.07317108746408	8.054997809599733
5367580574.640849	-48.40068189679846	8.065741352509063
5367618051.217989	-49.0858583116071	8.068262250144087
5367655527.795128	-49.02367345233709	8.078836539103893
5367693004.372268	-48.53539245648811	8.08131366510051
5367730480.949407	-48.5333506585463	8.07282295980024
5367767957.526546	-49.05263007854921	8.103551548174622
5367805434.103685	-49.420940817264395	8.114304554531646
5367842910.680824	-48.69416437060891	8.127669486788632
5367880387.257964	-48.80142738852838	8.117192563943254
5367917863.835103	-49.054390591619075	8.124858488519884
5367955340.412242	-48.982482722999954	8.105549389304114
5367992816.989382	-49.3597834915377	8.134530447452802
5368030293.566521	-48.84787632327216	8.144452618804424
5368067770.143661	-48.66715092688898	8.129399824874262
5368105246.720799	-49.14342008799653	8.147584398238807
5368142723.297938	-48.4320660737264	8.154588001723528
5368180199.875078	-48.88003781953759	8.137263910523682
5368217676.452217	-48.84463949152337	8.15913754269627
5368255153.029357	-48.76975268309966	8.1421204145005
5368292629.606496	-48.944256970425315	8.191514620637376
5368330106.183635	-49.05609445771916	8.210625554203167
5368367582.760775	-48.604188780812535	8.171364314673735
5368405059.3379135	-49.0537682927112	8.192239131013624
5368442535.915053	-48.832696291482954	8.183700566967168
5368480012.492192	-48.915918628325805	8.20555716816375
5368517489.069332	-48.81374535621059	8.205306770880487
5368554965.646471	-49.18022543754894	8.216168775804986
5368592442.22361	-49.123076304578895	8.222553538577532
5368629918.80075	-48.746999943924074	8.24899604200595
5368667395.377889	-48.95684821815645	8.240062125891885
5368704871.955029	-48.7969654916752	8.219428446037965
5368742348.532167	-48.946434782733846	8.251929445228992
5368779825.109306	-49.12732223498171	8.237127493020427
5368817301.686446	-48.80842771417584	8.248011237956927
5368854778.263585	-48.825672530755604	8.259631818891519
5368892254.840725	-49.45338588925192	8.255213460494907
5368929731.417864	-48.6707880905216	8.264345122695437
5368967207.995003	-48.86756363980241	8.274555317605442
5369004684.572143	-48.1442069243632	8.265192326719797
5369042161.1492815	-48.7715614349895	8.28888629087906
5369079637.726421	-49.234454719276	8.297869333061774
5369117114.30356	-48.67317834339681	8.302561447933478
5369154590.880699	-49.49015703603596	8.300362783612936
5369192067.457839	-49.195346786257545	8.302793761340176
5369229544.034978	-49.40692129683913	8.321131784953561
5369267020.612118	-48.79201171793049	8.30985598489368
5369304497.189257	-48.974866953768014	8.299016803006566
5369341973.766396	-48.566193088074954	8.34156946404416
5369379450.343535	-48.99262340691215	8.35161895139019
5369416926.920674	-48.563797779051754	8.330074870920612
5369454403.497814	-48.95067436783649	8.34753444160889
5369491880.074953	-48.624071067129705	8.354974002152039
5369529356.652092	-48.63080308099322	8.350710295839274
5369566833.229232	-48.72575247061828	8.355234688865956
5369604309.806371	-49.169320845888876	8.373455659486304
5369641786.383511	-49.119376186643436	8.37641192640884
5369679262.9606495	-48.651297475663036	8.40063478838455
5369716739.537789	-48.467658410484844	8.407386688599583
5369754216.114928	-48.680275626085916	8.408313438387237
5369791692.692067	-48.87753219830664	8.38438470304133
5369829169.269207	-48.95040332946781	8.401007778267159
5369866645.846346	-49.1095690744159	8.422619592889772
5369904122.423486	-49.35834270966018	8.395544991185432
5369941599.000625	-48.59061062775063	8.439453278553195
5369979075.577764	-48.70368959446367	8.41672418429609
5370016552.154903	-48.87238621312649	8.436120734752507
5370054028.732042	-48.92713140631749	8.426884738620549
5370091505.309182	-48.426830370320026	8.452893064659204
5370128981.886321	-48.82696279638814	8.451659711990235
5370166458.46346	-48.883473557329694	8.441308949042437
5370203935.0406	-49.24009780073441	8.480033287946533
5370241411.617739	-49.00495472724646	8.473743065508717
5370278888.194879	-48.65441533125387	8.48117048976519
5370316364.7720175	-48.97439807920507	8.486277369548663
5370353841.349156	-48.63457012634381	8.473130629595785
5370391317.926296	-48.580054206187945	8.480138301529317
5370428794.503435	-49.10280911606173	8.497326335584265
5370466271.080575	-49.150431053943876	8.510951981362485
5370503747.657714	-48.79087321311039	8.514789607204682
5370541224.234853	-48.652500331157704	8.51241433416369
5370578700.811993	-49.29616429390977	8.541031761929208
5370616177.389132	-48.94986248807369	8.540609019586045
5370653653.966271	-48.77516734899607	8.530131255288357
5370691130.54341	-49.089446878621494	8.554112796781318
5370728607.120549	-48.824320617489896	8.558476449441008
5370766083.697689	-49.17626436263539	8.551919288041965
5370803560.274828	-49.05099200744552	8.543159486107015
5370841036.851968	-49.396326633167966	8.559863440879909
5370878513.429107	-49.35146547432925	8.56006112371352
5370915990.006247	-48.77995050672399	8.546624551025051
5370953466.583385	-48.54917608576983	8.587380138714169
5370990943.160524	-48.9495099017999	8.590645541804435
5371028419.737664	-49.08815122445422	8.599819353459612
5371065896.314803	-49.25078513078909	8.588664499676273
5371103372.891943	-48.439855177920286	8.609515239914813
5371140849.469082	-49.171706149081054	8.624242672144748
5371178326.046221	-48.69644514716141	8.627806503746083
5371215802.623361	-49.13156643256624	8.601619486769547
5371253279.2005	-49.42796224889441	8.619591911604413
5371290755.777639	-48.89098619381159	8.62154495078909
5371328232.354778	-49.10297757681042	8.651050927542599
5371365708.931917	-48.83771647689499	8.629099650943738
5371403185.509057	-48.84155097385825	8.649561121645192
5371440662.086196	-49.57682879090201	8.650622906691867
5371478138.663336	-48.58430532008149	8.652945894961531
5371515615.240475	-49.13340090729918	8.682023422640096
5371553091.817614	-49.264343870167224	8.671376276736995
5371590568.394753	-49.427182261843996	8.664400488723373
5371628044.971892	-48.8529160866048	8.681292549903926
5371665521.549032	-48.873673445637166	8.711081626837817
5371702998.126171	-49.23632500185023	8.691976158442483
5371740474.70331	-49.08583625390265	8.689503740433258
5371777951.28045	-48.84823069104727	8.718934504000737
5371815427.857589	-49.34341095736657	8.702786447092652
5371852904.434729	-48.93538110405794	8.745144903119357
5371890381.011868	-48.918905171010465	8.741301437855663
5371927857.589006	-49.3003853690533	8.753674332018448
5371965334.166146	-49.13006166708554	8.745409752732321
5372002810.743285	-48.76675457808588	8.733986807982202
5372040287.320425	-49.43266889079213	8.733345989664063
5372077763.897564	-48.876356732250834	8.764279446094172
5372115240.474703	-49.01792517201282	8.741955324754302
5372152717.051843	-49.006436278023564	8.765352462262591
5372190193.628982	-49.23481198989489	8.778427220959816
5372227670.206121	-49.07714843923388	8.760909116079205
5372265146.78326	-48.652054559578346	8.789608566066857
5372302623.3604	-48.86815806881482	8.778021823253948
5372340099.937539	-49.29844695978737	8.80469069567783
5372377576.514678	-49.30514684930456	8.814214527630153
5372415053.091818	-48.87185746047621	8.818451018169224
5372452529.668957	-49.05626378435091	8.814270987998334
5372490006.246097	-49.21482725811273	8.817870020808142
5372527482.8232355	-48.84250712643422	8.812543974495874
5372564959.400374	-48.50580528610153	8.83209727359952
5372602435.977514	-49.089475213673765	8.814609297790192
5372639912.554653	-48.60148371361675	8.808729732819552
5372677389.131793	-48.82352734313991	8.820965067280502
5372714865.708932	-48.86363100532204	8.857743655975458
5372752342.286071	-48.91678601134116	8.851171021805998
5372789818.863211	-49.36211372158841	8.870433831279996
5372827295.44035	-49.03163134667041	8.892373245068965
5372864772.017489	-49.00783215336743	8.880208351448236
5372902248.594628	-49.1656794165182	8.904976696222256
5372939725.171767	-48.67789035935945	8.904561921966149
5372977201.748907	-49.10841448101483	8.893088597681167
5373014678.326046	-49.19604922862745	8.89728513144092
5373052154.903186	-48.93394958642081	8.901041225668024
5373089631.480325	-49.39747290987631	8.919325406279475
5373127108.057464	-49.38730565027754	8.902882533512543
5373164584.6346035	-48.469353577812484	8.922272153824643
5373202061.211742	-49.005155839912966	8.936668664121518
5373239537.788882	-49.26263715620047	8.930798975375257
5373277014.366021	-49.50722906970002	8.940160021761521
5373314490.94316	-48.85139283917632	8.93852840035831
5373351967.5203	-49.06638485302871	8.929795417458863
5373389444.097439	-48.42462932661174	8.952372901403006
5373426920.674579	-48.52290750974475	8.969716665238858
5373464397.251718	-49.542435826289605	8.970381052285788
5373501873.828857	-49.337214015679436	8.950047866443311
5373539350.405996	-49.273105936437105	8.974163610775541
5373576826.983135	-48.99227198899546	8.998174604529368
5373614303.560275	-49.320652467058075	9.00760904313885
5373651780.137414	-49.39078326730587	9.00835971857606
5373689256.714554	-49.186248078571914	8.991563668668876
5373726733.291693	-49.17099177471526	9.020023166879776
5373764209.868832	-49.22744972961584	9.011636843488342
5373801686.4459715	-49.08971761584074	9.015374414853984
5373839163.02311	-49.32983562663792	9.030220880573426
5373876639.60025	-48.875494415203136	9.040029457288593
5373914116.177389	-49.55449444390261	9.03531870771861
5373951592.754528	-49.14254810911247	9.043992966498266
5373989069.331668	-48.76919770594241	9.04162376442127
5374026545.908807	-49.11236825876263	9.06602550126501
5374064022.485947	-48.88727331016152	9.066377204866562
5374101499.063086	-49.015797500237994	9.098021684139482
5374138975.640224	-48.91147754975861	9.068549863944847
5374176452.217364	-49.27566937730922	9.08879987714483
5374213928.794503	-49.023067509418354	9.082661425726318
5374251405.371643	-48.759954157256715	9.082989803505033
5374288881.948782	-49.10725072836285	9.099696521457195
5374326358.525921	-49.395348529419785	9.096274644466954
5374363835.103061	-49.22750525381895	9.10573080562581
5374401311.6802	-49.26638944367753	9.08276775911969
5374438788.2573395	-48.88626036993166	9.122222959661995
5374476264.834478	-49.456934193958446	9.101650101185639
5374513741.411617	-48.905692171839064	9.137494973010991
5374551217.988757	-49.31659242032303	9.13945848129523
5374588694.565896	-48.68068813158803	9.133226156276159
5374626171.143036	-49.09106426276721	9.166279795658426
5374663647.720175	-49.55214643912596	9.161812089224469
5374701124.297315	-49.34779262754225	9.158197676203383
5374738600.874454	-49.03156727451544	9.155407656769851
5374776077.451592	-49.42157110635794	9.154565787979488
5374813554.028732	-48.8786023486713	9.177447371307268
5374851030.605871	-49.64897171482989	9.164269107952492
5374888507.183011	-49.60415343190259	9.1701046717338
5374925983.76015	-49.16831455577815	9.189048141333672
5374963460.337289	-49.02296072710218	9.198264722644167
5375000936.914429	-49.064213118201494	9.185518302901357
5375038413.491568	-49.0859891437095	9.200106486583026
5375075890.068707	-49.08148488323218	9.231738351871053
5375113366.645846	-48.7554241313469	9.231072699167488
5375150843.222985	-49.31256241668567	9.208452624767457
5375188319.800125	-48.95634282176558	9.226500903345507
5375225796.377264	-49.08627063032444	9.235521788453843
5375263272.954404	-49.04048883306784	9.238178051584113
5375300749.531543	-49.1605368992695	9.241634199384844
5375338226.108682	-48.94349167889498	9.259845966347761
5375375702.685822	-49.20444965582532	9.253541176857112
5375413179.26296	-49.36148810586743	9.261231378843936
5375450655.8401	-48.83614509910668	9.269405826311846
5375488132.417239	-48.810004313887376	9.271493764245335
5375525608.994378	-49.271549064753	9.271106231549124
5375563085.571518	-49.45558508093876	9.279206556601018
5375600562.148657	-49.01831072098357	9.273198048503671
5375638038.725797	-49.31289121465614	9.29527056316481
5375675515.302936	-49.421610670372225	9.307840657824435
5375712991.8800745	-48.96991196535868	9.314026176210513
5375750468.457214	-49.3722020901376	9.32078619347351
5375787945.034353	-49.592808516649036	9.333620884418808
5375825421.611493	-49.06466371043129	9.344717563207546
5375862898.188632	-48.94463148915558	9.332095750519212
5375900374.765772	-49.038909353671265	9.334383135900197
5375937851.342911	-49.69047996991126	9.353177405495003
5375975327.92005	-49.05780200605043	9.34366426260342
5376012804.4971895	-49.042356231931905	9.335755246636253
5376050281.074328	-49.56807160397943	9.373627440677296
5376087757.651468	-48.96305459669205	9.357499205660977
5376125234.228607	-49.42177860978877	9.364834933490592
5376162710.805746	-49.3536229168873	9.359669781051073
5376200187.382886	-49.45042008328972	9.409789325186138
5376237663.960025	-49.089439024479134	9.393792217146348
5376275140.537165	-49.05499766216665	9.400541599918235
5376312617.114304	-49.09667805020348	9.395029780958074
5376350093.6914425	-49.01028175750796	9.414826324121353
5376387570.268582	-49.70214310778638	9.434122926828167
5376425046.845721	-49.244591011725085	9.411800104081754
