5644762523.422861	-50.62377875178405	-2.3758657512649797
5644800000.0	-50.53424291750771	-2.3993243239510718
5644837476.577139	-50.719549903431	-2.4029620972415793
5644874953.154279	-50.70701970267918	-2.3525484247803763
5644912429.731418	-50.177859913012824	-2.3561663088036733
5644949906.3085575	-50.28050902338614	-2.3517772236538845
5644987382.885696	-50.61558783493173	-2.353119130462224
5645024859.462835	-50.109164219851394	-2.3470073410927004
5645062336.039975	-50.3244976718763	-2.3595260021017985
5645099812.617114	-50.565861461059185	-2.3052703357475335
5645137289.194254	-50.76895828180902	-2.3227597272351637
5645174765.771393	-50.214623194039056	-2.342904547621872
5645212242.348532	-49.78732539337392	-2.3221251791921373
5645249718.925672	-50.65061027624718	-2.3270480443209682
5645287195.5028105	-50.30819203662533	-2.3392794220739264
5645324672.07995	-50.18587081297838	-2.2983240845814272
5645362148.657089	-51.03481767064939	-2.322885196196031
5645399625.234228	-49.99225945322196	-2.2904570779355278
5645437101.811368	-50.40048684040671	-2.2871975266544267
5645474578.388507	-50.51962740744923	-2.2901649716390318
5645512054.965647	-50.495621133608815	-2.2552985623220434
5645549531.542786	-50.20787020438442	-2.292784803055604
5645587008.1199255	-50.110564582803335	-2.2487527835387886
5645624484.697064	-49.85781047238792	-2.2579314672515967
5645661961.274203	-50.29412224521104	-2.2591215313889403
5645699437.851343	-50.269557200726815	-2.225813460064337
5645736914.428482	-50.17757433970196	-2.236868399817136
5645774391.005622	-50.45967185154129	-2.237121053335241
5645811867.582761	-50.251993712787396	-2.218843618227229
5645849344.1599	-50.04924232882375	-2.215479816160826
5645886820.73704	-50.290916675495666	-2.2081806521279566
5645924297.314178	-50.56893113220389	-2.218067538383946
5645961773.891318	-50.22766105125249	-2.2059728340110936
5645999250.468457	-50.30471516018079	-2.2093409987098127
5646036727.045596	-49.730438211510936	-2.180282742068498
5646074203.622736	-50.161684950786935	-2.189234414921507
5646111680.199875	-50.11987319699814	-2.206480437742321
5646149156.777015	-50.43357800630573	-2.1651444072979937
5646186633.354154	-50.78924501420086	-2.151407052318338
5646224109.931293	-50.28250547401177	-2.1757783281348897
5646261586.508432	-50.30269654487454	-2.1548745132449665
5646299063.085571	-50.634319807174535	-2.163460845407306
5646336539.662711	-50.666544644735666	-2.1526702838988894
5646374016.23985	-50.0826284044589	-2.1416181834879424
5646411492.816989	-50.59426974207513	-2.1279295766165096
5646448969.394129	-50.62130323699448	-2.1497922012704316
5646486445.971268	-50.30611607405504	-2.1025538903464875
5646523922.548408	-50.18759228808367	-2.135609318158426
5646561399.125546	-50.77489663344214	-2.123473536886233
5646598875.702685	-50.13419928990857	-2.0930075984478957
5646636352.279825	-50.17914120419952	-2.1089673712423864
5646673828.856964	-50.45296813944459	-2.079581959747605
5646711305.434104	-50.40389440090718	-2.108335270305436
5646748782.011243	-50.70904909164395	-2.099077688693119
5646786258.588383	-50.66983996868671	-2.076015208728281
5646823735.165522	-51.11826297075521	-2.0754933407765184
5646861211.7426605	-49.925780281652685	-2.0738020171122065
5646898688.3198	-50.165501660008154	-2.0752332173248944
5646936164.896939	-50.39926790850637	-2.031002809201131
5646973641.474079	-50.51139778176559	-2.0726292189000706
5647011118.051218	-50.46540614425481	-2.046588674231424
5647048594.628357	-50.40533579890184	-2.0426093569807136
5647086071.205497	-50.388452284818	-2.041843814710989
5647123547.782636	-50.39817641837932	-2.0268687246682093
5647161024.359776	-50.24758252664909	-2.01603743996488
5647198500.936914	-50.52562295828328	-2.015803210130483
5647235977.514053	-50.43470214985737	-2.019452313224608
5647273454.091193	-50.98972887939672	-1.980067967237774
5647310930.668332	-50.490532474103176	-2.014598179134744
5647348407.245472	-50.39437757665108	-2.003686430639677
5647385883.822611	-50.39987778987944	-1.9925708871833263
5647423360.39975	-50.26170253639297	-1.9822750107615303
5647460836.97689	-50.12148739589808	-1.9614290565454326
5647498313.5540285	-50.64947045369793	-1.974515652090985
5647535790.131168	-50.46478748690957	-1.9776411172716086
5647573266.708307	-50.69244271292049	-1.9538291692986594
5647610743.285446	-49.89845813310188	-1.9734186819791875
5647648219.862586	-50.904909833759774	-1.9235254484859228
5647685696.439725	-50.46474840098619	-1.9149529163153787
5647723173.016865	-50.3214872018426	-1.93644913733577
5647760649.594004	-50.4996544597438	-1.9315428569612318
5647798126.171143	-50.438111448374634	-1.925248238869316
5647835602.748282	-50.09801896303252	-1.892569033347309
5647873079.325421	-50.436276497241586	-1.909705068052926
5647910555.902561	-50.045206188468406	-1.915538176573364
5647948032.4797	-50.50538635866623	-1.9046228533836265
5647985509.05684	-50.51957190390338	-1.8775103865154308
5648022985.633979	-50.33413974778596	-1.8991803450196818
5648060462.211118	-50.19888960514035	-1.8790410292651447
5648097938.788258	-50.35798137856574	-1.8737184506805618
5648135415.3653965	-50.44061397214978	-1.8516481842834862
5648172891.942536	-50.20346017717951	-1.857590398834777
5648210368.519675	-50.32178109671343	-1.8516693924302567
5648247845.096814	-50.354586090039945	-1.8554091702502342
5648285321.673954	-50.60351737844529	-1.864485004417309
5648322798.251093	-50.509655555762826	-1.8486926134718813
5648360274.828233	-50.515921102178865	-1.8278117872536308
5648397751.405372	-50.507117723108564	-1.8355600889522328
5648435227.982511	-50.140641176630496	-1.8213153352614995
5648472704.55965	-50.49208092768585	-1.8117872285535745
5648510181.136789	-50.422949016232465	-1.8206365855802373
5648547657.713929	-50.42156764833094	-1.7941953000094915
5648585134.291068	-50.50083525667705	-1.821474962169165
5648622610.868207	-50.49525984938775	-1.7738291931172394
5648660087.445347	-50.36368664722444	-1.7993169784960243
5648697564.022486	-50.44923349305477	-1.7839451037245342
5648735040.599626	-50.255380015752955	-1.7773446850664756
5648772517.1767645	-50.047090335640874	-1.76309151675441
5648809993.753903	-49.79347744592719	-1.7540248995993453
5648847470.331043	-50.05352058192638	-1.765062881637282
5648884946.908182	-50.26036220758948	-1.7610589975232138
5648922423.485322	-50.48652179153957	-1.7522682410433479
5648959900.062461	-50.58226897619047	-1.7235766094238183
5648997376.6396	-50.13084378855315	-1.723779604129436
5649034853.21674	-50.541338553038344	-1.7389427910370336
5649072329.793879	-50.64008564401365	-1.7179464083453466
5649109806.371018	-50.489064984231355	-1.7092302885767827
5649147282.948157	-50.48948866040047	-1.7273028835072834
5649184759.525297	-50.85849521454806	-1.7276531734738743
5649222236.102436	-50.51209748547393	-1.7110710964098022
5649259712.679575	-50.738907949808016	-1.7072281574476795
5649297189.256715	-50.4495789224293	-1.6958811531208215
5649334665.833854	-50.19931014402659	-1.6602149161525288
5649372142.410994	-50.45921114673359	-1.704021572202118
5649409618.988132	-50.24987577041408	-1.6705857832781834
5649447095.565271	-49.997272949438155	-1.6545426196674158
5649484572.142411	-50.40549025274893	-1.6709722609769104
5649522048.71955	-50.86091086990776	-1.6522779766862672
5649559525.29669	-50.560515195199855	-1.66043330888549
5649597001.873829	-50.43721664052193	-1.6343413528641313
5649634478.450968	-50.56812260836027	-1.6066531170931695
5649671955.028108	-50.56423154809859	-1.6277452534888914
5649709431.605247	-50.30776430351398	-1.6382582334715405
5649746908.182386	-49.816761425688405	-1.6271252421863642
5649784384.759525	-51.23653806697942	-1.6321706665279374
5649821861.336664	-50.232990165189236	-1.6062546304949383
5649859337.913804	-50.62597179963256	-1.6093961136469694
5649896814.490943	-50.088356332216634	-1.592045882490898
5649934291.068083	-50.01771159940172	-1.5899471875814868
5649971767.645222	-50.19592840134592	-1.5943667693200057
5650009244.222361	-50.04901815518447	-1.5762190296500598
5650046720.7995	-50.3490459617893	-1.6006269937409987
5650084197.376639	-50.46228389815695	-1.5576363129874102
5650121673.953779	-50.24792060177263	-1.5516449161735442
5650159150.530918	-50.364002442439826	-1.55887933883417
5650196627.108057	-50.41696644505211	-1.5674509848093243
5650234103.685197	-50.63992218947132	-1.5615401754781701
5650271580.262336	-50.88088106276922	-1.555803715837486
5650309056.839476	-50.14883706361875	-1.549266984820768
5650346533.416615	-50.40231588196575	-1.5127160024280193
5650384009.993753	-49.95323384794963	-1.5366611677748545
5650421486.570893	-50.402417628425226	-1.502438820564332
5650458963.148032	-50.406128339385205	-1.5188511338629869
5650496439.725172	-50.10352856048929	-1.5025787809516766
5650533916.302311	-50.21845664988209	-1.526763801189893
5650571392.879451	-49.87250198761345	-1.4836373550819606
5650608869.45659	-50.23711393232599	-1.4659888021847618
5650646346.033729	-50.5061821228268	-1.4738969502369046
5650683822.610868	-50.30627457660024	-1.4803709917255778
5650721299.188007	-50.33956096740836	-1.483024656941444
5650758775.765147	-49.867319384357415	-1.4514763080729165
5650796252.342286	-50.45017574723432	-1.456383539109757
5650833728.919425	-49.70565336791605	-1.4640826075463311
5650871205.496565	-50.675812120509924	-1.4362086342946039
5650908682.073704	-50.39585414723207	-1.436670146556165
5650946158.650844	-50.15286213026169	-1.4226355456504765
5650983635.2279825	-50.453415167917875	-1.4361325102781652
5651021111.805121	-50.63640518205122	-1.4307555671529495
5651058588.382261	-50.164043031737044	-1.406495745235945
5651096064.9594	-50.02981974237785	-1.4172666163260246
5651133541.53654	-50.17727907679999	-1.4324109099962932
5651171018.113679	-50.22510040782326	-1.4280332206395627
5651208494.690818	-50.480784277817094	-1.3779332942390758
5651245971.267958	-50.5809693985696	-1.4093797061031823
5651283447.845097	-50.53438467648099	-1.3827954182588684
5651320924.422236	-50.254982952022985	-1.3882779179946168
5651358400.999375	-49.95746547238014	-1.3658248511475242
5651395877.576514	-50.591455151127036	-1.380794479434028
5651433354.153654	-50.39294887387942	-1.3593901811837275
5651470830.730793	-50.57754014185627	-1.3496551371452263
5651508307.307933	-50.35751842087993	-1.3466293894241772
5651545783.885072	-50.64055294206781	-1.3507210687409201
5651583260.462211	-49.943701077938144	-1.3306877842285116
5651620737.0393505	-50.04092228429526	-1.3378498027749333
5651658213.616489	-50.65040835131449	-1.3227192398002066
5651695690.193629	-50.061466134422375	-1.3134102106011099
5651733166.770768	-50.48368516990132	-1.3191329671371466
5651770643.347908	-50.43544151044891	-1.3180996342648426
5651808119.925047	-49.901919578899665	-1.2971173212746616
5651845596.502186	-50.21164592354423	-1.2852768398194607
5651883073.079326	-50.117564068880014	-1.308408890501582
5651920549.656465	-50.5415277151176	-1.301689464974308
5651958026.233604	-50.42202412561829	-1.2773901266554395
5651995502.810743	-50.13327458745509	-1.3011521873983038
5652032979.387882	-50.94697480578681	-1.2832052939684
5652070455.965022	-49.993535664826	-1.2801725391372771
5652107932.542161	-50.07530271211566	-1.2827294498040895
5652145409.119301	-50.62830968249254	-1.25905174737232
5652182885.69644	-49.90519878809832	-1.2656138633670315
5652220362.273579	-50.19588910460983	-1.2556127624324833
5652257838.8507185	-50.42904416429212	-1.2606447867212764
5652295315.427857	-50.66244874545834	-1.2210271991298542
5652332792.004997	-50.161051319340714	-1.2269152177057838
5652370268.582136	-50.22819535348734	-1.231130070070798
5652407745.159275	-50.11063042505536	-1.2298901102211868
5652445221.736415	-50.43514792557738	-1.2326426214037738
5652482698.313554	-50.584558260852376	-1.2086132528958353
5652520174.890694	-50.390806896090496	-1.211737237126133
5652557651.467833	-50.128848964320134	-1.1908640617650104
5652595128.044971	-50.67508887287169	-1.195997262043938
5652632604.622111	-50.6772133308252	-1.1943535055322068
5652670081.19925	-50.84825946176109	-1.1749444832689446
5652707557.77639	-50.22473098846835	-1.1758327618265265
5652745034.353529	-49.74756025620633	-1.1641643450360284
5652782510.930668	-50.36812313187489	-1.147673472994875
5652819987.507808	-50.63972820463982	-1.1661212771084433
5652857464.084947	-50.37912416095756	-1.1375437143260947
5652894940.6620865	-50.39020262078954	-1.1212062382468777
5652932417.239225	-50.12839945391747	-1.115065885786829
5652969893.816365	-50.44894744764591	-1.1407569918708955
5653007370.393504	-50.46562125323648	-1.0967100262919391
5653044846.970643	-50.27161575433496	-1.0967286315620173
5653082323.547783	-50.41055537470573	-1.1037756557848935
5653119800.124922	-50.32914639770175	-1.10086943181138
5653157276.702062	-50.5011671571185	-1.1030869220738275
5653194753.279201	-50.682508351332174	-1.098022030605403
5653232229.856339	-50.24625078930824	-1.104949971153262
5653269706.433479	-50.396603932214994	-1.086596579431595
5653307183.010618	-50.78493283158453	-1.069836838917445
5653344659.587758	-50.233872804872064	-1.0619176424834673
5653382136.164897	-50.65981893305644	-1.0497488606571959
5653419612.742036	-50.59981653218373	-1.079458716617092
5653457089.319176	-50.666671970897895	-1.0426821050281783
5653494565.896315	-50.273902698804335	-1.0490246386662476
5653532042.473454	-50.2430535396002	-1.0600499244376145
5653569519.050593	-50.43777454177474	-1.0325396836997647
5653606995.627732	-49.93072949276164	-1.0258814038861068
5653644472.204872	-50.73903357932437	-1.0303454005803867
5653681948.782011	-50.227238551353	-1.028966949607584
5653719425.359151	-50.348708872486405	-1.0051069616995731
5653756901.93629	-50.363352316634334	-1.01117216260293
5653794378.513429	-50.28132833368307	-0.9948710022349211
5653831855.090569	-50.432513243918436	-0.9899982854582184
5653869331.667707	-50.348667510891055	-0.9852870453806404
5653906808.244847	-50.545700842421255	-0.9967922179886459
5653944284.821986	-50.29082862196299	-0.9561206850479659
5653981761.399125	-50.18549036567123	-0.9771060456119871
5654019237.976265	-50.21441981585844	-0.9571503334695148
5654056714.553404	-50.20393106422858	-0.9539469871835634
5654094191.130544	-49.91274703291986	-0.9481747858616092
5654131667.707683	-50.52309728289057	-0.944913709935688
5654169144.284822	-50.32567487675016	-0.9390887706929099
5654206620.861961	-49.84073180742121	-0.9276483740076643
5654244097.4391	-50.39259497916316	-0.9243113010046268
5654281574.01624	-50.25648896163479	-0.9356092320414192
5654319050.593379	-50.28375282094294	-0.9114462998494957
5654356527.170519	-50.43572033616034	-0.8940470565003154
5654394003.747658	-50.335575744911026	-0.9173116185231324
5654431480.324797	-50.314267398816185	-0.9067722276836929
5654468956.901937	-50.785289627644154	-0.8887778777959962
5654506433.479075	-50.241866681066526	-0.8882640394965043
5654543910.056215	-50.05040002616057	-0.9073888836342888
5654581386.633354	-50.40090760042139	-0.8839542592644594
5654618863.210493	-50.588515950159746	-0.880957010342641
5654656339.787633	-50.570355492026586	-0.8843419590398178
5654693816.364772	-50.5490326613117	-0.8530872165497388
5654731292.941912	-50.520250038248456	-0.8822805206658426
5654768769.519051	-50.16450669353035	-0.8161764386565544
5654806246.0961895	-50.416381822779755	-0.8416397325825379
5654843722.673329	-50.76727076690372	-0.8314041978987569
5654881199.250468	-50.46108809451323	-0.8408614142040582
5654918675.827608	-50.71006876170316	-0.8258845869603757
5654956152.404747	-50.31275911598313	-0.8112296730294944
5654993628.981886	-50.27848449204488	-0.8327444741618812
5655031105.559026	-50.395122430885515	-0.7921116089514866
5655068582.136165	-50.20236351091056	-0.7999033234686397
5655106058.7133045	-50.3121964247702	-0.802316618903015
5655143535.290443	-49.99647037200549	-0.8046590958058826
5655181011.867582	-50.53056759168382	-0.7776098645275903
5655218488.444722	-50.2808262592758	-0.797415701996419
5655255965.021861	-50.31151793897054	-0.7790481682245618
5655293441.599001	-50.90211452058236	-0.7646672291879981
5655330918.17614	-50.543802886240165	-0.7643750979005477
5655368394.753279	-50.620081316147946	-0.7665136781332741
5655405871.330419	-50.704369289574174	-0.7381481026027223
5655443347.9075575	-50.08700446902389	-0.7277803811474903
5655480824.484697	-50.13374601277271	-0.707997798414753
5655518301.061836	-50.59336859415105	-0.7159113327113499
5655555777.638976	-50.50045948405376	-0.727318019596742
5655593254.216115	-50.642105332760835	-0.7143774305085191
5655630730.793254	-49.98911229520658	-0.6956487557400167
5655668207.370394	-50.377816016717105	-0.7134060643877028
5655705683.947533	-50.5783419434599	-0.6846895004839882
5655743160.5246725	-50.68339071056057	-0.6961793286921057
5655780637.101811	-50.85653263893143	-0.6973178349954415
5655818113.67895	-50.38953605245716	-0.6581729801865283
5655855590.25609	-49.86419242004175	-0.7042723198028936
5655893066.833229	-50.25138537741575	-0.6837810611821145
5655930543.410369	-50.41196578603474	-0.6644558124737111
5655968019.987508	-49.77289243342722	-0.7015423270530494
5656005496.564647	-50.64177664872822	-0.6467570976134736
5656042973.141787	-50.00837269586428	-0.6414889343034591
5656080449.718925	-50.43668156279328	-0.6264673697520474
5656117926.296065	-50.26577755923977	-0.643361709914182
5656155402.873204	-50.5890731508123	-0.6422586195326778
5656192879.450343	-50.586868547025496	-0.6381483455612506
5656230356.027483	-50.42118468667826	-0.6251604514347597
5656267832.604622	-50.51416845399582	-0.6351341187483898
5656305309.181762	-50.24001735554582	-0.6220808410670384
5656342785.758901	-50.39725063390287	-0.5979378495755184
5656380262.33604	-50.23506164368725	-0.6315986332507653
5656417738.913179	-50.359598435444106	-0.5971350274224791
5656455215.490318	-50.399637119114786	-0.5823181307719433
5656492692.067458	-50.31074861891216	-0.5927971962989966
5656530168.644597	-50.48522429207077	-0.5650015447157429
5656567645.221736	-50.58579299763339	-0.5606138580267284
5656605121.798876	-50.89766893838732	-0.5391899633130042
5656642598.376015	-50.093301035854	-0.564690225193522
5656680074.953155	-50.35503838241473	-0.551741445884216
5656717551.530293	-50.52866118369349	-0.5426936836287427
5656755028.107433	-50.576173077833914	-0.5280885644677937
5656792504.684572	-50.18896939981143	-0.5426940028077547
5656829981.261711	-50.44601820337144	-0.5249401439122272
5656867457.838851	-50.231213540857816	-0.5107542893502487
5656904934.41599	-50.541754520451214	-0.48537681839273195
5656942410.99313	-50.22873196884309	-0.5043325817820125
5656979887.570269	-50.63974568518884	-0.5146383802822683
5657017364.147408	-50.02701291836167	-0.4777352001144799
5657054840.724547	-50.568048149687115	-0.5040832467979333
5657092317.301686	-50.72487905530636	-0.5013780760880375
5657129793.878826	-50.386186227211205	-0.5009541206140702
5657167270.455965	-50.2043458114907	-0.483830893508215
5657204747.033104	-50.29099545589279	-0.47490448567781696
5657242223.610244	-50.21543219366124	-0.47327792755857834
5657279700.187383	-49.98913322320645	-0.48113632639336024
5657317176.764523	-50.15439726114954	-0.4337809149333263
5657354653.341661	-50.822934898338374	-0.4419421194609419
5657392129.9188	-50.61422047044416	-0.4472369111540725
5657429606.49594	-50.351083647423074	-0.417631746446837
5657467083.073079	-50.65080397379384	-0.44812592016603237
5657504559.650219	-50.85350941228742	-0.42665679372166976
5657542036.227358	-50.70351076417247	-0.4258777438477984
5657579512.804497	-50.6539656446414	-0.40985949195223487
5657616989.381637	-50.49085134406381	-0.39388620291336984
5657654465.9587755	-50.56952207781646	-0.377734348213434
5657691942.535915	-50.4548097083637	-0.4051034069403456
5657729419.113054	-50.580204696394574	-0.4157475072370036
5657766895.690193	-50.34817221486732	-0.3749864374620745
5657804372.267333	-49.994269093089414	-0.3892881769750695
5657841848.844472	-50.36930154631732	-0.3876338238755756
5657879325.421612	-50.643896269946296	-0.37088830682980284
5657916801.998751	-50.47103115105492	-0.36011554065562607
5657954278.575891	-51.118805068125255	-0.3698978381799337
5657991755.153029	-50.46901546131071	-0.35743039003171184
5658029231.730168	-50.767570169951796	-0.3500619530952468
5658066708.307308	-50.19878500764363	-0.3329124948952751
5658104184.884447	-50.17577921083864	-0.33335335604459587
5658141661.461587	-50.38003630557185	-0.33972191263807106
5658179138.038726	-50.724336958572124	-0.31697040761334433
5658216614.615865	-50.10915661752488	-0.32150526731223267
5658254091.193005	-50.48208796682792	-0.31797639659103943
5658291567.7701435	-50.57937391199595	-0.3012841693036662
5658329044.347283	-50.633117803431354	-0.3047290949215476
5658366520.924422	-50.487555292962234	-0.3023343345007421
5658403997.501561	-50.81567736282106	-0.28336638462477576
5658441474.078701	-50.09906038542237	-0.2987725969370902
5658478950.65584	-50.59152277382456	-0.2663918512188333
5658516427.23298	-50.69764648169301	-0.2720980302986253
5658553903.810119	-50.70410032735492	-0.2577282340967946
5658591380.387258	-50.324804675150645	-0.25528790693799874
5658628856.964397	-50.217025936797164	-0.2605358149191413
5658666333.541536	-50.13494839421419	-0.22738905020764427
5658703810.118676	-50.87624919309951	-0.23688961192983563
5658741286.695815	-50.45386192054484	-0.22597040096740187
5658778763.272954	-50.100991980281435	-0.21984531101993474
5658816239.850094	-50.40273068152462	-0.21974387139804605
5658853716.427233	-50.16208550485973	-0.20757899003466562
5658891193.004373	-50.60312690539354	-0.21998587269719547
5658928669.5815115	-50.58978853703649	-0.18377022505941049
5658966146.15865	-50.191127744469675	-0.18197779089453708
5659003622.73579	-50.98340185249764	-0.20540375220017218
5659041099.312929	-49.990907108903116	-0.20085185124750973
5659078575.890069	-50.56580146817274	-0.17292392144468763
5659116052.467208	-51.00609102037711	-0.17549770971174516
5659153529.044347	-50.00619266412281	-0.16552774057545083
5659191005.621487	-50.73769113867109	-0.15485515999770835
5659228482.198626	-50.016480884693536	-0.14053417013032302
5659265958.775765	-50.450250373059006	-0.13462798992538175
5659303435.352904	-50.26229476865336	-0.15772741491945597
5659340911.930044	-50.23641235138261	-0.14443616334383844
5659378388.507183	-50.8889309613771	-0.1057715793941853
5659415865.084322	-50.52148489802682	-0.11916503374404276
5659453341.661462	-49.92312867286496	-0.118135117261013
5659490818.238601	-50.66594923925514	-0.10355111348754838
5659528294.815741	-50.481895995299894	-0.09965159943056565
5659565771.3928795	-50.74413031317948	-0.11134701252375508
5659603247.970018	-50.61850125945607	-0.10066927838324363
5659640724.547158	-51.12520889086621	-0.10470478772178893
5659678201.124297	-50.16752049498159	-0.06312945446107644
5659715677.701437	-50.851746674367995	-0.09394572689549416
5659753154.278576	-50.49652318789478	-0.07572578666598813
5659790630.855715	-50.73101149357633	-0.07720073941644702
5659828107.432855	-50.50277960874503	-0.06534898000979834
5659865584.009994	-50.542868001410575	-0.04432765166150121
5659903060.587133	-50.55687697191101	-0.0383757408907762
5659940537.164272	-50.84276210767819	-0.030343678507388314
5659978013.741411	-50.557040564350075	-0.012118591445425703
5660015490.318551	-50.05798169194304	-0.02590265623770623
5660052966.89569	-51.030388361038405	-0.03915361238592633
5660090443.47283	-50.832905634064275	-0.013803487924202796
5660127920.049969	-50.9012259454167	0.005206640456749876
5660165396.627108	-50.56810836213128	-0.0023762350448185364
5660202873.204247	-50.604049048668934	-0.0008190477095980281
5660240349.781386	-50.57603794882215	-0.009623642202627465
5660277826.358526	-50.67461179803897	-0.007445617511269829
5660315302.935665	-50.617840537935265	0.014897369640469095
5660352779.512804	-50.63493077708997	0.045521519636230606
5660390256.089944	-50.613180975328106	0.034302638724072805
5660427732.667083	-51.11118289448357	0.037443960000455
5660465209.244223	-50.929297863546495	0.04427201275156219
5660502685.821362	-50.37671720654864	0.04403652921309627
5660540162.398501	-50.657027167002624	0.03990459644257449
5660577638.97564	-50.23586369614427	0.046829336823452423
5660615115.552779	-50.78664171799041	0.07760528434429295
5660652592.129919	-50.499340275867524	0.07345735374076023
5660690068.707058	-50.77569046456472	0.08644789223783161
5660727545.284198	-50.69393391607236	0.07060713893798358
5660765021.861337	-50.413001914987696	0.08909084566460516
5660802498.438476	-50.58574668765406	0.09002431361718555
5660839975.015615	-50.59507886487523	0.11079626992095276
5660877451.592754	-50.64041227283696	0.10869287241067721
5660914928.169894	-51.04147564782891	0.11568785749666849
5660952404.747033	-50.2453272276606	0.1183760605850876
5660989881.324172	-50.64966200536474	0.10723193250333518
5661027357.901312	-50.76760255139462	0.11761768540678663
5661064834.478451	-50.584755965358724	0.1178914860715066
5661102311.055591	-50.660654982593925	0.14487508008045874
5661139787.63273	-50.684618637719126	0.15377473184801652
5661177264.209868	-50.683189898091044	0.15294619718844807
5661214740.787008	-50.27600764875527	0.1344278283010911
5661252217.364147	-50.57042767735101	0.15235049320704586
5661289693.941287	-50.440359938682455	0.16537438988902306
5661327170.518426	-50.50569198598721	0.1682986237433556
5661364647.095565	-50.62758626035561	0.1822198146363021
5661402123.672705	-50.76076064511744	0.17839624693800266
5661439600.249844	-50.82065123777019	0.199006041792452
5661477076.826983	-50.66552461231706	0.19489108472352124
5661514553.404122	-50.73478691072932	0.17774096079962007
5661552029.981261	-50.89101290967151	0.21407534065699682
5661589506.558401	-50.50334828619542	0.1967656192448324
5661626983.13554	-50.51001316693147	0.21204194095832568
5661664459.71268	-51.17488307939535	0.24111179419941375
5661701936.289819	-50.588886950308314	0.21450397100345556
5661739412.866959	-50.78585584464992	0.2271553369706002
5661776889.4440975	-50.30118002164613	0.25105225279271187
5661814366.021236	-50.201933969369264	0.2532048678248212
5661851842.598376	-50.60340174405245	0.267015746406891
5661889319.175515	-50.57699028650831	0.24742534790489645
5661926795.752655	-51.0199587064957	0.2803673012404928
5661964272.329794	-51.08246719314928	0.2824485710110005
5662001748.906933	-50.79616546041511	0.2788795697148861
5662039225.484073	-50.90767560245408	0.2800203954072352
5662076702.061212	-50.666026842091824	0.31194904709939625
5662114178.638351	-50.30056688475429	0.3136497603789826
5662151655.21549	-50.68141094758843	0.31180313026096423
5662189131.792629	-50.254717729381426	0.31288239277749763
5662226608.369769	-50.99619882722664	0.3340879408129232
5662264084.946908	-50.67036167453895	0.33591143374896076
5662301561.524048	-50.69056598382829	0.32817318504478726
5662339038.101187	-50.61478147031223	0.31707987232598994
5662376514.678326	-50.483601946322935	0.34331633694947317
5662413991.2554655	-51.10110323118604	0.38589432675425595
5662451467.832604	-50.713162960499446	0.3723153882366762
5662488944.409744	-50.38937532505899	0.3708770581528048
5662526420.986883	-50.50163949963896	0.3705095861807723
5662563897.564022	-50.32388309346327	0.38195440705008993
5662601374.141162	-50.88976474479621	0.3889206930682231
5662638850.718301	-50.41634905381815	0.38673509955230284
5662676327.295441	-50.587251918894125	0.4107139200151832
5662713803.87258	-50.4177442752404	0.39403478517611007
5662751280.449718	-51.08728599125533	0.43353769768123473
5662788757.026858	-50.83652284474401	0.43788244023413014
5662826233.603997	-50.62329627110306	0.4324372426253575
5662863710.181137	-50.905807310328925	0.41919053765865116
5662901186.758276	-50.77602496676815	0.4183817882634176
5662938663.335416	-50.806701587943735	0.4086904354623624
5662976139.912555	-51.24018699960828	0.41998549659610485
5663013616.489694	-50.977953842993486	0.44766692041926565
5663051093.0668335	-50.69384906125241	0.46183804372289256
5663088569.643972	-51.04272264303083	0.4641665309976857
5663126046.221112	-50.57652798223479	0.47813193950921207
5663163522.798251	-51.35260010837119	0.4647995028906413
5663200999.37539	-50.849489790235495	0.4976192247075324
5663238475.95253	-50.58239509393439	0.4869534566742608
5663275952.529669	-50.7911581571151	0.4772870387117996
5663313429.106809	-50.84590639029882	0.478475808604859
5663350905.683948	-50.63014018589424	0.53085523112724
5663388382.261086	-50.88444851894276	0.49571820758965385
5663425858.838226	-50.92142567779436	0.5157436232737497
5663463335.415365	-50.66360670710817	0.5373043841476579
5663500811.992505	-50.41713959624951	0.535725107886286
5663538288.569644	-50.72709820260202	0.5105741014379661
5663575765.146783	-50.64910193959867	0.517519383929622
5663613241.723923	-51.163252029580676	0.527355421236807
5663650718.301062	-50.51301356557207	0.5491948165074934
5663688194.8782015	-50.627783618821965	0.5291020592913934
5663725671.45534	-50.388689881441735	0.5581879520968349
5663763148.032479	-50.840617738842624	0.5716814019358314
5663800624.609619	-50.64449495938379	0.5854907634225703
5663838101.186758	-50.86513014267706	0.572975810977305
5663875577.763898	-50.727343725358764	0.5807217903721864
5663913054.341037	-50.90454888989717	0.5785086780450016
5663950530.918176	-51.22226928905369	0.5989091568178355
5663988007.495316	-50.729637656005046	0.6108084908680764
5664025484.072454	-51.08160726452223	0.60215609654232
5664062960.649594	-50.911973925531726	0.6186314893076215
5664100437.226733	-50.7605030676704	0.6365356433439625
5664137913.803872	-50.971293529324655	0.6405300887248091
5664175390.381012	-50.9087046790482	0.63179689133442
5664212866.958151	-50.77548927097965	0.6348409742548677
5664250343.535291	-50.3229684948947	0.6322202045826578
5664287820.11243	-51.033462795579574	0.6607845721246417
5664325296.689569	-51.00546712006073	0.6460369021517345
5664362773.266708	-51.31033383649813	0.6577507387416671
5664400249.843847	-50.663517448925305	0.6675725107655783
5664437726.420987	-50.461375267692794	0.6748568059761731
5664475202.998126	-51.0917516018415	0.660672543729372
5664512679.575266	-50.190835055084584	0.6817096964813167
5664550156.152405	-50.50774095463781	0.6914834397493295
5664587632.729544	-50.50123952951516	0.6746895925456868
5664625109.306684	-50.71933819220922	0.7045842692036131
5664662585.883822	-51.0938715514277	0.7192912913674989
5664700062.460962	-50.58741367890658	0.7115282467303804
5664737539.038101	-50.384791129001336	0.7105005673924922
5664775015.61524	-51.2694824550547	0.7201303526603836
5664812492.19238	-51.24819130336108	0.7380965576867766
5664849968.769519	-51.0540740788897	0.7454604565386768
5664887445.346659	-51.293304336269046	0.7498103458470108
5664924921.923798	-50.75553890550535	0.7527967733108446
5664962398.5009365	-51.222314456622875	0.7650209150466005
5664999875.078076	-50.83319842135903	0.7716496164645681
5665037351.655215	-50.77378480159554	0.7727271658975059
5665074828.232355	-50.95096950552939	0.7814161526949557
5665112304.809494	-51.48032697260745	0.7981797787417071
5665149781.386633	-50.98242613748621	0.7840744928896979
5665187257.963773	-51.31551643594882	0.8118243932235535
5665224734.540912	-50.96109286129714	0.8082095397913317
5665262211.118052	-51.231498501275624	0.80400033527648
5665299687.69519	-50.40539675151513	0.8043392556892353
5665337164.272329	-50.40472115582227	0.8354566970682915
5665374640.849469	-50.70249917671524	0.8120513441132488
5665412117.426608	-50.634587807636635	0.8057738718061042
5665449594.003748	-50.476070691866546	0.8361479218225529
5665487070.580887	-50.92294964857335	0.8273461798737365
5665524547.158027	-50.870659893834855	0.8527138284182041
5665562023.735166	-51.320016751109925	0.8645486884747119
5665599500.3123045	-50.78185042144156	0.8626572620912588
5665636976.889444	-51.59706858094321	0.8649624086405727
5665674453.466583	-50.643039796964764	0.8388351989643331
5665711930.043723	-50.45631498115288	0.8764729148288603
5665749406.620862	-51.2752761321387	0.8827311125268273
5665786883.198001	-51.08718900405168	0.8767064149107532
5665824359.775141	-51.23851391730191	0.9071420562964221
5665861836.35228	-50.68541473643493	0.8790620643724878
5665899312.9294195	-50.83737839157969	0.8885954231784334
5665936789.506558	-51.30431021104307	0.9281186488940769
5665974266.083697	-50.61960216046813	0.912681779047667
5666011742.660837	-51.22061341941113	0.9281907877779259
5666049219.237976	-51.27081585839723	0.9688312331465531
5666086695.815116	-51.13518110940778	0.9321347022784987
5666124172.392255	-50.98092517520085	0.9276583543711838
5666161648.969394	-51.003280205026385	0.9517385545954725
5666199125.546534	-51.025231225238045	0.95282967766834
5666236602.1236725	-51.09096008893874	0.9556321862721255
5666274078.700812	-51.22704381071779	0.9809840166607201
5666311555.277951	-51.10290813742403	0.9641408681212108
5666349031.85509	-51.05992470152455	0.9706352183728691
5666386508.43223	-51.092131560890664	0.9883769454760204
5666423985.009369	-51.204944716034234	1.0015070818532872
5666461461.586509	-51.37335417740296	1.0010122370336387
5666498938.163648	-50.63317023789564	1.0104464085615663
5666536414.740787	-50.72064533558838	1.0009564255722334
5666573891.317926	-51.16703404249058	1.0252293295230914
5666611367.895065	-51.543576539701974	1.0207306545975607
5666648844.472205	-50.9772975896481	1.0326624287488555
5666686321.049344	-51.40950639172367	1.0471975451525468
5666723797.626484	-51.474863478532804	1.062690984797038
5666761274.203623	-50.83797986063415	1.0456056619796184
5666798750.780762	-51.343323133037956	1.0561066637767933
5666836227.357902	-50.981288888090965	1.068050840048028
5666873703.93504	-51.17343752126537	1.0660145233288925
5666911180.51218	-50.99737003702664	1.0911066239821174
5666948657.089319	-50.95300406287489	1.0841373087997144
5666986133.666458	-51.38359993577926	1.109055187019765
5667023610.243598	-51.17772215179521	1.0785408645552819
5667061086.820737	-51.33086218664211	1.096539507671078
5667098563.397877	-50.93714410663069	1.115856536621057
5667136039.975016	-51.24370663837291	1.0951745136796753
5667173516.552155	-51.728263536734275	1.1097091835066109
5667210993.129294	-50.777654309072986	1.134993150409772
5667248469.706433	-51.36650748204025	1.1440967675320226
5667285946.283573	-51.47909525200342	1.1455864054016913
5667323422.860712	-51.69929225622128	1.146560122807849
5667360899.437851	-51.79084995967842	1.14614961549167
5667398376.014991	-50.69755342432654	1.141722318100252
5667435852.59213	-51.12362114083092	1.1475622561491374
5667473329.16927	-51.53600093706555	1.163942259979976
5667510805.746408	-51.2612035823381	1.1858412737965047
5667548282.323547	-51.54886683102765	1.1739394566554557
5667585758.900687	-51.64605880831808	1.1984354071223293
5667623235.477826	-51.27571052061745	1.2301117687681278
5667660712.054966	-51.33251876621178	1.1909596325899052
5667698188.632105	-51.27967076670625	1.194278134121043
5667735665.209244	-51.035008070079996	1.1978304021073092
5667773141.786384	-51.595387836302926	1.2204850237651848
5667810618.363523	-51.187186354513166	1.2148244253508884
5667848094.940662	-51.27297426050754	1.23469134240986
5667885571.517801	-50.77978070628821	1.238448756169167
5667923048.09494	-51.17356308650202	1.2406926331424666
5667960524.67208	-51.21728879770198	1.2411382245842788
5667998001.249219	-51.61321056550274	1.2639364684016832
5668035477.826359	-51.12616060088098	1.2403967897851358
5668072954.403498	-51.35085319474485	1.2667191113652216
5668110430.980638	-51.00292464722224	1.276086343127982
5668147907.557776	-51.91902750711002	1.2677445410227015
5668185384.134915	-51.38934749032329	1.2749120694766052
5668222860.712055	-51.5220945738762	1.300726177793901
5668260337.289194	-50.93047738817798	1.3131992843999643
5668297813.866334	-51.46236698394042	1.292858597194311
5668335290.443473	-51.291929736791374	1.3095156750483943
5668372767.020612	-51.400815025671704	1.3426185279246743
5668410243.597752	-51.48667316800295	1.3338040994834335
5668447720.1748905	-50.86454993060876	1.3151145896940017
5668485196.75203	-51.53574694298775	1.3613201255044882
5668522673.329169	-51.39565555184481	1.3222837464691253
5668560149.906308	-51.88192349847479	1.359993624893668
5668597626.483448	-51.856258120407205	1.3269381543353544
5668635103.060587	-51.13262489049482	1.3492308251572847
5668672579.637727	-50.8696664913142	1.353280870995072
5668710056.214866	-50.903464426187604	1.3846067242045053
5668747532.792005	-51.60284085155982	1.3970049746187099
5668785009.369144	-51.536167675346036	1.389748443732837
5668822485.946283	-51.79369799547186	1.3916443742015312
5668859962.523423	-50.91966448337348	1.4145880681163459
5668897439.100562	-51.640303321600285	1.4103506539755553
5668934915.677701	-51.492889262799615	1.4148093335686822
5668972392.254841	-51.55674088650073	1.4069178024783304
5669009868.83198	-51.82650921620632	1.4249180064976001
5669047345.40912	-51.66114888595935	1.4449280912819473
5669084821.9862585	-51.61101141978469	1.4652549827591232
5669122298.563397	-51.9609821362575	1.4617399574380388
5669159775.140537	-51.58900800863202	1.44345632423855
5669197251.717676	-51.81008791033679	1.4686097226024726
5669234728.294816	-51.750020797506934	1.4935050924727522
5669272204.871955	-51.081402673458044	1.4800387335546303
5669309681.449095	-51.38633005060413	1.5052966657571492
5669347158.026234	-51.570818441174985	1.478480710997558
5669384634.603373	-51.38845455004082	1.5078803528497373
5669422111.180512	-51.3656020557909	1.51281741161986
5669459587.757651	-51.82573934828456	1.5096047083994923
5669497064.334791	-51.69221934911924	1.508122291145879
5669534540.91193	-52.24854601783917	1.498017230348824
5669572017.489069	-51.2607357710798	1.5030632955434704
5669609494.066209	-51.47521611034874	1.5412543389909945
5669646970.643348	-51.29813421403321	1.534226243505102
5669684447.220488	-51.36358600723342	1.5567012602159997
5669721923.7976265	-51.9174004424863	1.5374772053171608
5669759400.374765	-52.26478916868417	1.5809712188410765
5669796876.951905	-51.51029948552653	1.5507979906661093
5669834353.529044	-51.29318443691731	1.600958393385999
5669871830.106184	-52.24851433389929	1.5888576908597378
5669909306.683323	-51.707518937766686	1.5937418737441105
5669946783.260462	-51.91605758266629	1.5909334631640675
5669984259.837602	-51.58640470325701	1.609005153373869
5670021736.414741	-52.11128733842668	1.5837858289761226
5670059212.99188	-52.0677519957036	1.63740219873692
5670096689.569019	-51.49088661788986	1.634778313844892
5670134166.146158	-51.75588766378642	1.6160488909973842
5670171642.723298	-52.32344579832141	1.635770438424436
5670209119.300437	-52.05276134695214	1.6339205396883263
5670246595.877577	-52.152156667223466	1.643401317513268
5670284072.454716	-52.41370372590864	1.6405370236121222
5670321549.031855	-51.984540493823516	1.6698578079979163
5670359025.6089945	-52.090357657449104	1.6831952608136658
5670396502.186133	-52.0441355060045	1.6491161671659815
5670433978.763273	-52.01446983904722	1.6934185832175295
5670471455.340412	-51.52185786748511	1.6640590423150559
5670508931.917552	-52.45304312473919	1.6872338304124541
5670546408.494691	-51.82733653868343	1.7041601207694688
5670583885.07183	-52.243870578507696	1.7169982961135053
5670621361.64897	-52.00778023068898	1.727836802114488
5670658838.226109	-51.989764472092105	1.7292172026439068
5670696314.803248	-52.447358544320075	1.6958138494445136
5670733791.380387	-51.637336536445	1.7232474029568612
5670771267.957526	-52.112740920094495	1.735410053734985
5670808744.534666	-52.112251161191104	1.7396326838505105
5670846221.111805	-52.106765791059985	1.7552742211115013
5670883697.688945	-52.63668604786307	1.75955802763364
5670921174.266084	-51.702957421215444	1.7759495928356102
5670958650.843223	-51.86408163585384	1.7981683217605606
5670996127.420362	-52.42115240337279	1.8012373467929095
5671033603.997501	-51.98657828744456	1.7812415394432377
5671071080.574641	-52.23728431433191	1.7940089278753173
5671108557.15178	-52.52005153781066	1.802145967820799
5671146033.728919	-52.26242721360693	1.824216132321225
5671183510.306059	-52.57834889145364	1.8159788616874404
5671220986.883198	-52.51186099866444	1.8571299587889931
5671258463.460338	-52.69745269160413	1.8302620373406853
5671295940.037477	-52.56106396059383	1.8194722664662244
5671333416.614615	-52.18200166669769	1.8492163026956216
5671370893.191755	-52.52124138185039	1.8764259683832645
5671408369.768894	-52.11109987897246	1.8829010776690391
5671445846.346034	-52.50590462720289	1.891903899443551
5671483322.923173	-52.286730018853106	1.8761953622019085
5671520799.500312	-52.47568393773002	1.8989761820065179
5671558276.077452	-52.35543719841468	1.8703019435242543
5671595752.654591	-52.52515456103856	1.8939474638522191
5671633229.23173	-52.8232596552089	1.9055490976873801
5671670705.808869	-52.41808394432646	1.914777016008818
5671708182.386009	-52.696984008533306	1.9116434330999146
5671745658.963148	-53.14234167648412	1.924926881383605
5671783135.540287	-52.44380278814998	1.9397617504304825
5671820612.117427	-52.43994954660301	1.9441294845745853
5671858088.694566	-52.92411599843854	1.9591186656329451
5671895565.271706	-53.266048117066504	1.967241776942394
5671933041.848845	-53.1542271107645	1.9820603888243782
5671970518.425983	-52.854480003446376	1.9766812145320014
5672007995.003123	-53.19023303477315	1.9886777885234124
5672045471.580262	-52.939078565416445	1.9757669225549068
5672082948.157402	-52.761737838326745	1.9874008907825251
5672120424.734541	-52.85960071700142	1.989006230181387
5672157901.31168	-52.982745156264706	2.023256593562724
5672195377.88882	-53.18052467137649	2.0088220175837663
5672232854.465959	-53.12521578029954	2.018355389570617
5672270331.043098	-52.6663499667145	2.048699794695732
5672307807.620237	-53.26765953565757	2.057859561329445
5672345284.197376	-52.811922208468395	2.0620565582856707
5672382760.774516	-53.06290282513419	2.074672836423006
5672420237.351655	-53.77103873470667	2.076570649900473
5672457713.928795	-52.80708846135818	2.0797145356623945
5672495190.505934	-53.17567581448589	2.1114708495075325
5672532667.083073	-53.18456898235358	2.0781150166899645
5672570143.6602125	-52.832195003481004	2.0965560274368467
5672607620.237351	-53.620391789654335	2.1058741123344595
5672645096.814491	-53.589343924277216	2.104667400441078
5672682573.39163	-53.49343357190814	2.125993506563761
5672720049.968769	-53.769403421520806	2.1269427868495887
5672757526.545909	-53.52713001345323	2.1438884668979243
5672795003.123048	-53.82787350217397	2.1561830351890703
5672832479.700188	-53.932381972586455	2.169574054130803
5672869956.277327	-54.10324333131824	2.1827125673256873
5672907432.8544655	-53.59776857443621	2.159506368587819
5672944909.431605	-53.40156942809535	2.2055101664438594
5672982386.008744	-54.36636536724812	2.1930965429484335
5673019862.585884	-54.02576732316124	2.211713720483894
5673057339.163023	-54.311118867748604	2.2028054978197513
5673094815.740163	-54.82317670761021	2.2417597248469185
5673132292.317302	-54.48145093953961	2.2075014366950803
5673169768.894441	-54.54421728906119	2.272646869754066
5673207245.4715805	-54.786654068605145	2.2661756178845036
5673244722.048719	-54.80381544742399	2.2723410713507253
5673282198.625859	-54.49392169521325	2.292221173523115
5673319675.202998	-54.383398696931735	2.288416610959232
5673357151.780137	-54.97953081464075	2.3220959545750026
5673394628.357277	-54.85491011947818	2.3228401409361874
5673432104.934416	-54.31612820518356	2.3233598180497497
5673469581.511556	-55.905377120970726	2.3428060894272176
5673507058.088695	-55.30253659798877	2.3278643851660417
5673544534.665833	-55.30440255497476	2.340734510008762
5673582011.242973	-55.57633501793524	2.3643568740329375
5673619487.820112	-55.42674981043274	2.391655295073884
5673656964.397252	-55.1427624111545	2.3850601154587197
5673694440.974391	-55.37913149948508	2.3703705412107565
5673731917.55153	-56.25013301189162	2.38003142978505
5673769394.12867	-55.8163660868951	2.3795660806947487
5673806870.705809	-56.28605150119789	2.4178859126627543
5673844347.2829485	-56.844118409429676	2.420542610401315
5673881823.860087	-56.43313435711754	2.445613772853903
5673919300.437226	-57.22830925127287	2.4319020906432143
5673956777.014366	-56.48311644594776	2.4707664685602313
5673994253.591505	-56.78355703604207	2.4972897720651055
5674031730.168645	-56.97452344681228	2.479479364054942
5674069206.745784	-56.67812825457821	2.4848461258626937
5674106683.322923	-57.19950602084181	2.5276155190465452
5674144159.900063	-57.43424377928136	2.535761553648659
5674181636.477201	-58.037443268324665	2.533310953516025
5674219113.054341	-57.780283736684595	2.530987748216404
5674256589.63148	-58.47815578426784	2.564057397000281
5674294066.20862	-58.32137897300498	2.5744044160024147
5674331542.785759	-58.6274849186824	2.5834138191697575
5674369019.362898	-58.96738882288368	2.5498867743710574
5674406495.940038	-59.542944061654794	2.6103010679131136
5674443972.517177	-59.480498493963516	2.598758441299979
5674481449.0943165	-59.21752425126193	2.6021050653271085
5674518925.671455	-60.19179023634298	2.6484115188708355
5674556402.248594	-59.97063693222792	2.6468776471626523
5674593878.825734	-60.715697781085176	2.6527984760029186
5674631355.402873	-61.18960875770696	2.6967817119238666
5674668831.980013	-61.59186234059682	2.674249438277843
5674706308.557152	-61.165214694038674	2.7026314762993704
5674743785.134291	-61.47916897914448	2.6594757450606448
5674781261.711431	-62.626790787065765	2.724253701124735
5674818738.288569	-63.310485772053084	2.7632445338250666
5674856214.865709	-62.77706318687215	2.692577301473424
5674893691.442848	-64.62302845963849	2.7502745737737664
5674931168.019987	-65.73081583924787	2.7920516158062263
5674968644.597127	-65.53477588661961	2.744706720265256
5675006121.174266	-65.52159840851279	2.7519028894004993
5675043597.751406	-67.94729957718693	2.756855467758811
5675081074.328545	-68.39662222725495	2.8274097514913734
5675118550.9056835	-68.98660824520064	2.7280146683932087
5675156027.482823	-69.27553263460523	2.792737339073612
5675193504.059962	-69.82369380424834	2.7843428593091066
5675230980.637102	-71.42682863423869	2.7719476988417737
5675268457.214241	-73.27219074581596	2.796881605803508
5675305933.79138	-73.30027202581742	2.761344267805132
5675343410.36852	-74.4978829896869	2.76423149520556
5675380886.945659	-75.50020229433623	2.6252819422991784
5675418363.522799	-76.99284860003331	2.677052476583615
5675455840.099937	-77.24722110627047	2.6212523010722504
5675493316.677077	-80.47977838484337	2.492015275134496
5675530793.254216	-81.88738836887639	2.5425939564090716
5675568269.831355	-80.92425316678754	2.290024149985011
5675605746.408495	-79.80349258025763	2.3449687568306676
5675643222.985634	-83.31808439174478	2.179927319508898
5675680699.562774	-81.57452738237174	2.060078311089548
5675718176.139913	-81.90330709329763	1.9641298793892668
5675755652.7170515	-83.60850253518396	1.879855880709536
5675793129.294191	-79.3155872692125	1.7989306390029636
5675830605.87133	-80.75556855533428	1.783795742167289
5675868082.44847	-78.12231112604793	1.7529664774712503
5675905559.025609	-76.50258418075778	1.5834522186905655
5675943035.602748	-75.54963447077581	1.6314503873169506
5675980512.179888	-74.37427016453731	1.558042417669699
5676017988.757027	-73.47590422485423	1.5313314170771115
5676055465.334167	-72.32806985061987	1.5455850838265988
5676092941.911305	-71.985104493125	1.5284152906166288
5676130418.488444	-69.15477204031502	1.4936257571060607
5676167895.065584	-69.12075352804628	1.4939936061047747
5676205371.642723	-67.96627950090877	1.5265151868949947
5676242848.219863	-66.35437290780894	1.4749543091631823
5676280324.797002	-66.87360929405796	1.4080118245466189
5676317801.374141	-64.45559080503388	1.4983388033254288
5676355277.951281	-65.13720463478633	1.48633680578621
5676392754.5284195	-63.880877323930115	1.5358803133523413
5676430231.105559	-63.29966349153032	1.5058649359037612
5676467707.682698	-62.30479265196667	1.5769739440180643
5676505184.259837	-61.466620413059985	1.5371627441019255
5676542660.836977	-61.975501115441965	1.5921784657960805
5676580137.414116	-60.50199264382666	1.611269752083434
5676617613.991256	-60.40442553513857	1.6329115392052598
5676655090.568395	-59.82651348081576	1.6179536407388768
5676692567.1455345	-59.200856326027804	1.646287066552987
5676730043.722673	-59.374211279488634	1.6479956637557411
5676767520.299812	-58.40759153305428	1.6629949285877585
5676804996.876952	-58.31444819844638	1.6378936350475934
5676842473.454091	-57.62743455362312	1.668907272736192
5676879950.031231	-57.5095103278623	1.7376827354556132
5676917426.60837	-57.096476107550274	1.738563961410831
5676954903.185509	-56.846785631233885	1.7697115155272554
5676992379.762649	-56.320760736681436	1.7578760658033965
5677029856.3397875	-56.110904092349074	1.744181721336576
5677067332.916927	-56.03631418611908	1.8285056504031874
5677104809.494066	-55.64798480985167	1.8364331830269005
5677142286.071205	-55.66553000225318	1.8416753160455634
5677179762.648345	-55.241133555090876	1.8684791163528336
5677217239.225484	-54.87574775509919	1.8845083017990523
5677254715.802624	-54.73092829061894	1.9059809194120294
5677292192.379763	-54.09514074377448	1.8695950650701523
5677329668.956902	-54.50403154894097	1.9176180660047175
5677367145.534041	-54.05764890196746	1.9406814891402986
5677404622.11118	-53.346093477636046	1.9191747202927274
5677442098.68832	-54.12771711004672	1.9503532964850254
5677479575.265459	-53.60823016025725	1.9546882399341392
5677517051.842598	-54.07037968391681	1.9836930761476415
5677554528.419738	-53.23685435059886	1.9872903882530766
5677592004.996877	-53.03674806080871	2.010676481374844
5677629481.574017	-53.40273894016135	2.005719775801182
5677666958.151155	-53.695718036160606	2.026068398771486
5677704434.728294	-52.827512075086844	2.059879701627374
5677741911.305434	-53.62699355594447	2.0722510741588107
5677779387.882573	-52.65322943108209	2.054308518501378
5677816864.459713	-52.74012468754253	2.099784786699456
5677854341.036852	-52.43548350336245	2.1054648190921523
5677891817.613991	-52.55606975352926	2.1157459120196354
5677929294.191131	-52.635112848289694	2.130122284296597
5677966770.76827	-52.15977795714352	2.151070132438575
5678004247.345409	-52.58128950729912	2.1565266152635565
5678041723.922548	-51.66756846720421	2.150040522113116
5678079200.499688	-52.05779368777753	2.1731525139650576
5678116677.076827	-51.98425753381227	2.1875602923830364
5678154153.653966	-52.65392565545	2.2133236537207024
5678191630.231106	-52.181007750152304	2.212434771299593
5678229106.808245	-51.7561595498577	2.2481002566211705
5678266583.385385	-51.837352543521085	2.2313645373351
5678304059.962523	-51.60136615702108	2.2504012201938415
5678341536.539662	-51.93205431781075	2.276852071059763
5678379013.116802	-51.70988150938368	2.2785130879868865
5678416489.693941	-52.09867216727627	2.2862207098546286
5678453966.271081	-52.139443576818366	2.3120387552888046
5678491442.84822	-51.77652524444624	2.309452178906784
5678528919.425359	-51.687863986419075	2.299319268278731
5678566396.002499	-51.078424455562484	2.3417855258770097
5678603872.579638	-52.04620866486428	2.3500390305007617
5678641349.156777	-51.55006770983178	2.350630173816034
5678678825.733916	-51.79209089871419	2.3501994142042357
5678716302.311055	-52.021647280011024	2.37243742331126
5678753778.888195	-51.01532179755114	2.3747159491979506
5678791255.465334	-51.82692336861195	2.383672705952423
5678828732.042474	-51.483914931959646	2.4114924555437645
5678866208.619613	-51.087727684793556	2.401393254806019
5678903685.196752	-51.11818033087534	2.406035315140477
5678941161.773891	-50.97375044702251	2.407906256909314
5678978638.35103	-51.658359445710914	2.4445109549141133
5679016114.92817	-50.640165329014195	2.4450226221835862
5679053591.505309	-51.36675575170071	2.46473213941901
5679091068.082448	-51.13836478200689	2.4439443757717334
5679128544.659588	-51.059984299621696	2.4733964515992244
5679166021.236727	-50.79248103402011	2.47619601284084
5679203497.813867	-50.69901438477288	2.5118900426270616
5679240974.3910055	-50.89806000804276	2.5126668225022746
5679278450.968145	-51.0258546136547	2.5119990110989927
5679315927.545284	-50.86814193466277	2.4897673505139357
5679353404.122423	-50.88597478783245	2.5032189202679245
5679390880.699563	-51.02844926718636	2.5367674087558973
5679428357.276702	-50.79282104632372	2.5322659586465837
5679465833.853842	-51.1254933917025	2.5182638926159675
5679503310.430981	-50.751570262539076	2.5511972154612743
5679540787.00812	-51.29536346784337	2.572779515526411
5679578263.585259	-50.990467516874666	2.5652458882665115
5679615740.162398	-51.25639637171524	2.5964651361263344
5679653216.739538	-50.96266833279295	2.5735417066035695
5679690693.316677	-50.49306635771539	2.5737908435646144
5679728169.893816	-50.74562327607866	2.636181314678616
5679765646.470956	-50.98847892014197	2.607419193911354
5679803123.048095	-51.01278633658849	2.6364782165799
5679840599.625235	-50.56758526817119	2.6517776332134337
5679878076.2023735	-51.12583194418134	2.652681933176354
5679915552.779512	-50.96418583390584	2.6473173540615824
5679953029.356652	-50.753385164298386	2.6580892534315934
5679990505.933791	-50.957058860759844	2.663559681110928
5680027982.510931	-50.4576394400383	2.6698900832276973
5680065459.08807	-50.66051123610178	2.678598066441137
5680102935.665209	-50.8508501295286	2.6952082681891105
5680140412.242349	-51.3711656353002	2.675781567164255
5680177888.819488	-51.04823355873785	2.6959775069925107
5680215365.396627	-51.008874708327	2.713409016929201
5680252841.973766	-50.77751048903863	2.7212417364430177
5680290318.550905	-50.95075508354136	2.713565589718271
5680327795.128045	-50.588492897068576	2.7424429211189407
5680365271.705184	-50.7141385981248	2.7428478021317804
5680402748.282324	-51.29472640846871	2.7599464659881505
5680440224.859463	-50.70326099684897	2.765369655838733
5680477701.436603	-50.77303692985435	2.779055580280499
5680515178.0137415	-50.98178966215656	2.778228821773849
5680552654.59088	-50.610501998925834	2.818733015460532
5680590131.16802	-50.804720112546974	2.7928447971972186
5680627607.745159	-50.845817313929864	2.7814982015128518
5680665084.322299	-50.57175159466041	2.831817565534339
5680702560.899438	-50.71956676550856	2.8085243228698547
5680740037.476577	-50.62539397948715	2.8142940388243654
5680777514.053717	-50.88653454396607	2.8357961900348583
5680814990.630856	-50.88401922687961	2.84905184415747
5680852467.207995	-50.516766055943364	2.839411894050718
5680889943.785134	-50.81962652374852	2.87690838198715
5680927420.362273	-50.62452715761144	2.8653135717175693
5680964896.939413	-50.686395131786625	2.884376160055531
5681002373.516552	-50.944052959618624	2.867092071939106
5681039850.093692	-51.02555858816117	2.868132298328979
5681077326.670831	-50.57086741838003	2.8904254726748997
5681114803.24797	-51.0868772290323	2.868560325189225
5681152279.8251095	-51.32491529471591	2.886932308647241
5681189756.402248	-50.62406806318954	2.9039202351300224
5681227232.979388	-50.96356503603003	2.9077593364119942
5681264709.556527	-50.51082249982472	2.9380149714779
5681302186.133666	-50.533728355196516	2.9321751050044513
5681339662.710806	-51.28585475061825	2.9305557398287245
5681377139.287945	-50.326658949157334	2.953672550103752
5681414615.865085	-51.493745706663546	2.9548970353145783
5681452092.442224	-50.48851822864725	2.947508840899519
5681489569.019362	-50.85360874175434	2.9579491422772826
5681527045.596502	-50.72069829513432	2.9792881830122497
5681564522.173641	-51.063595645309064	2.993990516549005
5681601998.750781	-51.07242784198281	2.9751195718637424
5681639475.32792	-50.814302207513336	2.99414401756757
5681676951.90506	-51.0863230763189	3.016722787140103
5681714428.482199	-50.855229731936674	2.9855374473082508
5681751905.059338	-50.783683623838996	3.0043262239195494
5681789381.636477	-50.75487931750974	3.028466301631214
5681826858.213616	-51.17246166549226	3.0334724400453403
5681864334.790756	-50.91854502483073	3.0500927010553838
5681901811.367895	-50.73150067152702	3.0325180237465825
5681939287.945034	-50.932015828264284	3.0277544833077985
5681976764.522174	-50.44061136849513	3.053880775700424
5682014241.099313	-51.1884003625274	3.0512283498631274
5682051717.676453	-51.21470899765133	3.0789840910937523
5682089194.253592	-50.9775655373198	3.0363800755725303
5682126670.83073	-51.02813383179448	3.0938736490040606
5682164147.40787	-50.52339047786336	3.0709547568329993
5682201623.985009	-51.09668397852068	3.080557991450757
5682239100.562149	-50.80932646213068	3.0869748629314593
5682276577.139288	-50.89880661777109	3.1167121761180594
5682314053.716427	-50.58979330646919	3.106458481620419
5682351530.293567	-50.52185459864462	3.145804671402481
5682389006.870706	-50.88912117428299	3.1325994261540315
5682426483.447845	-50.61418367196857	3.139891428910397
5682463960.024984	-50.50908024723262	3.129712855120925
5682501436.602123	-50.779361831768966	3.1339871351283652
5682538913.179263	-50.866531801000924	3.144591829284835
5682576389.756402	-50.809808094900006	3.1486677447182725
5682613866.333542	-51.09445524703327	3.150452882963889
5682651342.910681	-50.58135014538753	3.1547738344799314
5682688819.48782	-50.90423659798043	3.196577639484638
5682726296.06496	-50.567609571292856	3.1642758206670947
5682763772.642098	-50.73225876709638	3.173558379532728
5682801249.219238	-51.20252334333222	3.1717565116771147
5682838725.796377	-51.29095494432783	3.2173254761603287
5682876202.373516	-51.011543145142426	3.2028182860934074
5682913678.950656	-50.66583983678825	3.2504968496167215
5682951155.527795	-50.869028629297226	3.217941661220224
5682988632.104935	-51.02384109569748	3.2062769370392012
5683026108.682074	-50.6557342838657	3.2381119141202843
5683063585.259213	-51.34284056393034	3.2501565829509302
5683101061.836352	-51.07182268921569	3.239896227114634
5683138538.413491	-51.121223437562605	3.243064556436468
5683176014.990631	-50.70776454939697	3.2718747388574223
5683213491.56777	-51.442027094798995	3.288793064435417
5683250968.14491	-50.69608861644987	3.2779300134556237
5683288444.722049	-50.60878277091717	3.2892616488894326
5683325921.299188	-50.954689112815075	3.2646223576144062
5683363397.8763275	-51.09572639527512	3.2703419623107437
5683400874.453466	-50.99711516468143	3.300613148744062
5683438351.030606	-50.90589127015733	3.3193306859414675
5683475827.607745	-51.01036100784032	3.3463687439824246
5683513304.184884	-50.17412407414806	3.3005002895284092
5683550780.762024	-51.21356668019429	3.281023187965637
5683588257.339163	-50.888755026765686	3.3246783463177496
5683625733.916303	-51.73139042605171	3.333942584831818
5683663210.493442	-50.700067078667914	3.3533270071943684
5683700687.0705805	-50.29968803169546	3.3526662181064038
5683738163.64772	-50.43003193942231	3.348698092745427
5683775640.224859	-50.63300585821629	3.3687999246264018
5683813116.801999	-50.89447577498775	3.348177062082679
5683850593.379138	-51.18193424983531	3.404295520969171
5683888069.956277	-50.81231976863034	3.4143856622135766
5683925546.533417	-51.19237438001322	3.3954460729458287
5683963023.110556	-50.69765330967313	3.39476469756754
5684000499.6876955	-50.99883021894985	3.428138131543296
5684037976.264834	-50.602836791663215	3.4129430366379676
5684075452.841973	-50.98054408967937	3.4072175771773456
5684112929.419113	-50.85809210308462	3.4258047232778734
5684150405.996252	-50.9332017220582	3.4465387272867014
5684187882.573392	-50.57157351067585	3.4493972921658385
5684225359.150531	-51.06840157332592	3.4124783619429544
5684262835.727671	-50.83427245190868	3.452539534704201
5684300312.30481	-50.904491501823614	3.433497469617235
5684337788.881948	-50.62445116949292	3.473826396547655
5684375265.459088	-50.9034160927756	3.455983152939902
5684412742.036227	-50.53938470033862	3.4601062697543736
5684450218.613367	-50.667036279312796	3.482708038392863
5684487695.190506	-51.03940336460369	3.471454736322077
5684525171.767645	-51.07440283312465	3.503841397025347
5684562648.344785	-51.13747957322264	3.500726622922431
5684600124.921924	-51.10865223610737	3.480006804447994
5684637601.4990635	-51.06942398384358	3.494462951020203
5684675078.076202	-50.784007350875655	3.523166127272816
5684712554.653341	-51.102250536772054	3.5251209684614113
5684750031.230481	-50.57206420190777	3.5235482690145057
5684787507.80762	-50.606828817025196	3.530151399230819
5684824984.38476	-50.88150557236777	3.521835687694952
5684862460.961899	-51.10915559195143	3.554949023670395
5684899937.539038	-50.8707496647131	3.5552215939843292
5684937414.116178	-50.63668434517716	3.5849399101673085
5684974890.693316	-50.50501908157584	3.564332489244916
5685012367.270456	-50.73288952378286	3.5730408544960537
5685049843.847595	-51.2361453488049	3.589449913576927
5685087320.424734	-50.974955767443184	3.557542467262278
5685124797.001874	-50.78468495660158	3.5716013460037774
5685162273.579013	-50.840921984784856	3.5709839047541423
5685199750.156153	-51.12280637271816	3.6103514000299017
5685237226.733292	-50.57050636774452	3.59876284376296
5685274703.310431	-50.84638826505554	3.5822774809744695
5685312179.88757	-50.8113813879054	3.645779071973916
5685349656.464709	-50.755106923175425	3.636883801228929
5685387133.041849	-51.02990200724821	3.650107830631561
5685424609.618988	-50.82199209656202	3.6471010081945527
5685462086.196128	-51.10835044670552	3.634650073586142
5685499562.773267	-50.796835189824776	3.641070217884037
5685537039.350406	-51.02434915304996	3.6462220506591994
5685574515.927546	-51.123480363386946	3.6953162833036908
5685611992.504684	-50.88307255037033	3.6517755149248927
5685649469.081824	-50.829059603339005	3.6748013594471756
5685686945.658963	-50.954085286836886	3.6851026248054803
5685724422.236102	-51.06856185284038	3.6716313831561664
5685761898.813242	-50.97292040743127	3.7092300436327306
5685799375.390381	-51.055621713400264	3.703544618404099
5685836851.967521	-51.31447568067847	3.667975565819772
5685874328.54466	-51.215647164583004	3.701041574392551
5685911805.1217985	-50.604307884123784	3.709472449072493
5685949281.698938	-51.433803583637285	3.7094068712016046
5685986758.276077	-50.93209425170501	3.7170442421950005
5686024234.853217	-51.00436497432043	3.7496766704051776
5686061711.430356	-51.12367541522385	3.730392167491768
5686099188.007495	-51.342396537440045	3.743012288669233
5686136664.584635	-50.643904936929374	3.7463171660604324
5686174141.161774	-50.75282945721242	3.7506491737479903
5686211617.738914	-51.046459227370455	3.756397509049311
5686249094.316052	-51.34551011997711	3.795837046755633
5686286570.893191	-51.14975768471925	3.762368276576617
5686324047.470331	-51.179715203239525	3.792169798469575
5686361524.04747	-51.045691146431224	3.783631118648998
5686399000.62461	-50.759157834466045	3.8087489628307347
5686436477.201749	-50.716355912017875	3.8028939422242973
5686473953.778888	-51.667941531662514	3.826693252202894
5686511430.356028	-50.92380515739714	3.835560095041473
5686548906.9331665	-51.06930780254107	3.8319850455580613
5686586383.510306	-50.864120135353055	3.835454287198898
5686623860.087445	-51.35805234624398	3.813036577107169
5686661336.664585	-51.38861582600606	3.8293064575141145
5686698813.241724	-51.422662332773214	3.8321171377771956
5686736289.818863	-50.685061025067775	3.830349767167572
5686773766.396003	-51.233692663135535	3.852279839398195
5686811242.973142	-51.34123712549443	3.84289050345009
5686848719.550282	-50.89226890272915	3.846757698768719
5686886196.12742	-50.82297433231539	3.860964747341031
5686923672.704559	-50.96408366575426	3.8393655413747676
5686961149.281699	-51.01129070437306	3.8638549864272904
5686998625.858838	-51.1760308152885	3.8866726712445585
5687036102.435978	-51.110456952279655	3.8955258988122163
5687073579.013117	-51.06352063182392	3.899267861795415
5687111055.590256	-51.76290863378041	3.908571498181547
5687148532.167396	-51.48964119017595	3.9183667702835954
5687186008.7445345	-51.64403008248215	3.910439782427267
5687223485.321674	-51.28143173466214	3.933477668901767
5687260961.898813	-51.43451598512527	3.921922818696378
5687298438.475952	-51.01540630678724	3.949594501515588
5687335915.053092	-51.196756550702965	3.9648125349643335
5687373391.630231	-51.26128872764503	3.9516859280110257
5687410868.207371	-50.38226380093686	3.932547692389869
5687448344.78451	-51.09579443998882	3.978061808999952
5687485821.361649	-51.19102433215914	3.9702435533514726
5687523297.938788	-51.442998924987265	3.960084245654722
5687560774.515927	-51.37425505819127	3.984235306569953
5687598251.093067	-50.924970702010725	3.9969753872106426
5687635727.670206	-50.842434653438104	4.015800329568324
5687673204.247345	-50.9327748941432	4.001433383789674
5687710680.824485	-51.04659279395108	3.980942462570591
5687748157.401624	-51.33874790365699	4.013148852348255
5687785633.978764	-50.482310436580974	4.004020892698252
5687823110.5559025	-51.53614580393372	4.0203582973555685
5687860587.133041	-51.58345937079872	4.009569792263801
5687898063.710181	-51.18068576782008	4.0235180931305
5687935540.28732	-51.26926135889897	4.0070045997290835
5687973016.86446	-50.96090039758339	4.024429151366569
5688010493.441599	-50.75658384077836	4.048273245816803
5688047970.018739	-51.39874391030317	4.054613487346414
5688085446.595878	-51.207392876474884	4.063588570843548
5688122923.173017	-50.74774344231617	4.060480001487545
5688160399.750156	-51.26924917363701	4.101271957622365
5688197876.327295	-51.46515064872005	4.066178608647861
5688235352.904435	-51.272625781447374	4.067925586254516
5688272829.481574	-50.74651788532846	4.061012138407655
5688310306.058713	-51.10069152167124	4.072437448841502
5688347782.635853	-50.67247859911272	4.086249584748709
5688385259.212992	-51.5386657294016	4.090470287452194
5688422735.790132	-51.253752244384756	4.105430329202656
5688460212.36727	-51.002752968858324	4.10309546385477
5688497688.944409	-51.2712003723601	4.1326686709622775
5688535165.521549	-50.86710320116271	4.1304347824457315
5688572642.098688	-51.380705884631865	4.14797810923212
5688610118.675828	-51.530004176894515	4.154174135703634
5688647595.252967	-51.028402900709224	4.148372339796638
5688685071.830106	-51.39222119229028	4.158323858637147
5688722548.407246	-51.249609807663234	4.157821803991197
5688760024.984385	-51.22101696235924	4.178833310131552
5688797501.561524	-51.62264383907826	4.183781596387879
5688834978.138663	-51.485609881309315	4.17471138186536
5688872454.715802	-51.745546188640176	4.192015706573283
5688909931.292942	-51.04367815667728	4.203842866796846
5688947407.870081	-51.509152328297525	4.200783557219498
5688984884.447221	-50.859299920689345	4.191083870141988
5689022361.02436	-51.22451600982063	4.2186805102951315
5689059837.601499	-50.81426933782054	4.211177573001072
5689097314.178638	-51.21895280221843	4.209563838415329
5689134790.755777	-50.86131744611435	4.243883227722864
5689172267.332917	-51.31023758594898	4.239129504792814
5689209743.910056	-50.71188546976469	4.246854796531949
5689247220.487196	-51.45167379404455	4.236751511486321
5689284697.064335	-51.35636553462619	4.240809963654134
5689322173.641474	-51.42492437956689	4.256371931807166
5689359650.218614	-51.83658803087188	4.255848283236228
5689397126.795753	-51.57855925893166	4.2783785205024305
5689434603.372892	-51.01380726424708	4.303671201282554
5689472079.950031	-51.13476114534479	4.283659008939214
5689509556.52717	-50.71879989401528	4.30680835349143
5689547033.10431	-51.48785651828449	4.264906374259875
5689584509.681449	-51.43920879513953	4.29011320153817
5689621986.258589	-51.43604604822769	4.309669332068645
5689659462.835728	-51.36053524548275	4.314546258313262
5689696939.412867	-50.650450517168565	4.302956507301663
5689734415.990006	-51.041722065833646	4.329995283029236
5689771892.567145	-51.42321218464417	4.340530860993496
5689809369.144285	-51.44435558071953	4.332249933157014
5689846845.721424	-51.437264962981914	4.316039500204446
5689884322.298563	-51.21136079295846	4.34309141594388
5689921798.875703	-51.138331189369254	4.340037644859933
5689959275.452842	-51.067837521709976	4.340043543474739
5689996752.029982	-50.9743472041152	4.35643827820844
5690034228.6071205	-51.330855717348705	4.375229170997153
5690071705.184259	-51.62340331661045	4.376494110218026
5690109181.761399	-51.741371787864324	4.377489538261036
5690146658.338538	-50.97989317145952	4.384477192418928
5690184134.915678	-51.4871165027321	4.388284461119596
5690221611.492817	-51.72433990422416	4.38015529304688
5690259088.069956	-51.05196947795968	4.398798424803367
5690296564.647096	-51.21910016770349	4.394979114452112
5690334041.224235	-51.407153530901596	4.402069833286054
5690371517.801374	-51.09733198083405	4.387657670063534
5690408994.378513	-50.99547622417455	4.429094254037471
5690446470.955652	-51.745790023848414	4.424199192553729
5690483947.532792	-51.35317329019176	4.437311879960628
5690521424.109931	-51.871187812881594	4.436253173829393
5690558900.687071	-51.11670256354918	4.449706880782011
5690596377.26421	-51.6972081115228	4.4208221933499345
5690633853.84135	-51.90867775502327	4.449661406463473
5690671330.4184885	-51.50382415650215	4.452932612486469
5690708806.995627	-51.018828479191384	4.441891314220586
5690746283.572767	-51.293914225123444	4.489121144388584
5690783760.149906	-51.593863312863945	4.495084188862728
5690821236.727046	-51.69602163197329	4.4834376769723505
5690858713.304185	-51.310860376716874	4.48888796600848
5690896189.881324	-51.382963098854475	4.490538522921907
5690933666.458464	-51.45846769089993	4.508895624291168
5690971143.035603	-51.62064114495779	4.513465463850462
5691008619.612742	-51.65898008879009	4.526551584531701
5691046096.189881	-51.56356102180523	4.5148189849146565
5691083572.76702	-51.40021253239529	4.525215270652779
5691121049.34416	-51.092122924718446	4.559690022475651
5691158525.921299	-51.46831063677671	4.519654339728154
5691196002.498439	-51.400137042184326	4.551784742934373
5691233479.075578	-51.205569786194445	4.562474673535183
5691270955.652717	-50.95720307612475	4.552883399389181
5691308432.2298565	-51.11914544144795	4.5442120120020215
5691345908.806995	-51.085933276574195	4.577847943612012
5691383385.384135	-50.726219260503946	4.5723415820227675
5691420861.961274	-50.975474195408104	4.586314521371965
5691458338.538413	-51.5731797573953	4.584729564037126
5691495815.115553	-51.287919158754356	4.5879208697862595
5691533291.692692	-51.529704418342455	4.586702395560307
5691570768.269832	-51.36223402462191	4.597526820885126
5691608244.846971	-51.74828813773885	4.601102785148886
5691645721.424109	-51.81755073679489	4.60594753418348
5691683198.001249	-51.05975411074753	4.609904536828564
5691720674.578388	-51.46537454394834	4.612813871400937
5691758151.155528	-51.34592257716128	4.644710163353753
5691795627.732667	-51.33701869877722	4.645198479922063
5691833104.309807	-51.656978662508735	4.638059646485038
5691870580.886946	-51.81085052063237	4.6382548847248355
5691908057.464085	-51.5736942635321	4.646206422551296
5691945534.0412245	-51.27890259527234	4.6738561395120755
5691983010.618363	-51.93511959887964	4.644243454579319
5692020487.195503	-51.60568284250478	4.686300891456504
5692057963.772642	-51.13127334095135	4.665205864735879
5692095440.349781	-51.12270095020296	4.6706140001232175
5692132916.926921	-51.184226045231554	4.714883933518351
5692170393.50406	-51.1506506208843	4.708692203246229
5692207870.0812	-51.12295061896376	4.689789819322224
5692245346.658339	-51.95322292537233	4.678866551982491
5692282823.235477	-51.39153867083416	4.713933434561769
5692320299.812617	-51.615514648997674	4.734604299662829
5692357776.389756	-51.149830326828635	4.690488095848394
5692395252.966896	-51.80374829476068	4.748709987595031
5692432729.544035	-51.48173250889486	4.709070906741832
5692470206.121174	-51.28876885127969	4.751372390254408
5692507682.698314	-51.548192472248715	4.762220746852692
5692545159.275453	-50.595416439602296	4.751801832559885
5692582635.852592	-51.19972478217916	4.733115594470099
5692620112.429731	-51.66250050585635	4.761136367866739
5692657589.00687	-51.398701721659165	4.782884714668148
5692695065.58401	-51.68405320983066	4.795450443183823
5692732542.161149	-51.748327046000206	4.790701264948263
5692770018.738289	-51.17041535558256	4.792919561980064
5692807495.315428	-51.518084970910095	4.776850036129025
5692844971.892567	-51.108826017888575	4.793583141034881
5692882448.469707	-51.90151181642865	4.810078388062572
5692919925.046845	-51.417440095953914	4.801673161291953
5692957401.623985	-51.465037356461565	4.813429913325149
5692994878.201124	-50.947119921651094	4.82113597701165
5693032354.778264	-51.77939272053759	4.813238860055241
5693069831.355403	-51.551249194129234	4.826445862580439
5693107307.932542	-51.338439372514166	4.836172033647387
5693144784.509682	-51.738146289935756	4.830297911471252
5693182261.086821	-51.938694221523335	4.875127666918093
5693219737.66396	-51.50717575646621	4.870558342808006
5693257214.241099	-51.55208199525889	4.877180974964943
5693294690.818238	-51.536578710911876	4.8593128943420965
5693332167.395378	-51.273902232790476	4.85095821712933
5693369643.972517	-51.450321059585505	4.892607170942547
5693407120.549657	-51.454059136506146	4.8688703016261075
5693444597.126796	-51.886687711074295	4.879168970874383
5693482073.703935	-51.242182601058616	4.88487549884598
5693519550.281075	-51.59287191755623	4.91522862383643
5693557026.858213	-51.230903727157305	4.930273130447942
5693594503.435353	-51.16685920283658	4.9256118162770575
5693631980.012492	-51.61313667409211	4.930582552825744
5693669456.589631	-51.3518352861962	4.927613861388165
5693706933.166771	-52.06563102709933	4.923680255014194
5693744409.74391	-51.31756387084457	4.934658151042696
5693781886.32105	-51.88423988514305	4.947286278652325
5693819362.898189	-51.492441125815766	4.946484738976573
5693856839.4753275	-51.85080186055595	4.9506724492991765
5693894316.052467	-51.82191669121933	4.956921944719884
5693931792.629606	-51.58246371392998	4.978715584072121
5693969269.206746	-51.653570645148505	4.968159828963071
5694006745.783885	-51.55365095490147	4.988529894361903
5694044222.361024	-51.262441311305736	4.985032171149777
5694081698.938164	-51.71406209631904	4.975427337086712
5694119175.515303	-51.23069070921855	5.00584484721911
5694156652.0924425	-51.36164304217564	4.978004457390721
5694194128.669581	-51.42135193608642	5.0171612550538836
5694231605.246721	-51.61149881209034	4.999010375190427
5694269081.82386	-51.651854401661275	5.014496405026546
5694306558.400999	-51.914210592470475	5.029058280987004
5694344034.978139	-51.53716874772066	5.04076369912893
5694381511.555278	-52.156674178798454	5.02588280864264
5694418988.132418	-51.46967274206453	5.038829138122072
5694456464.709557	-51.9732465038405	5.050979699608956
5694493941.2866955	-51.55840637048976	5.044694926028859
5694531417.863835	-51.47329634750143	5.049483319874328
5694568894.440974	-51.2161582931452	5.0553634219728085
5694606371.018114	-51.1668394536817	5.084324319172193
5694643847.595253	-51.453027544916324	5.06243915913324
5694681324.172392	-51.52780425283515	5.083503115281039
5694718800.749532	-51.40761246429364	5.072553824912655
5694756277.326671	-50.78266841090602	5.084943290577477
5694793753.9038105	-51.74230059242607	5.1058501326279355
5694831230.480949	-52.10316096543346	5.0869688561561714
5694868707.058088	-51.89548742194542	5.109830619482621
5694906183.635228	-51.4321228830112	5.121833966582786
5694943660.212367	-51.97942303506137	5.111051045945615
5694981136.789507	-51.198211130085966	5.141893343763863
5695018613.366646	-51.4612385956931	5.130915345317746
5695056089.943785	-51.49603066709079	5.143532271010722
5695093566.520925	-51.802804102736665	5.140881432347692
5695131043.098063	-51.572743534234355	5.140388272979848
5695168519.675203	-52.01691815023323	5.181564170123709
5695205996.252342	-51.80631238976617	5.173379671027669
5695243472.829481	-51.46333541887253	5.169934291042892
5695280949.406621	-50.672272962666014	5.150692902168306
5695318425.98376	-51.3885270406929	5.211498361335046
5695355902.5609	-52.13795883211566	5.167053586712565
5695393379.138039	-51.18911353496553	5.159725236272664
5695430855.715178	-51.64603305606313	5.205681362024153
5695468332.292317	-50.98831464280529	5.188258479634161
5695505808.869456	-51.691359446918554	5.214530378190524
5695543285.446596	-51.53940192982037	5.213323546579536
5695580762.023735	-51.22889131030281	5.204823873194189
5695618238.600875	-51.67080466972442	5.210719621523165
5695655715.178014	-52.05786699126405	5.250513482365694
5695693191.755153	-51.42418446282234	5.223216741758743
5695730668.332293	-51.47258199254075	5.221140901054459
5695768144.909431	-51.5061081423362	5.253186587234098
5695805621.486571	-51.54791161735253	5.2414580978575565
5695843098.06371	-51.89862875803747	5.244748464493179
5695880574.640849	-52.07541817947629	5.258604089742754
5695918051.217989	-51.4448801497677	5.292016268682815
5695955527.795128	-51.55370326311047	5.269310696861627
5695993004.372268	-51.685923700716714	5.263258454458381
5696030480.949407	-52.0007883144692	5.278506228555882
5696067957.526546	-52.13642119596287	5.278302767735249
5696105434.103685	-51.313019731541985	5.293314209614832
5696142910.680824	-51.79607757490392	5.283496599777438
5696180387.257964	-50.89110634253207	5.3086810285778485
5696217863.835103	-52.28685229579191	5.3014927125057305
5696255340.412242	-51.6287981352703	5.317559784815682
5696292816.989382	-51.993066633461325	5.329090830584541
5696330293.566521	-51.589918603963234	5.326409197255075
5696367770.143661	-51.09712361776842	5.339274272585627
5696405246.720799	-51.572396242962945	5.340178423821467
5696442723.297938	-51.29388491160364	5.3659373239753085
5696480199.875078	-51.838417655808925	5.360094232506074
5696517676.452217	-51.830807723556916	5.356477791763325
5696555153.029357	-51.50629017024513	5.355793381207785
5696592629.606496	-52.14749470225432	5.360896496853701
5696630106.183635	-51.60779955740896	5.3802594975901235
5696667582.760775	-51.59193766047339	5.365082180685781
5696705059.3379135	-51.590682784727484	5.382101571480692
5696742535.915053	-51.93044592528395	5.387938440043202
5696780012.492192	-51.723671589610085	5.393202867374588
5696817489.069332	-51.88830377750516	5.383077089373775
5696854965.646471	-51.37199676097673	5.407416896082034
5696892442.22361	-51.58370224209831	5.397374542560375
5696929918.80075	-51.42980650661396	5.4327573081277505
5696967395.377889	-51.76174566611304	5.424918725957776
5697004871.955029	-51.80565382858422	5.433666421999475
5697042348.532167	-51.69364072879567	5.4243815301515586
5697079825.109306	-51.95182820788732	5.430820854015164
5697117301.686446	-51.37755144360553	5.464745514066154
5697154778.263585	-51.772485601195754	5.44596556412673
5697192254.840725	-51.8517277607138	5.457098430071479
5697229731.417864	-51.9444325054948	5.4717972106066535
5697267207.995003	-51.51983320330069	5.482982144279055
5697304684.572143	-51.837525302213024	5.461757921413597
5697342161.1492815	-51.673752452912055	5.483232237536028
5697379637.726421	-51.736918965489515	5.485639829987239
5697417114.30356	-51.791010601987125	5.499736865385179
5697454590.880699	-51.743088196319775	5.495060479175972
5697492067.457839	-51.32965394853229	5.518595482012637
5697529544.034978	-52.45923090366858	5.511327024838571
5697567020.612118	-51.56218449631144	5.499238573141341
5697604497.189257	-51.80175430883939	5.521104979887599
5697641973.766396	-51.91228174037127	5.5266236325103995
5697679450.343535	-51.519523580512676	5.540874737552423
5697716926.920674	-51.919503743683826	5.537468307600625
5697754403.497814	-51.76730175562071	5.533794197138265
5697791880.074953	-51.663520362207834	5.574328417793289
5697829356.652092	-51.746259197997986	5.565751435654804
5697866833.229232	-51.360096927538315	5.562796595126436
5697904309.806371	-51.7412743641275	5.55008248056771
5697941786.383511	-51.95494208497627	5.573575225161316
5697979262.9606495	-51.881123197318075	5.5685480267264005
5698016739.537789	-51.92634328952403	5.5717014567396
5698054216.114928	-51.897815455759215	5.613759615872453
5698091692.692067	-51.83961961443627	5.605162878448954
5698129169.269207	-51.8520556017642	5.584053995583868
5698166645.846346	-51.88396857984504	5.608095471938003
5698204122.423486	-51.823108582133266	5.615374842759552
5698241599.000625	-51.63223766466189	5.6199070031376275
5698279075.577764	-51.9897213448322	5.627143047754019
5698316552.154903	-51.88687889161349	5.62040085964857
5698354028.732042	-51.9117627330552	5.657585118985531
5698391505.309182	-51.5426204783828	5.659193215158366
5698428981.886321	-51.43924209634227	5.653410154461876
5698466458.46346	-51.87732659013655	5.645262026241578
5698503935.0406	-51.995423187684615	5.667324931014858
5698541411.617739	-52.0843572478084	5.684483124324696
5698578888.194879	-51.736707006719286	5.664852621483386
5698616364.7720175	-51.97807794410342	5.677596028420906
5698653841.349156	-51.94660591250705	5.693537561698912
5698691317.926296	-52.47099337616291	5.681076432170757
5698728794.503435	-51.309024503589285	5.679025909158158
5698766271.080575	-51.93852207128751	5.718718071672584
5698803747.657714	-52.4157823662129	5.703304139851956
5698841224.234853	-52.126274962896034	5.715982777521038
5698878700.811993	-52.140792320713025	5.718513954998031
5698916177.389132	-51.71221392074828	5.741862842826711
5698953653.966271	-52.15023243936624	5.7302665022591475
5698991130.54341	-51.65749021029146	5.726476487350685
5699028607.120549	-51.93769316888327	5.735215138951259
5699066083.697689	-52.00768800204729	5.725804046223383
5699103560.274828	-51.67688929417249	5.73701997155396
5699141036.851968	-52.11380025612172	5.7426927247510555
5699178513.429107	-52.286479104383844	5.756424219880095
5699215990.006247	-52.1075527481641	5.767918580717335
5699253466.583385	-51.92965335253757	5.77551389305725
5699290943.160524	-51.747340954935275	5.802276913712725
5699328419.737664	-51.87820054243909	5.80372534622449
5699365896.314803	-52.2113828098646	5.795591223456643
5699403372.891943	-52.06881047393155	5.811964023606758
5699440849.469082	-51.20595389602109	5.787620841476684
5699478326.046221	-51.573531654792355	5.797906079000904
5699515802.623361	-52.08799264918572	5.810049933782249
5699553279.2005	-52.520882616421304	5.777133619903033
5699590755.777639	-51.55908324548038	5.827171309203488
5699628232.354778	-52.097979326813046	5.850942088918657
5699665708.931917	-51.705827837460305	5.818376596309665
5699703185.509057	-51.9458918942079	5.834401369275282
5699740662.086196	-52.52227217856796	5.839420001201923
5699778138.663336	-51.715790582062255	5.874948526977442
5699815615.240475	-51.45336156316375	5.866026057728157
5699853091.817614	-51.775865281836474	5.876148181020928
5699890568.394753	-52.45872575883686	5.860108299328514
5699928044.971892	-52.05782783099319	5.868618273302874
5699965521.549032	-52.35168734520574	5.876300345911916
5700002998.126171	-51.89392964494299	5.9020029897591755
5700040474.70331	-52.043980715249454	5.877733895874691
5700077951.28045	-51.49423538443184	5.916025495263577
5700115427.857589	-52.58101687297512	5.9106938243692975
5700152904.434729	-52.31857880834554	5.888946141562204
5700190381.011868	-51.87810930612655	5.9175962348553455
5700227857.589006	-51.89527427479848	5.9141524380794035
5700265334.166146	-52.21905428615112	5.935463048111088
5700302810.743285	-51.9299338936214	5.9497685668432885
5700340287.320425	-51.99807535598736	5.941732828878091
5700377763.897564	-52.212647352557184	5.932021233710711
5700415240.474703	-52.14026995299154	5.959539115025633
5700452717.051843	-51.63579740967718	5.949578433010113
5700490193.628982	-51.97713258293839	5.987391103357946
5700527670.206121	-52.3352018207414	5.9561553928479665
5700565146.78326	-51.587342140321645	5.9540716264157725
5700602623.3604	-51.68452258905332	6.006828703983405
5700640099.937539	-51.41952642506147	5.9932715480526415
5700677576.514678	-52.092887153929624	5.965600518301151
5700715053.091818	-51.79804383529537	5.989734742110661
5700752529.668957	-51.41006736346718	6.0138542049488315
5700790006.246097	-52.13352201905744	6.023230708415543
5700827482.8232355	-52.17528188578457	6.0376914256771155
5700864959.400374	-52.12978084903028	6.015500090846805
5700902435.977514	-52.67426725321456	6.0102349193467095
5700939912.554653	-52.439605931306275	6.031799111872097
5700977389.131793	-52.07602454737443	6.02592981920907
5701014865.708932	-51.49281561022459	6.056203678009814
5701052342.286071	-51.8315809890462	6.021075783773776
5701089818.863211	-52.7379784803168	6.055893961860674
5701127295.44035	-51.78713328676791	6.079598887995266
5701164772.017489	-52.19794475594199	6.035080372588039
5701202248.594628	-51.84538431405567	6.047929741052124
5701239725.171767	-51.74533369739633	6.0819141331024404
5701277201.748907	-51.86029248452542	6.06684201827208
5701314678.326046	-51.95815831229205	6.091152243333178
5701352154.903186	-51.9492893816248	6.095359693685556
5701389631.480325	-51.900004292202894	6.073584279492557
5701427108.057464	-51.93020654258328	6.097619161215302
5701464584.6346035	-52.0997426523541	6.094234370769799
5701502061.211742	-51.57402051575716	6.132018362434288
5701539537.788882	-52.08971890541009	6.1255835474699
5701577014.366021	-51.97387886966405	6.096175252991936
5701614490.94316	-52.24208657708036	6.0998096309867105
5701651967.5203	-52.00124874631011	6.1751741361852055
5701689444.097439	-51.69770177376964	6.13889937860474
5701726920.674579	-52.02521745801492	6.16818766738303
5701764397.251718	-52.25146892121664	6.163652482568301
5701801873.828857	-51.77101688086254	6.146319809304134
5701839350.405996	-51.97843935686527	6.12369617485279
5701876826.983135	-52.14948219533562	6.173898952473388
5701914303.560275	-52.42221309234598	6.182499363696295
5701951780.137414	-52.46887586960716	6.171063733777438
5701989256.714554	-51.95214678586345	6.197015340417331
5702026733.291693	-51.86268731222888	6.156297672993335
5702064209.868832	-52.296585743146586	6.191217675958741
5702101686.4459715	-52.1328894606566	6.187145141416534
5702139163.02311	-51.89817091545138	6.22972535884145
5702176639.60025	-52.24910231903774	6.2190206256997
5702214116.177389	-52.0939853775078	6.229431413901511
5702251592.754528	-52.30946057481663	6.2292037961529525
5702289069.331668	-51.70533230918476	6.263416173819861
5702326545.908807	-51.83680500704809	6.242435149281626
5702364022.485947	-51.99727124296152	6.235506453323385
5702401499.063086	-51.91698602551768	6.280781379590916
5702438975.640224	-51.952972739247144	6.272055866639489
5702476452.217364	-51.87754895499306	6.256939241795439
5702513928.794503	-52.50469317438554	6.248846538883519
5702551405.371643	-52.46526796767226	6.271704006991316
5702588881.948782	-51.918363592648646	6.274663469208193
5702626358.525921	-52.20314037372915	6.261070369786945
5702663835.103061	-52.35934894310836	6.289355711995856
5702701311.6802	-52.46325755193168	6.29756195162845
5702738788.2573395	-51.77164571078177	6.295747868631861
5702776264.834478	-51.814412499946336	6.305938266603169
5702813741.411617	-51.96345732192335	6.286056225524602
5702851217.988757	-52.048787014848216	6.32253554966899
5702888694.565896	-52.20188831922796	6.3152689325576805
5702926171.143036	-51.79095042628104	6.334257181348453
5702963647.720175	-51.99585882535631	6.333662711015972
5703001124.297315	-52.11796786731968	6.3443263135416785
5703038600.874454	-51.95771762267042	6.3458352594169405
5703076077.451592	-52.054941473064176	6.376269342192572
5703113554.028732	-51.94837967908991	6.368675726185654
5703151030.605871	-52.282234154889274	6.383931018209508
5703188507.183011	-52.28569446812948	6.336351345102304
5703225983.76015	-52.400009952961845	6.364669964799927
5703263460.337289	-51.750332442862	6.359480640286014
5703300936.914429	-52.53123849569202	6.391206381775084
5703338413.491568	-51.95899023979373	6.386303131076154
5703375890.068707	-52.222180308343056	6.414696978499245
5703413366.645846	-52.3300359990987	6.4309890710043565
5703450843.222985	-51.777624101313634	6.3883001892243065
5703488319.800125	-51.878605150389475	6.416996479242406
5703525796.377264	-52.34124266061965	6.4032005917647625
5703563272.954404	-52.427128985128405	6.4123496934685775
5703600749.531543	-52.40057519231051	6.401928115750782
5703638226.108682	-52.49370703327593	6.413037639999473
5703675702.685822	-52.09703227549078	6.429254332370304
5703713179.26296	-52.02618979855102	6.466243496658207
5703750655.8401	-52.37627858744219	6.444438126122874
5703788132.417239	-52.054914646817934	6.467332000118289
5703825608.994378	-52.17716487558792	6.473669525162422
5703863085.571518	-52.176809062468394	6.464139055729443
5703900562.148657	-52.3738015033171	6.494018051850883
5703938038.725797	-52.53941149029092	6.470343510610807
5703975515.302936	-52.11408859156033	6.478161781601723
5704012991.8800745	-52.35227727039235	6.482709086135605
5704050468.457214	-52.64137150648385	6.493527090031044
5704087945.034353	-52.765869939119064	6.498945076897302
5704125421.611493	-52.678612973261416	6.523089219284908
5704162898.188632	-51.963672200170734	6.521018064036536
5704200374.765772	-52.66574043639896	6.512553581144055
5704237851.342911	-51.90452782066113	6.519066684979476
5704275327.92005	-51.999536226864166	6.541242276947034
5704312804.4971895	-52.980495517637834	6.573600259380803
5704350281.074328	-51.7906063281222	6.544861550384801
5704387757.651468	-52.05537733219892	6.533710086581204
5704425234.228607	-52.65455174384178	6.586134916538295
5704462710.805746	-51.803122851701715	6.560451774470821
5704500187.382886	-52.06332411535457	6.531796609989991
5704537663.960025	-51.8028348863017	6.583483832932839
5704575140.537165	-52.102513952958475	6.558920820147811
5704612617.114304	-52.0757918800973	6.581295722198498
5704650093.6914425	-51.54052464411713	6.619959852308347
5704687570.268582	-52.44126999453564	6.614292245715783
5704725046.845721	-52.12407555842411	6.590431334026806
