0.0015598954186514192
0.0013555501726522851
0.0013809376542344425
0.0016927437453072738
0.0014987343227509328
0.001370279007678877
0.0013906958456786523
0.0015519960860941751
0.001450489754196017
0.0014473675834106815
0.0013031398834079777
0.001569317930466238
0.0013274504721007719
0.0016287521846254228
0.0015988646547100739
0.0005157809231429801
0.0013044514044365954
0.0014325818567171738
0.0012635893020753494
0.0016976816037378346
0.001488050829500819
0.0014983437595816496
0.0016614181351774582
0.001322195975020009
0.00163473921168809
0.0015229216557179324
0.0017882301625791715
0.0014514329712292963
0.001820608973334607
0.0017015392892165998
0.0012803659971064498
0.0015722235082294947
0.0014427504922738881
0.0016572355208136131
0.001257835248197939
0.0014521074519099509
0.0011634415534608827
0.0012340734879306317
0.0013483839560483944
0.0015090861000954501
0.0015651702857538653
0.0013577316714100313
0.0013066757690424339
0.001466462027868117
0.0013138622189108164
0.0013132267966021833
0.001584862996470992
0.0012849263788127215
0.0014967219858199592
0.0016088958584932335
0.001257918688063364
0.0016155913141280948
0.0014874506265461125
0.0014501701485988446
0.0019061812050780943
0.0012391890141450418
0.0014151777390196284
0.0013243879503241766
0.0015029980864605926
0.0013796704697811486
0.0015134233813376152
0.001644015342893324
0.001480468986458808
0.001669995385986082
0.0014996872038777233
0.0015204779789094911
0.0016199856661412763
0.001394944399292711
0.0017775403615615695
0.0014274876195911656
0.0005609190210206283
0.0005216104391686263
0.0013296833220199189
0.0017130432710899652
0.0015286245996555571
0.0017282568218681571
0.0016167595507718389
0.001151086634652394
0.0005690083634678436
0.0014292923519897242
0.0013796710945574368
0.0013731943769296766
0.0012928622049954526
0.001532889192629429
0.0013545875301458569
0.0014576453047359425
0.0017404924051944307
0.0016136870260956375
0.0016851476657014275
0.0014636643324270136
0.0014507239189856217
0.001401671466805045
0.0013454390953417672
0.00132899339761116
0.001239990484595685
0.0012854662018858243
0.0015082332634843367
0.001416348517323499
0.001370735449826825
0.0014600447655642587
0.0015826490565850045
0.001573085246994433
0.0013067358594942625
0.0013874521010869402
0.0005142094418758101
0.0015152146442827658
0.0011825069016019984
0.0013898924434209022
0.0013971420435832393
0.001509069208177894
0.0013112510867677135
0.0013512960758132095
0.0013683502030681096
0.001596417416686798
0.0014044808939987995
0.0016572887905843498
0.000541322271235264
0.0013589833162088777
0.001278776793368325
0.0014042719932780307
0.0016756021160816295
0.0014031037317655485
0.0013544558513170339
0.0014511354429589637
0.001439336785124417
0.0014039375704951753
0.0016584080217319976
0.0012657214445371036
0.0013368219570578592
0.0015326741455514948
0.0012148638901747209
0.001587642450917004
0.00167746967589129
0.0013274378833281527
0.0013783971394811974
0.0013238279890472235
0.001485614556968274
0.0017492115069734498
0.0016851024992644362
0.001359378648411824
0.0013417761200506643
0.0015369835357073385
0.0005086139659721579
0.0005575866897282244
0.001542555643481232
0.0016333636355587067
0.0017796801179489265
0.0013752457434004688
0.0005345082783573084
0.0013614293977569733
0.0013966925623958414
0.0013041306703511508
0.0016905191628871492
0.0015229135936223514
0.0015737779514835577
0.0015086425640911474
0.0014512025989202304
0.0017050020392002858
0.001370063299753226
0.0013748468485718895
0.0016766259325359258
0.0012917382066930801
0.0019029225565976588
0.001222194121894844
0.0015705261372106292
0.001005781925790644
0.0017331047501711239
0.001330498192283049
0.0016200146301144096
0.0014659882951645704
0.0012586042528170754
0.0015504134257328067
0.0014096599916952315
0.0017027173282882526
0.0014937294530602066
0.0013088762574271335
0.0013482950253297307
0.0013529706837570419
0.0012911796536986344
0.0017548915178583271
0.0014729926896628431
0.0013340731748164153
0.0017403448829751901
0.0015733024737406168
0.0016017256646221284
0.0016805752004646294
0.0011495574100696601
0.0015159093915848207
0.0014609454727545917
0.0013804339924426378
0.0013689408352418348
0.0014678370575468356
0.001805605113351086
0.0013299467065797242
0.0012487179182076895
0.0014022123729768167
0.0016330319061419773
0.0013125946043951243
0.001435205094330888
0.001363005321662171
0.001442035016127926
0.0014421318282096065
0.0012581860160746667
0.001424568380201229
0.0016063242189629143
0.0016450162398981226
0.0015747940497118566
0.0005585354088882766
0.0013378141640051691
0.0016443529228672813
0.0014687927903632477
0.0016443090532973876
0.0014674651458064616
0.0005679761747209856
0.0014084213360255407
0.0012901126629485838
0.001540929600573843
0.0015350488261911804
0.001518222372999886
0.0015151994387237557
0.0015716548573614297
0.00137945636004225
0.0005267936847263728
0.0016886825507908768
0.0013807608316536715
0.0013477978547667855
0.0015886346755318132
0.0013237141140949266
0.0012852811083840308
0.0005783214692725493
0.0014110678449996861
0.001310469659779522
0.0017251172422979824
0.00140271069194049
0.0013917685185688047
0.00054769550395973
0.001252662415225195
0.001465921421010373
0.0006030224171517566
0.001610674592022698
0.0013785598518081317
0.0015057003509086292
0.001308138340037507
0.0014084274830958197
0.0016095978638091298
0.0016274350158523082
0.0015734827251588496
0.0012961104337834272
0.0015526971236666882
0.001652197905081478
0.0014492293935596298
0.001735378178988923
0.0014691597575760477
0.0014671610118119286
0.0012726432230417445
0.0015488959347693095
0.0014673374861830357
0.0013405549048813154
0.0014655848316284731
0.0012918725708273065
0.0005557689154574322
0.0013055910571610453
0.0015091091642824561
0.0015930449322091823
0.0011459216677708038
0.0015837074011224924
0.001374407403619242
0.0005446714355706939
0.0005225390810372689
0.0005762779616291324
0.0015719906399695508
0.0013195559936492053
0.0005164096450013027
0.0013565183253257454
0.0012977278449295905
0.0013597377751935636
0.0014158007021480715
0.0018308004196243542
0.0016393137307008417
0.0015204112165586488
0.0017299615555806849
0.0012725787007393415
0.0013048582148479648
0.0012847957588128542
0.0013969176434012872
0.0014508565553175401
0.0014554333231197316
0.001482839640784314
0.0015522554856928128
0.0014548735218358178
0.0013106828183227911
0.001251736087761583
0.0005450054672692357
0.0016164226121377712
0.0013722003525847286
0.0013611298180084574
0.0015704115132031253
0.0012401081907499106
0.0011478322362738903
0.0014597312582089435
0.0016269889029821975
0.0012984350639881736
0.0017218915369060447
0.0014538595303702517
0.0014028283527071444
0.0016468659066589688
0.0013923342400333064
0.0005114210414912916
0.0016154687587676072
0.0015536843797073173
0.0012681861566258789
0.0014420805287101636
0.0014019181839606736
0.0018251662674512318
0.001928478787611829
0.0014109557037554588
0.0014246448466404646
0.0013218405979919217
0.0013846432912400994
0.0015533806646330552
0.0015513715453782477
0.0014157764355149773
0.0014884765680221452
0.0017578641278011837
0.001286164370216235
0.0011640462067965829
0.0013232335646687474
0.0014366240892757242
0.0012595118642614218
0.0016536935124831053
0.0014735224845218956
0.0016108962203107012
0.0017272190304903922
0.0005530657608270428
0.001439785899959302
0.001328657442248815
0.0005348298437546405
0.0014538859344481513
0.0016787098856981516
0.001453223927956873
0.0015944858415728042
0.0014110071235954407
0.0015041847506999818
0.0013487015128997829
0.0014820838153496137
0.0014940761503077628
0.0015490943965735498
0.0010807655318954776
0.0016559916793429952
0.0014848422647249526
0.001351929095686909
0.0012664117182547001
0.001437778817324208
0.0014813297978457849
0.001138502177070426
0.001465466462991677
0.0017073024874591023
0.00136526797780715
0.0013316793277039498
0.0014575788242580565
0.0005620903891245
0.0012681799579364712
0.0015475470559820198
0.0015079083403106335
0.0005587004325568799
0.001401351114564967
0.001457440375710124
0.0016344248728345822
0.0015493312151572901
0.0005601384324330461
0.0014804092810968663
0.0011760906980659018
0.001275879466225917
0.001611297264570502
0.0016405791925803498
0.001396651652181701
0.0013681509856794728
0.0015205251850062462
0.0014640679977681317
0.0015671547988175506
0.0013299476985824087
0.0005658788852874184
0.0015277863803320852
0.0015983034798913564
0.0017183923137943985
0.0013181922297027593
0.001226247254534025
0.0012575346845268055
0.000636075254746211
0.0013303235738011967
0.0016249907852578743
0.001485822913315802
0.0015556478105209777
0.0014040285029017737
0.0012768872274638724
0.001324573334144177
0.0012235112089914392
0.001425523952002868
0.0013682938540763472
0.0013851778963574265
0.0014806502198895452
0.001491708364456249
0.0015518138940996038
0.002229994015510243
0.0016383861218887436
0.0011678672589451164
0.0012644364994900325
0.0013330996113784612
0.0013146586328224913
0.0015888861768018935
0.0014474214203273883
0.0017290356394245642
0.0013436941072099916
0.0014544924655789293
0.0015654064347625722
0.0016627064541022691
0.001516435046539881
0.0012998246983141795
0.001638093891382151
0.001499280966199299
0.0014770773320287494
0.0014332259457234223
0.0017294193141786124
0.0015847441193768464
0.0012354986582032946
0.0014379320477498716
0.0013980263128458772
0.0014299957756659077
0.0017168631095961587
0.0012157989096454695
0.0015060322793130807
0.0011813673733999653
0.0011833828587358205
0.0013758814450892743
0.0011263871619117355
0.0014781313923637966
0.0013081707181130798
0.001385313901976755
0.0015407463804409218
0.0014983835458694899
0.0015574652429740765
0.0014187761316149694
0.0013708745898148756
0.0013099482540429315
0.0016984507007670009
0.0014178739424300843
0.0013175987715208532
0.0014665797532269326
0.0015121304747116007
0.0015161199747888575
0.0014797948283274739
0.0013473634231713867
0.0005521763726560993
0.0017216732979503796
0.0015291421557356538
0.0019207008775009385
0.0012453329345225516
0.0014900169930729696
0.0013717171654875312
0.001710531022841952
0.0013245676959146326
0.0015874189542418062
0.001420935541484564
0.0014391544598249101
0.0011978325977592325
0.0014010126387007209
0.001736965222834757
0.0005341495214266009
0.0015955008370447477
0.0016068653197806341
0.0016178541128516863
0.0012704290535293773
0.00170197003903891
0.0015235796903213903
0.0013963424092945684
0.0013862175330670028
0.0012773034621082527
0.0014673731390677347
0.001387128512403839
0.0013486857801385831
0.0013914329793038966
0.0014488205814730843
0.0015882511196177549
0.0016496454294671556
0.0013934597960906796
0.0015764597275925198
0.0015668885491711769
0.001274333680145886
0.0015657625163944602
0.0014040505779099716
0.001544056050031412
0.0017930750650254658
0.0013701666466727446
0.0016238375104341393
0.002036722366373548
0.0006795767430695843
0.0014979061072185199
0.0015031572107281899
0.0013358288419268239
0.0017289470100057193
0.0014139542372480641
0.0016444658586386275
0.0015559524152622697
0.0016449188484662927
0.001439092761968061
0.0017649727500037792
0.0013448631767700341
0.0005368886318752199
0.0016161006233852803
0.0014461188419084606
0.0016218814357265685
0.0016546753414866974
0.0016761517063477412
0.0015183232263841929
0.0005561888683297417
0.0015819923337922932
0.0014828967928995026
0.0015372271960874075
0.0014926691153205342
0.0014790814487831646
0.001753813359784983
0.0016041277919782754
0.0011970935193200334
0.0014904309031263177
0.0013210016319717198
0.0014191573295300438
0.0014343038444612208
0.0005249893403399151
0.0014328975902600466
0.0016515932541238548
0.001391243974848896
0.001374769157705774
0.0013133555906531342
0.0016897129754198771
0.0015155897883856167
0.0013873682400926065
0.001430958450906569
0.0015066248439965285
0.0007428325683429602
0.001771353972899712
0.0015108938646664308
0.0005299769080442066
0.0012394176623990664
0.001333928425422339
0.0015589884632790526
0.0012084789217274364
0.001230822119541677
0.0014724877258000817
0.001384167603140682
0.0013738484826252598
0.0005857682343938441
0.0013782152638939307
0.001561502539433059
0.0014494807121509812
0.0016067432870629282
0.0015591952565938239
0.0014131926983818178
0.0016853078693202046
0.0005593314160817645
0.0013506276837823735
0.001629636868922892
0.00162094075396231
0.0012044222328490449
0.0014507517768654245
0.0016238316501424948
0.0015143007468971287
0.0013589206754225098
0.0015064720369268039
0.0014072161211425573
0.0014290640671874193
0.001523863084550314
0.0014132514607717126
0.0012184760707139326
0.0014205576364016337
0.0015904164283787265
0.0015841789327516365
0.0013502311069275592
0.0014738508248023463
0.0015042296210058695
0.001414737199166195
0.0013454003077501483
0.001478080607115181
0.0014203281672446402
0.0015296169717247815
0.0013863166408905592
0.0013838350439277407
0.0016068075139783454
0.0014375533582432925
0.0015591255507967448
0.0017399217281640468
0.001408649520074438
0.0005827303708203735
0.0005306273149983774
0.0011869394655797127
0.001306674683543757
0.0013940089578290751
0.001784706140941288
0.0011868049989240074
0.001468144470268889
0.001555874243106438
0.0014698563853344662
0.001187332530097011
0.0015627467518278674
0.0012692372491816917
0.0013439404326659613
0.0013308866833554322
0.00154137135548376
0.00156056528987162
0.0005488334537398146
0.0014480616230810664
0.0015892863467656425
0.0012713015206049936
0.001367939156301828
0.0013655968593072798
0.0014328837569480798
0.0015532779812354675
0.0013407953733750358
0.0015907150758536976
0.0018029662322534968
0.0018852677554035161
0.0016933476622245248
0.0019085873426548652
0.0014397584456035497
0.0017581904460060769
0.0010495176518186698
0.0010180759898016725
0.0016152743937736332
0.0016193917534291337
0.0015709072515784034
0.0017653563045791174
0.0015718854297889226
0.0015103936571467112
0.0016837129124063516
0.0013627608887014618
0.0016733403435454876
0.0013724542968764548
0.0016516088372764638
0.0016462664050533214
0.0014318238972973049
0.0014644642443591611
0.0018449873253120117
0.0018210908643612146
0.001608119837770038
0.001369584687769478
0.001280468609523858
0.0017940131943879009
0.0016396558830480636
0.001776002689153158
0.0014764120388570732
0.0014682537673282863
0.0013308277150149831
0.0014287014171728383
0.001599030025842136
0.0018105054776567408
0.0012463510700566694
0.0016439953386998398
0.0015024434264932045
0.0013634356187147403
0.0010663356936352127
0.0016244658918137833
0.001534377964501282
0.0014801568589192342
0.0015767274714782778
0.0014299102039925884
0.001918069869842117
0.0014602026952978818
0.0014846181252145079
0.001451296334573096
0.001739413833918877
0.0013907131182826567
0.0015661097839462811
0.0012854358948034912
0.0005948843089203735
0.00174461675460618
0.0015202416365020213
0.0016660258476293357
0.0013075537022310215
0.0014378516701695919
0.0014169159585775304
0.001431437108242092
0.0014862922554799876
0.001352471333186245
0.0014177860661481144
0.0014500155161710976
0.0012977250117160281
0.0013139615516139815
0.0015241809042500537
0.0019035685620551518
0.0016032317015096584
0.0015170228108562088
0.0012130212083408683
0.001486564915490849
0.001523241842054767
0.0014961429596090845
0.0014869992743632725
0.0005456534440488722
0.0013915066162345849
0.0012599872779634356
0.0012555714552942756
0.0016553311427002732
0.0016064927186643346
0.001733033070953084
0.001833012270089816
0.001438169751464789
0.0014418111261229132
0.001370402048392401
0.001555487468996498
0.001426549807519975
0.0014143712522312938
0.0014119677692663395
0.0014865624515892782
0.0014651683874509248
0.0015530860096645224
0.0013447876733799526
0.001453469727565519
0.0014799966928549554
0.001451105774914632
0.0018223883936706712
0.0014125410645000286
0.0014950543625872983
0.0011745746716407706
0.001480080483623417
0.0014743973489364022
0.0014875621529616555
0.0013651530421124462
0.002103408813693668
0.001151079605001268
0.001196673100965731
0.0014083622150419853
0.0015992908326915639
0.0013249798481246857
0.001345059450923342
0.0014237396494651338
0.0013295242635186653
0.001391068298361245
0.0005325448831310211
0.0014137177464361387
0.0016132855612877833
0.0018089288829433471
0.0005427424896711367
0.0013498071308680282
0.0015690531827205082
0.001218691314709357
0.0016110317174851375
0.0012740354095334898
0.0016606766708759484
0.0014273829020653443
0.001313256819558273
0.0011192137012729472
0.001498451428099063
0.0015906336423560674
0.0014460982249932584
0.001381222049943512
0.0013565258603311261
0.0011972411045593127
0.0013923808793160407
0.0013868017487707592
0.0015201383198546396
0.0012056347379247915
0.001369125101120508
0.001337497150217878
0.0014076418910463203
0.0012550262679935204
0.0014986889782009566
0.0005656523002572868
0.0015610077092446082
0.0016987795569606142
0.0013535101215070837
0.0015844217107245304
0.0014818899660142548
0.0014987723617660403
0.0017224491725780964
0.00149345926547169
0.001499488740009552
0.0013677249119282092
0.0014580936107733194
0.0015915563223655713
0.0015391046010914736
0.0017916445633692525
0.001605511854899916
0.0013168006862747667
0.0013235580290988811
0.001557190396105983
0.0015428401566943215
0.001608431199163681
0.0017410164393777375
0.0014516418901894363
0.0018779373432603445
0.0016389895029739674
0.0014395795409856923
0.0016208254609670653
0.001239227961025338
0.0013087500128066182
0.0012363409161867682
0.0012736734469055765
0.0013989032568215553
0.001495420402083333
0.0014584273911009624
0.0012593369179516767
0.0015397420909128922
0.0015782506551849267
0.001303074998513185
0.0015833731111406645
0.001421915913481676
0.0005469367915524932
0.0014141603987030634
0.0015145797560223808
0.0013515766932772593
0.001315154187421857
0.0016918132608463679
0.0014127021995184728
0.0013563334567778696
0.0015130595324720734
0.0012739767731795159
0.0014285225670073135
0.0012552477962724637
0.0016586519136605154
0.0015141591668235185
0.0012948057904758133
0.0015275790410240364
0.0012522763305798997
0.0012489688677294404
0.0005659217541589388
0.0005191173629473357
0.0015750250887045369
0.001575457006693442
0.0005727093088806859
0.001592805296128737
0.0014452432263260225
0.0012624973456760264
0.0013113456612101264
0.0014474106740717653
0.0012067943856542457
0.0005595485904174266
0.0014906139838903642
0.0014502173758863892
0.0014543613835448213
0.001350288291692188
0.0015049354613979767
0.0013763019676199825
0.0012908557822330841
0.0015863878412335267
0.0013704441965544764
0.001647828974897315
0.0014819642779230974
0.0013698788101179432
0.0015725532112771373
0.0013782325480904867
0.0016800384610999573
0.0014832983760538134
0.0017623753622427352
0.00149453911178907
0.0015973494505641267
0.0015203377821561314
0.0012543382397988774
0.001670781911830518
0.0018181206236784803
0.0013066026960291393
0.0015339568558554266
0.0014123529515379391
0.0011298696543505268
0.0016567273748323303
0.0013058611730587426
0.0015975251608968371
0.0014280034891465255
0.001331573884909871
0.0017331414131433291
0.0015087213701488282
0.0012866712813648633
0.0016662123072031143
0.001409847267472908
0.0017038896010695705
0.0015214425861048888
0.0013076543128221782
0.0013048187344208448
0.0013102943159466142
0.001619220729571175
0.0016719218062413337
0.001230985082279272
0.0013074292836877536
0.0015790035392205808
0.0013782117932532058
0.0015003626585053287
0.0016132434833579757
0.0015224228813769908
0.0014942460385185458
0.0013861131662488626
0.0015635703581881315
0.0015388869914837442
0.0016504735157676052
0.0015452669411321982
0.0013635440234908217
0.0013310403647367637
0.0014115625021492405
0.001477430016750369
0.0014766607181530805
0.0011381916494874415
0.0014812702685536978
0.0014838050385824468
0.0012845610739270214
0.0010597612962929663
0.0015570304280136363
0.0015581425065557646
0.001660988817229916
0.0014271025899948188
0.0017660291630031356
0.0015714491027515028
0.001770638136986593
0.0014227472613573908
0.0017959029082389654
0.0016595768484092403
0.001345876734211107
0.0014657103792938431
0.001545955874438084
0.0015153502355264375
0.0012804988902933583
0.0013728782434959772
0.0014991029396349235
0.0014873350622363673
0.0013641985336314208
0.0014160010770872405
0.0017809456447396342
0.001566375035456471
0.0012893806474010888
0.0014947648925489753
0.001535639417749649
0.001550143757534563
0.0012262591095564812
0.0016679201753609944
0.001576436529870918
0.0005479895387709444
0.0013600578964129476
0.0013717391478413957
0.0013240502965678597
0.0014195212933202808
0.0015575091422280096
0.0014741222750748737
0.0015635735376640153
0.0014659783855955006
0.0016696308020207552
0.0017015684819134322
0.0019097470385187783
0.0014009877613673245
0.001577245203682939
0.0014149467176645726
0.0015429655032621493
0.0015334544085768994
0.0017215986969563704
0.0014579849409199533
0.0016289112152895432
0.0015934635745234647
0.0014979538813168112
0.0012654386891452342
0.0007155131395597267
0.0014913739623212303
0.0013993647197843204
0.0013610115199671697
0.0015913242321771428
0.0013994205252781879
0.001517609817643378
0.0013395625764875672
0.0014674114076238642
0.0015639189282453194
0.0014132720639698413
0.0012541770292685776
0.0005546746964809721
0.0015842455158701053
0.0011979327259271355
0.0013960582523672492
0.001533909040047542
0.0014383873962330008
0.001053463656336885
0.0017982198184752832
0.001476268027324814
0.0013970209415383468
0.0017701818947736116
0.0012306810486721021
0.00052964474897892
0.001441812683696551
0.0013634188992593494
0.0005616141001721995
0.0014223617159195565
0.001566277155713528
0.0018543070037812476
0.001644841931951178
0.001414299316895271
0.0015313036882604065
0.0017552267591046053
0.001571886166946846
0.0016079500489358668
0.0016152257776486166
0.0013669443141595447
0.0012579490548104812
0.0016321420792312401
0.0016234154288183433
0.0016062213847808913
0.0019224550279090134
0.0013834943363705034
0.0013685175700587225
0.0015587099395456584
0.0015633812254536841
0.0013697062398918718
0.0013502410740301794
0.0014405172032713554
0.0006125501107699695
0.0015722059190386272
0.0017203588361745454
0.0012963803696310462
0.0014732658296099164
0.001578067198617153
0.001546141376686824
0.0014950552547551568
0.0017700459415145545
0.0013075904621163198
0.0013201177223085426
0.0014656129910290523
0.0016754725645214408
0.0014595646752480196
0.0016518870604091485
0.001469868888509142
0.001491785931931313
0.0017040797584964241
0.001318036858241721
0.0017205023357464249
0.001499468857486456
0.0014392368294850835
0.0015912770732088492
0.001415768321486047
0.0012085553290933325
0.0014877582927667029
0.0013538036375332215
0.0014093569348620867
0.0012755128077869304
0.0013620663268153446
0.0017474677935513665
0.0005399285056659535
0.001482386876347335
0.0013955478709332984
0.0012704482922975056
0.0015519800826055991
0.0014101441200180182
0.0017172324986929495
0.0015220485077989017
0.0013944136414680806
0.0015736198005494415
0.001219632735116496
0.0017380643596314343
0.001461323650925955
0.0015454824948461063
0.0016603839620879
0.0015594960828342011
0.0015584173481443975
0.0013522550673296272
0.0014645139992520307
0.001424560774941085
0.0014886405623496495
0.0013381179064871674
0.0016706303294066237
0.0015546403262692316
0.0015345404040976766
0.0013072507855539906
0.000533178238259713
0.0012937425210767265
0.0016441728977230191
0.0014517212249534723
0.0014743819713546355
0.0018204227076568324
0.00158859143675709
0.001573917023254804
0.0015434338967760192
0.0014574296192212703
0.0015647815781716717
0.0014687216009207497
0.0016477108699607965
0.0016871060544713832
0.00154395034253048
0.0013300901559291703
0.0018757200646057918
0.0010941524812883717
0.0005732717956016467
0.001504816297095421
0.001493052249917296
0.0014029373541115007
0.0015049632638095179
0.0013751215545234282
0.001209639451289778
0.0013625036048872993
0.0014532666975092044
0.001335325994128547
0.0013376896536916583
0.0015281036908472523
0.0013547458782090225
0.0015922228369928482
0.0017418343139956882
0.0013374874825917984
0.001567214921653925
0.0017665831992835852
0.0016049948255378252
0.0012297434190516301
0.0012803860993484794
0.0016609976955798405
0.0012574497324646617
0.0017292403002419768
0.0013692520607548882
0.0013341670077895926
0.0016087183535046649
0.0018651498183806544
0.0016939100447118558
0.0011660207725715079
0.0014248291172493466
0.0017730115290232526
0.0016268979590457742
0.001217052089442313
0.0017576600915537263
0.0013875292597473842
0.0016478423666550428
0.001795895792506626
0.001495166122346859
0.001235853682403649
0.0014364225719199885
0.001282259057313215
0.0014696196238875967
0.0005385409173560664
0.0011693396508239333
0.0014865030318213773
0.0014499080916650022
0.0013703712107561274
0.0013635036095881238
0.0014586288243262301
0.0005450430712691466
0.0012170730920428234
0.00162404758275826
0.0015711719796161032
0.0014197911124990302
0.001464613895533225
0.0018381333723274317
0.00133829339276075
0.0015630283435077703
0.0015331769333532903
0.0017210519022469993
0.0013583137559219822
0.001389051015414122
0.0013432040448180806
0.0013614016160236146
0.001347820485042981
0.0013608042730097786
0.0014385899737267532
0.0018836797855805074
0.0017270211554039215
0.001479967456303865
0.001592976289463817
0.0014824147652612743
0.0014858985719678017
0.00150465465752138
0.0017016620737354952
0.0013449770855997038
0.0014002181764595004
0.0018618418515615818
0.001410911261376593
0.0014225122984986296
0.0016364468152374055
0.0017788007388742442
0.0014195434192216252
0.0016768623899991383
0.0015552157900627305
0.0014500467072751395
0.001375669677274849
0.001605650867418759
0.0017467875532367926
0.0015215372637448457
0.001371032063871635
0.0015706613422040885
0.0013829006704180918
0.0019262519600355531
0.001424132959289938
0.001269096622231584
0.001844147657596823
0.0016153640900813948
0.0005832136406857476
0.0012332889846102667
0.0013196493715486924
0.0016061554089831012
0.0005360472636525221
0.0017623182352051224
0.0016122574528293057
0.00144273458608168
0.0015259004708900303
0.0016730501572834377
0.0014745534439291506
0.0013358551291134287
0.0015223749860549002
0.001738373664484255
0.0015891628073626408
0.0016694126451838188
0.0016640914650401647
0.001517310430831608
0.0010473384646038284
0.0012502916629673082
0.0013624676896051718
0.0012210504608359124
0.0013438103304269007
0.0012262152545591432
0.0015455192866261661
0.0015674054770532055
0.0016193349076626192
0.0014811473698063975
0.0013858306626443936
0.001700829400128955
0.0012649572174909275
0.0015572592814075143
0.0005923417600502538
0.0017285313306282962
0.0007175303364060706
0.0016031946869776257
0.0005241604716711744
0.001447760575916537
0.001374734763564138
0.0015211215150423112
0.001299068233977258
0.0020394280461597104
0.001607290262148871
0.001530005887865587
0.001344752413980593
0.000556348874287467
0.0014927685333209221
0.001555689274992349
0.0015994916280329334
0.0016180849118570667
0.0012576528958772979
0.0014710309871597206
0.000558631669548125
0.0012519625958439895
0.0015164101863499567
0.001418910382222366
0.0016934266098668075
0.0012706613552077829
0.0017496225501207217
0.001471675745663607
0.0013594569843181955
0.0015574275708821676
0.0013778238883997945
0.001340319772331743
0.001371976702266197
0.0015504088587755208
0.0014675427392677113
0.0017609621152141508
0.0014790910734796437
0.0013150509190481567
0.0015873013518440194
0.0005482489226376454
0.0013824368141100247
0.00143563223624194
0.001397060362147855
0.0012708590070553243
0.0016793940120151411
0.001769934981208413
0.0016272013708109757
0.0016122111160740687
0.0014601058554893907
0.0014949191581883825
0.0011760766951645159
0.0016636945598099587
0.001426651390559091
0.0013714115592184002
0.0016630438143348917
0.0015899486921946628
0.0015592908454530403
0.001574689900070964
0.0015949048297244158
0.0013722290500324228
0.0016734404940303691
0.0005388499031398228
0.0014400826396790856
0.0013786108485339611
0.001355237963932943
0.0015716338202513527
0.0014106128224302846
0.0013699401022435418
0.00054046961605685
0.0016650846641432454
0.0015257103867301388
0.0018852245938140541
0.0014147420843721797
0.001614049739231492
0.0015274550108016203
0.0014179199906866802
0.0014479861949728457
0.0015212084919196652
0.0013672179897959527
0.0012710197323353282
0.0013918834582853218
0.0014681001983677167
0.0016095730280713226
0.0017373157043175083
0.0005508243139113212
0.0014979004588398217
0.0015503823964521637
0.0018038545893858085
0.0011525253545389164
0.0015303821555259218
0.0013168273381056516
0.001594616668348454
0.0015085271507428203
0.0015606847869617014
0.001444360539659079
0.0016639245444566245
0.0005400617436767151
0.0005872460550379135
0.0013350064079816755
0.0016110591844614517
0.0014689596017101135
0.0012847879843034026
0.0015301038354124461
0.0013910992840796372
0.0017439236099107721
0.0014832362154551448
0.0013550789169277664
0.0012824259972956226
0.0013205891120040099
0.0014854727153039537
0.0014194320849195796
0.0014050780250151077
0.0013686819434254936
0.0016151511040850075
0.0014703204886026883
0.001484885700717588
0.0005515780775151831
0.001468094661779042
0.0014615606323138198
0.0012886110278376496
0.0012028100832836002
0.0013890439705887233
0.0013316003318194043
0.0013339909571657104
0.001618618758577599
0.0012444116577607592
0.0011227006365317615
0.0014530269667860263
0.0006102296738909179
0.0014519531189583158
0.0012866259178286577
0.0014689176064264474
0.0014926011281760892
0.0014290313586971027
0.0012398691848470892
0.001150443411059871
0.0013775909944271953
0.0014768093393401544
0.001716943117318241
0.0019028764279527472
0.0016039152024720528
0.001458093473253694
0.001322747488356842
0.0017518576772775514
0.0013208921068282422
0.0012193664738173065
0.001447578841906551
0.0016300897430398496
0.001451696340930981
0.0016393208751182325
0.0014688817185136817
0.0005651701163120057
0.0013786501033614226
0.0020196724345642055
0.0013964246479880142
0.001371676459007684
0.001527754714543325
0.0014160858056318803
0.0015384215526706075
0.001471048482808066
0.0014706258612856655
0.0016378663946152677
0.001350523154326232
0.0016008234459452143
0.0017093822581756243
0.001698082683367037
0.0016068231487858097
0.00152188602465978
0.0015114145006137618
0.001625191316097281
0.0016181302540069407
0.0013193683884872834
0.0014319147117093074
0.0013128818941528862
0.0014535423455951774
0.0014481815689426413
0.0014839521379234944
0.0016737307029357933
0.0013622079421749646
0.0017954108350565154
0.001602165730009601
0.0017413410280365767
0.0014588689803243576
0.0005998827516319169
0.0016692996208640433
0.0014446856307482481
0.0016108058496512737
0.0013123290077438235
0.0013122910501705736
0.0013369920726144058
0.0014236555384658119
0.0014101270983661492
0.0014952639745363617
0.0013228129995553671
0.0005122538399832857
0.0014404232573513628
0.0013188403928522119
0.0014774675062709651
0.0013052824391611248
0.0014010740239619164
0.0013063423598387966
0.0015654241939503052
0.0014110107494049182
0.0011600409490926395
0.001274856442102536
0.0019976123554902793
0.0012109035045334724
0.001499827721536772
0.001366077610965641
0.0006103964693704585
0.0013166899755525702
0.0014946101222255692
0.001566087356091058
0.0014469300057815115
0.0016632444296370843
0.0014081103841803082
0.0013992388241868025
0.0014718609810209244
0.0006004038749074303
0.0016217198235303847
0.0014047193440408687
0.001511386621315614
0.001328807906408117
0.001413732687249221
0.0016818186754529955
0.001785815098593291
0.0012819826571931505
0.001521506225856778
0.0012893102015391728
0.001353946401537593
0.0015879259852731795
0.0015460390934632867
0.0005946629511464144
0.001516838450537768
0.0015713399114375207
0.0013038806473350355
0.001478505024512973
0.001154758874948455
0.0014459600783391898
0.001286970664506385
0.0017256452815886277
0.00142952323992798
0.0014916227926522509
0.0012598118810524732
0.0005586617578527839
0.0016176337739348184
0.0013771932621335977
0.0013904046410397656
0.001658759392868302
0.0015883598951565872
0.0015120703152698863
0.0012806956190927255
0.0013684432413280238
0.0012427597400493447
0.001735982838949817
0.0013517998931222063
0.0017846559168159348
0.0013954896601642158
0.00149135984421462
0.001333852122208572
0.0015551984704781604
0.001409114035837361
0.0016066682771207757
0.001307337171959307
0.0015705884810925414
0.0014270268182664603
0.0015628812322434366
0.0014366835217257843
0.0011946901402227804
0.0012438281570778366
0.0012573923473345964
0.0014579719563342654
0.0016192868169428102
0.0013233068959480475
0.0017626983210995903
0.001359568252650401
0.001842599971122681
0.0013546385584707408
0.0012644580870593944
0.0013549701131029873
0.0011955740265432008
0.0005633842330958403
0.0015737753915960506
0.0013803780029236442
0.0016519333457358648
0.0013715370195238835
0.0014406785831018979
0.0014167861869162134
0.0015663581976133852
0.0019497359797901368
0.0005498068731107008
0.0014794634071620745
0.0016090156452655724
0.0012637593992854434
0.0013652866794677996
0.0014426140326775033
0.0015512918048608008
0.0018168868084477779
0.0013014385190672712
0.0014378053044427322
0.001444962590470995
0.0013988308232923874
0.0013771729083174985
0.0016921885033206487
0.0016492631190948
0.0015517461118394681
0.0015773653477156593
0.0016052403230003766
0.0013670457101714977
0.0012004420576855806
0.0013848584592157085
0.0015027159396918805
0.0016129663932622834
0.0014727852580376745
0.0016105646040974178
0.0017038027825577095
0.0017434285005057564
0.0015920615248212456
0.0014046811349516914
0.0014462151688432675
0.0012489508197679835
0.00148325865465081
0.0015082530871248568
0.001430515967399268
0.0013427052295759121
0.0014624227858345267
0.0015828102399384218
0.0017097330875232586
0.0014140790373198444
0.0017315766034181942
0.0005969322350336641
0.0015658054978228797
0.0014361148750960094
0.001325519910005589
0.0014322784756901179
0.001459175710360098
0.001709678540490748
0.0012876915624877956
0.0016253734493296395
0.001371350771185423
0.001419039248630692
0.0016378123479306702
0.001272107466036675
0.001191603751732664
0.0011584201844301433
0.0015145020532751543
0.0015766784838745001
0.001570941455123813
0.0013592102078124738
0.0006836583522377535
0.001528989241545981
0.0013142043959551036
0.0014119826209309753
0.0012883800637210154
0.0014674746890197884
0.0014044565289469478
0.0017681147498584259
0.001367232406430609
0.0013958194242409817
0.0013148337256889023
0.0013790643638990523
0.0016805195625600507
0.001630842873743741
0.001432577521690272
0.0013701199774049761
0.0015361471312938134
0.0015030706280982238
0.0016408348087666462
0.001576028321302135
0.0018251024130670089
0.0014546529264832166
0.001412699175879572
0.0016312140002501963
0.0013859371936695765
0.0016259016839330336
0.001834137194572087
0.0014749700261905533
0.001370281014704203
0.0014467995683754874
0.0015636779098279407
0.0015941945948053193
0.0016641879838024793
0.0015307850199801898
0.0016889742882749473
0.0015790551889978744
0.0014901911991448097
0.0005515742407127167
0.0013325694426387284
0.0013967065203315263
0.0005737859056475571
0.0014459740680472268
0.0015148909364995709
0.001401682907252611
0.0016406226612561113
0.0016105813852164432
0.001287109257378473
0.0014045086842188125
0.0013684082870296839
0.0014965010351985573
0.0016726444869769029
0.0012210352832948664
0.0017499305163464663
0.0017667862946800993
0.0012825976271409979
0.002068389052133008
0.0015608260759398189
0.0015968898247132183
0.0013269136110105454
0.0015516725960066275
0.0016336609687426205
0.001462746114228627
0.0014465911584299392
0.0015456933786796767
0.0013587793880763758
0.0013923275142407269
0.0013232441047062841
0.0012609923534694528
0.0018192885827457573
0.0014253772914298842
0.0016417160841450688
0.0014207078931881437
0.001521254071391754
0.0016230967732165915
0.0016610867864378322
0.0014338383429623833
0.0017093797094081392
0.001696609897890375
0.0013307478340731636
0.001397146541203381
0.0013710179650025423
0.0013299536028503849
0.0005650805237235103
0.0016381835999122053
0.0012434531322508848
0.0015544762026916158
0.00181527894033169
0.0020770776214148095
0.0017716511486871433
0.0016962745649042185
0.0015579700450419544
0.0019074377785406242
0.0015417367091941354
0.0017219927835183323
0.0014732380330082845
0.0015716612043538433
0.0005342635350003038
0.001592751189144255
0.0015055410786219542
0.001798203385667305
0.0014023535793484146
0.0015533100488401153
0.0012098414808406402
0.0016879888686268578
0.0014129294449779443
0.0014831321950081976
0.0012842644088448007
0.0015885650221322694
0.0017893799508844155
0.0014957529152708395
0.001737007074644515
0.0014311710058799519
0.0012539147209211293
0.0014846554312663387
0.0013220392517682435
0.0017556822577521618
0.0018285287303288222
0.001464993838904908
0.0017378174931510745
0.0013263225993767464
0.001374543819412079
0.0014569648062347257
0.0014309934552650578
0.0016292332376565135
0.0005571486216974648
0.0013419069908773879
0.0016008176775452793
0.0015079573023930777
0.0014556008115323461
0.001427488197680256
0.0015198726987779973
0.0005570195309121353
0.001636437794863733
0.0016181353948760099
0.001526760320517414
0.0015532862772111823
0.0014132534800587488
0.001708141883387342
0.0014750363419143632
0.0014679243354802694
0.0017310208790265356
0.001827338377453752
0.0012714187762698692
0.0016053811258687435
0.0018157063337761856
0.0012849724997948133
0.0014567677016859924
0.0016076740332372473
0.0014029131477424032
0.001410225778791423
0.0015185278547269056
0.001758106144687557
0.0013748054723222562
0.001425666622711376
0.0014312781521666309
0.0014598616011374627
0.00176117083547334
0.0017833349106663263
0.0014972809065497837
0.0016220447509667849
0.0014174226858164815
0.0014233404710971343
0.0014325066671236647
0.0016430725745483741
0.0014377316775742593
0.0015611461186345278
0.0014700126809161326
0.0018657573009670954
0.0005961617001839837
0.001419910667982313
0.0013609471319794078
0.0014014412196610689
0.0018062684928198639
0.0013773255715141175
0.0014055025911134688
0.001513574769968262
0.0013841932781783626
0.001791623833402208
0.00169645671065425
0.0014342659951937257
0.0015698590861310893
0.0017085138484145886
0.001220278232717326
0.0015736457127208427
0.0020138721461087153
0.0014553038900525144
0.0014391764583243088
0.001478676610850263
0.0005892985528005248
0.0014344351803980402
0.0013217662183380291
0.0014494388380984489
0.0014644259661377112
0.001733676125986873
0.0017399045436329178
0.0015051333392781423
0.001209116586099203
0.0016561177191593045
0.002031728289262342
0.0014837766531685759
0.0015131392418032267
0.001536783387040711
0.001358395580736784
0.001439290625973549
0.0022182485145259175
0.0016494218249644395
0.0017327414596996675
0.0014491589445379894
0.0015980853677977434
0.0013820597155323757
0.0015205255632092303
0.0012552535465616323
0.0016402542672773696
0.0014936783662522072
0.0014750809881865323
0.0013589024875890249
0.0016750437169981822
0.001603461592197738
0.0018510337134059682
0.001405664009743603
0.001332486972921607
0.0013706494787607173
0.0016500170408419563
0.0013883443862224784
0.0019987821483492254
0.001609673342715882
0.0015691178100056523
0.0016810807950164834
0.001342310928543436
0.00156037404717207
0.001488820794764106
0.0014771887829676637
0.0017396239141995234
0.0014578856013382634
0.0014536754121563418
0.0014342537159649825
0.0016611190587889845
0.0015841079216387356
0.001748334641794257
0.001653439757047886
0.0018726085886677886
0.0016566288626144868
0.0017813819625238268
0.0014498830604104355
0.0017585092357934188
0.0012586250268307852
0.0017859276552075328
0.0017023617918994476
0.001276201606148081
0.00148064685255119
0.0014650021260052275
0.0016382280491095238
0.0017469834311243397
0.0016588146523332501
0.000530238761591947
0.001465778573089863
0.0017248760742326244
0.0019375756323546007
0.001317527832568452
0.0013705458334890156
0.0013794714474718273
0.0013420564284728222
0.0015828943311149456
0.0013615712843655671
0.0016731211090797488
0.0013465876653626222
0.0016021895247829666
0.0017358863026252194
0.001510512223830489
0.0013522073742667543
0.0015412785113466008
0.0017948079288374068
0.0016016646812911657
0.001456319555400193
0.0015115518448831889
0.0015844720839348005
0.0012670043925855252
0.0012853509664038107
0.0014779489505173777
0.0013888173810413709
0.0014867615557627274
0.001453275986581832
0.0017013745534731584
0.0016930196574980506
0.001410476071556306
0.0018551472299212846
0.0013030263267081142
0.00170485325482347
0.00178931825039274
0.0015457628719498808
0.0012775898524336829
0.001437610870403396
0.0013693086257350272
0.0014390956814720603
0.0013925020673631033
0.001525818378708705
0.001415582718487118
0.0014812595028367238
0.001291144523306368
0.001981758340643561
0.0016030545176265235
0.001408382135390028
0.0019893582077843606
0.001497948409825822
0.001379981532727598
0.0018683851033157103
0.0014231901822013898
0.0014511612958639578
0.0015004207075655837
0.0015332713690284555
0.001427327241997031
0.001146670759181418
0.001543771144353928
0.0016565539273479977
0.0016684234218095923
0.001752677294528561
0.0016334521431949846
0.0017592688050301788
0.0015926244435139933
0.0013855714704636586
0.0014444319718549363
0.0015027161635801079
0.0017741612350890663
0.0013308829716715087
0.001575661590430655
0.0015934949281639567
0.001066076072654011
0.001658047162945745
0.0015138479620768485
0.0013958570390779034
0.0015347410929496797
0.001410917512789998
0.00148093342482809
0.0013989910197097686
0.0014629125647216067
0.0013912398893714195
0.0013992577467853919
0.0017023247228423212
0.0013312720546436831
0.0019340974529641407
0.0019803349892539464
0.0016363328426549533
0.001525575884655238
0.001553802675515594
0.0016260965562981174
0.0014801992912642375
0.0005141579516151118
0.0015839033149440177
0.001640531566532578
0.001549536492330035
0.0017416638986373662
0.0017211361867382608
0.0015560379584451227
0.0016298864323081358
0.001436763543706115
0.0013840751540076036
0.0017712241691096025
0.0012587060446740844
0.0013320710417455786
0.0018556002699212698
0.001425504189807276
0.0018965787138926914
0.0013140523512539706
0.0016268081863001814
0.0014532594992586146
0.0016253272131013488
0.0015598289056511039
0.0005728523105949713
0.0016779823338369945
0.001634633325299589
0.0014550785353804948
0.0014895219571110505
0.0013841252342078785
0.0018506018804438928
0.0017333590623269948
0.0015909149828278939
0.0014366338900884217
0.0012151632957924784
0.0014172298025388861
0.001461694442689013
0.0014718750443004649
0.0017300334192932852
0.0005455481889357776
0.0005390144379487554
0.0017541071678517255
0.0017739081798845576
0.0005248157752226621
0.0015024069391007015
0.0015510314071953302
0.0017711712910234293
0.0012453885666246353
0.0015842590086269236
0.0016722356409137645
0.0011735104821751264
0.0017798488224439058
0.0013397276205124934
0.0013991192542592212
0.0005641374913795323
0.0017857451470962736
0.001375079375213712
0.0017226987937689095
0.0014254130985877473
0.001368856175152407
0.0016262191320474937
0.0019293985555068004
0.0013635068410071264
0.0016170534489899416
0.0015088696147700375
0.0016018828746495266
0.0015232529783618378
0.0013680967049609417
0.0014738194089900754
0.0015675465023424558
0.0014220179638251957
0.0005656802904894452
0.0015270786498422907
0.0015830917528902805
0.001615051785359467
0.0013867812987155054
0.0013726821418551347
0.0006284425700484796
0.0014240838916848087
0.0019037194922998716
0.0012806735691753821
0.0013716645397491127
0.0018688767753331434
0.0017595713156925796
0.0015022169600067484
0.0012100603322977037
0.0014242502927429856
0.0019497660380209836
0.0018997247195038512
0.0017156768670340383
0.0014139231572428141
0.001468872439134612
0.0014279629234139341
0.0013777684640484847
0.0018214763698647574
0.0017856257171389583
0.0014867504006191457
0.0014231538685959084
0.0015323442011548874
0.001947062106038469
0.001355136279051089
0.0013897623889509458
0.0016405081129877985
0.0013878112352530873
0.0014652488483230446
0.0005511880944883411
0.0015411183549651915
0.0015286146302464553
0.0015992353126175135
0.001759286559441247
0.0014671264434660482
0.0015875317146695001
0.001342161301166807
0.001466138651485584
0.0015129328080162856
0.0015142061291954403
0.0015845393164779127
0.001448910994251475
0.001545264084768927
0.0005579897322832665
0.0012600708337632798
0.001483463615886748
0.0008609302835205277
0.0014326872374963837
0.001405777217885785
0.0014657436020827888
0.001527306095026067
0.0016099268254057954
0.00167691047909723
0.0016111343598662663
0.0013249221001282031
0.001968954749729515
0.001539583527475364
0.001487966196253989
0.001619315885019574
0.0015639737216598696
0.0014847463834374377
0.0012796989190415736
0.0014739024397386197
0.0015005549270552167
0.0012937719771991961
0.0013459939427155167
0.0016447096086212327
0.0012897727343375697
0.0018611344187389612
0.0016747686242822614
0.001356159657259921
0.0015958656592523553
0.0015119220364504
0.0017056596364771616
0.0017432379888801736
0.0015875928668864579
0.0013483460850724042
0.0018672860981581913
0.0015925022474688978
0.0017768483417546885
0.0014967953875628626
0.0017586884355385393
0.001691021940569014
0.0016461783906670648
0.001935447048565485
0.0014688987222799136
0.001701975688560843
0.0016451272734773511
0.0012856943671213262
0.001498258031441734
0.0018503876705482938
0.0014278275261272383
0.0015179496996476534
0.0005464321731054799
0.0017863090872733088
0.0017975174954634838
0.0005929058052201469
0.0014775846281670476
0.0018013002675561986
0.0017123643282716098
0.001579381263250344
0.0015339512693386694
0.0014464488716528418
0.001481060765218849
0.001394546096431117
0.001731672616636569
0.0014234993132357994
0.001512128070539781
0.0014791345353425596
0.0018010662898042434
0.0013755938634394272
0.0014649508028107402
0.001463273150426172
0.0016090615623604106
0.000544213504243937
0.0014302200861665074
0.001300305157754185
0.0018210445479175477
0.0014346759823753129
0.0014655699534432383
0.001727055614333858
0.0013970312553352865
0.0017619502075449294
0.0018222409728377094
0.0016615229779562725
0.0017524412251569484
0.0014735127228162799
0.0015654075015452498
0.0013256924851265688
0.0017271415446888372
0.001508350802694685
0.0013922465198751826
0.0016812846202554589
0.0014617284645026855
0.0017014153178162587
0.0015686278492397393
0.0005055647119948228
0.0018696248472072304
0.0014079774259367999
0.0018463844634454916
0.0016716884063751455
0.0015530472477751072
0.0016184424161454177
0.0012837645282367228
0.001371712732046379
0.0016187175812337863
0.0013889973895089235
0.0015427093224739507
0.0015931823463127294
0.0014137963746849512
0.0015550021600200708
0.0015518006003718693
0.0014667557638058598
0.0015912435912073136
0.0006020756795341791
0.0015632505547471488
0.0013115911410638234
0.0017206854445097977
0.001387783208704656
0.0018037887305234377
0.0011535357664581415
0.0018581887062702562
0.0015886464698687316
0.001596362691246395
0.0015098038905927047
0.0013461913440887458
0.0014443591152782593
0.0014538107905866567
0.0015684966486198223
0.001864102653138428
0.0016226343662796992
0.0015908376834088114
0.0015546657542976645
0.001821722226999559
0.0017358650174712658
0.0015526266872394768
0.0015217428694254548
0.0013802693758652377
0.0016342349672275735
0.0016618020074066543
0.0011744822484486992
0.0017101361112674006
0.0015969813354186136
0.0018480371230240372
0.0005300004282849593
0.000812520825155174
0.0015464723995089553
0.0014786299086676444
0.0014624033334549418
0.0015570952330349916
0.0005816259909655644
0.0013897250330915359
0.001768598801867526
0.0013119080162959545
0.0015400397856166154
0.0005548187173731288
0.0012914418511537516
0.0012685500936286335
0.00127284844934379
0.0006297396012613888
0.001718056417817294
0.0016976586580802107
0.0015535631757663314
0.0015447407470467666
0.0013265838997120255
0.0018248635570061833
0.0016073379396924715
0.0013671470605649283
0.001435051123802005
0.0015108619156150287
0.001698534634948149
0.0015042040338346951
0.0014004962212745252
0.001292628779244326
0.001482751651640917
0.0017358980769742822
0.001667518962979819
0.0005463125158928959
0.0014422710301848177
0.0017395276721377413
0.001627427947702694
0.0005620864264244858
0.0014074102513173812
0.0014245721683883896
0.001469819992585501
0.0014742811964611228
0.001308573026846586
0.001590220554184043
0.0014901877139098848
0.0018076062718849009
0.001306857271778562
0.001716412932306725
0.0013840250210566541
0.0014414715171019528
0.0014327557603349564
0.0013655056575720935
0.001546029171418851
0.001831166557597735
0.0013807488647400463
0.001672768771945592
0.0015749533476175322
0.0016596723371843482
0.001524179250796653
0.0014209944945000428
0.0016022692820736144
0.0016693115377930823
0.0012926579949482059
0.0013609057918177797
0.0014808587342361027
0.0016026645927076962
0.00058335521621631
0.0015824699166534014
0.0014949633183444914
0.0015254083372261875
0.0013739038991100073
0.0015950074508958461
0.0013013769652017119
0.001464774119305489
0.0005376865247260155
0.0013666629116367618
0.0015192323558226378
0.001738045085480999
0.0014231052775686137
0.0017184773063107922
0.0014863376376251717
0.0017687297302404826
0.0014679410872820962
0.0015620263459044355
0.0017727239846645026
0.001606353016692347
0.0017133518003106054
0.0016125207113384548
0.002151191868613364
0.0016988859266688283
0.0019660284160476524
0.0014746508681359827
0.0013138839748611285
0.0016458687325899752
0.0015754314376852712
0.0015135088747427262
0.0013778120948526522
0.0006395567890960511
0.001825012928399771
0.0015236094597781595
0.0016229955774212947
0.001545565255846203
0.0017590972375914607
0.0014953092535509964
0.0016456468386526531
0.0017993814289797825
0.0017136527710127133
0.0015455657611912897
0.0018528695009291333
0.0019127300460327276
0.0016207985190150715
0.0016546982354252397
0.000601168600209302
0.001618033634921042
0.0015946591442818263
0.0016886727981766313
0.0015025842672452537
0.0015991415767109267
0.0015602140515782285
0.0014225321804796891
0.0016944022127859612
0.0017676918929182747
0.0017380789353730762
0.0015761501521260044
0.0015443059592277137
0.0015212029288819726
0.0012804366057700448
0.0013932006900781446
0.0015987949884002095
0.0017645522513400685
0.001611255670871988
0.0020653847632367485
0.0015617783073342772
0.0015870076751645177
0.0014247444497462475
0.0016352389847361472
0.0015165634687662848
0.001519465498684247
0.0005198025301849255
0.0017758549294919752
0.00167116724362939
0.0013876281329803124
0.0018222134133264163
0.0014081260617671571
0.0015419777710695478
0.0015582478839539086
0.0015028000629663414
0.0005326741316827899
0.0022261648620502113
0.0014426675820075428
0.0018434787784953326
0.001234316703839488
0.0014030700548071247
0.001505713678905712
0.0013876306929066682
0.0015306083779157225
0.0015418462868948357
0.001587729140207974
0.0012773411106779715
0.001413246264581633
0.0017257350682830129
0.0014333048336059016
0.001699171330962086
0.0017501890640003793
0.0015478467081630203
0.0012091635524935681
0.0013408310822536308
0.0015721768216544003
0.0014336682469706385
0.0015543777616852346
0.0005423703753922911
0.0015069794462839233
0.0014670222534728398
0.001742070924535128
0.0015519180424198884
0.0013551058658490467
0.0015382451660236466
0.001367254394191179
0.0016951075023777659
0.0013270114300632655
0.001434995075524475
0.0018794816803133273
0.0016539879043041886
0.0015600384941005312
0.0018375099277863928
0.001490188368773892
0.0016289237986317222
0.0013289084668257555
0.0016072494591632665
0.0017546965507027092
0.0016461950451988497
0.001812113807347211
0.0017406318221513295
0.0014690378865548754
0.0015423003093859567
0.0014615017999669582
0.001273223489970149
0.0014249202668125671
0.0005411810930434323
0.0012753785792037815
0.0013396780565633488
0.0014955517195762418
0.001453592239378943
0.0016910633484169093
0.0016702804610907165
0.0015290598256168487
0.0005547543146012889
0.0015703545708098063
0.0015979575232445134
0.0016256088299076276
0.0014417507330619806
0.0015050318342536403
0.0012804369777536183
0.001478858019486114
0.0014906298831987399
0.001481224207747385
0.001405920606908386
0.0016388285102934906
0.0016126421999931194
0.0015734895544080379
0.001847045441646725
0.0014772466611165534
0.0019838324745978524
0.0016480862920362994
0.0013920467134229263
0.0017978570629603866
0.0012512413298406905
0.001500289751975565
0.0015226064760719223
0.001472710307522674
0.0014103812662609621
0.0015525922460023378
0.0019263676450340483
0.00181367670230491
0.002082484935097971
0.001645857250366224
0.001614164717720759
0.0018183489113173365
0.0015477781574867375
0.0014999521093547142
0.001564191403745295
0.0015455140603314822
0.0016809457044916635
0.0014636023733724396
0.001707492721687063
0.0014206876358532614
0.0014767510715199097
0.0017420734664771022
0.0015663472647414552
0.0013181010144637025
0.0014099127270412427
0.0014651833777303918
0.0014705872814480571
0.0014740281810692866
0.0016212675990607388
0.001339973593050929
0.0014344621585342008
0.0016419180438092668
0.0017164822588949477
0.0006027185188978508
0.0016383618840101345
0.0017452956906619903
0.0015010143600000933
0.0016246740374153167
0.0017562789371030102
0.0020139950056013
0.0015375296428582696
0.0016779051231407165
0.001506650087346339
0.0015022378963016525
0.0014858952338043351
0.0012745103262423961
0.0014115205099252393
0.0015250597963957628
0.0014077738587430994
0.0012394200298379231
0.0009234261731542279
0.0014093802702995959
0.001862277562986245
0.0016777021086819565
0.0014209914501046796
0.0015746101228976159
0.0014858757378024858
0.0018863676729874706
0.0018131449964157952
0.0014526955885187382
0.001653567288567433
0.0018020149682548177
0.0014439949693815174
0.0006177621677155058
0.0015683264069451073
0.0018740520940523921
0.001150451395718244
0.0017539469494087705
0.0016387588005889874
0.0014596394481154267
0.001415928971922762
0.00157506390397782
0.0005117296733433867
0.001588624783985431
0.0014878469487067721
0.001534776340568716
0.001567952699272843
0.0015455248407468631
0.0016223535143884689
0.0015628655187767042
0.001510957771392484
0.00161544420958306
0.001400855241391226
0.0014325787986615183
0.00138142234084698
0.0015729687851203358
0.0015522379173177356
0.0017000252655380414
0.0017445218470752003
0.0013496452161746613
0.0006847729867142581
0.001350443290380144
0.0014527242242645918
0.0013725540320298393
0.0015416158974273695
0.0015883960747389513
0.0005406956716939505
0.0006525601413409523
0.0014540710163965314
0.001617951722324581
0.001630526057368685
0.0013734198058700333
0.001673891368369491
0.0014541266252311637
0.0012003556552247013
0.0015628268176149079
0.0005359078353152078
0.0013917690104812068
0.0015016612559962707
0.0013879259615932951
0.0016437124707355275
0.00195469111531472
0.0014378028707041502
0.0014520142032164334
0.001459985387401963
0.0013520138415134687
0.0014913545041817617
0.0005258841229158243
0.0014938492742900347
0.0013574327783872266
0.001795788802770376
0.0016806072034866925
0.0014824860829464968
0.001760374154305061
0.0012818329486226003
0.0014807963831892825
0.0018742919535961165
0.0015290408472162186
0.0018277251352723546
0.0014093947572809057
0.0015330249126037764
0.0015298168102190306
0.001430240728287082
0.001341684915488339
0.0005994432759114508
0.0016604583267694672
0.0014402819845724263
0.0005720527577697921
0.0015312114536019995
0.0013593637552157677
0.0016480390495289391
0.0014759212541459736
0.001615752771804225
0.0013268107607686654
0.001127906681722896
0.0018373192352569494
0.001365341743455561
0.0019252868600975433
0.0016420947634478798
0.0005456520311334864
0.0015730756386989977
0.0019493936030205465
0.0013671305631942578
0.001383827514145836
0.0014890533147818854
0.0016620311918601153
0.0012463561480791218
0.0016721461192745909
0.0015809776681623485
0.0013371211616472214
0.001703095416787999
0.0015868688840774347
0.0019714228223080624
0.0015889365677166634
0.0016587613097476918
0.0015910756095427326
0.0013357898365243298
0.0014121565812784589
0.0015680935366247167
0.0016463339196199857
0.0014425454738514211
0.0019660099537033245
0.001617700435856144
0.0014052720036616365
0.0016993036079807028
0.0015735480692728938
0.001809282849291187
0.0013937712623147138
0.0015447363000468549
0.0015583998052290456
0.0015558082831878487
0.0013532931506035962
0.0019414032888579054
0.0013983298311549437
0.0016694976918866437
0.0013985995217398936
0.0015019929329253754
0.0017472694551514216
0.0018477548351986737
0.0017171832037365235
0.0005380845370958632
0.0015782276514746559
0.0016171461922921328
0.0013407394425502246
0.0015650690682800286
0.001281978894481718
0.0015015466017174266
0.0014582541230565812
0.0014200280474461835
0.0013089164039004554
0.0012770091300633435
0.0006662341641760034
0.0014073901039693333
0.0015597123652674658
0.0017551218100545804
0.0014593970503020103
0.0017459712333238637
0.0014283689316807184
0.0014239172342968506
0.0013853149394897385
0.0016708609054077467
0.0014860368261878313
0.001547785358115295
0.0016193689066605953
0.0014667779112793851
0.0016296156133845513
0.0015851641305267977
0.0005600769722575841
0.001831818571970829
0.001611786972039811
0.001665519815384739
0.0018584780176854735
0.0014557118907669209
0.0013257581217429354
0.001527191019996403
0.0014881465583415434
0.001638028205013437
0.001493079658216212
0.0014362279539537142
0.0014588276166436788
0.0015006822996439712
0.0015346079044363321
0.0015508639256053669
0.0005915549352474785
0.0016365445286040305
0.0012841216732492628
0.0016167690971471734
0.001521022253121262
0.0017118641437571004
0.0014026509269610553
0.001761911081041788
0.001637609109726532
0.0015108285069838651
0.0018547146172611295
0.001391153763957224
0.001504303719049747
0.0013578861997495886
0.0018873556936768437
0.0018168911989381441
0.0016375153997659712
0.0014022128999476016
0.0017870044102576315
0.00156315166907296
0.0017880589536635326
0.0015004521841597922
0.0016327860042169033
0.0017161354869295515
0.0015264887251363176
0.0013407530676686503
0.0017408260409902925
0.0012682730466893222
0.001527287427382143
0.0014368952547133965
0.0018374880360607897
0.0015189782728672664
0.0013456983389563955
0.0014455740229877502
0.0018869436050934836
0.0018092982973251742
0.001420135777759904
0.0013614886388614497
0.0013868956354432186
0.0016552686955988304
0.0013277891840933274
0.001458348767365116
0.0014768620027766175
0.0016406004545489363
0.0015475431600317194
0.0014166922423538718
0.0006469808950113436
0.001366804296670153
0.0016405057235107212
0.0015597552375054018
0.0014989510985518259
0.0015594917802783939
0.0015934138175984027
0.0016689878704205534
0.0016603793379977503
0.0017031513507683122
0.0015202845101550577
0.0019067375039589422
0.001661890666253144
0.0015492513168248261
0.0015995355752515133
0.001497412030494706
0.0014990353034870204
0.0017064342009808992
0.00150890410258241
0.001606756580721197
0.0013365041530673234
0.0017235279587097389
0.0016124150117379187
0.0015835421656849303
0.0013564631294964546
0.00173203461118054
0.0011868442407392968
0.0015060075422084244
0.0018499145793768137
0.0013675505372474216
0.0018601444919356545
0.0017957126700609916
0.0014048445984737143
0.0014540195252064644
0.0013943002131724938
0.001451792837033081
0.0017658235809262272
0.00131287261310867
0.001382887376149855
0.0015283510628591305
0.0017978523823284974
0.0016374022619263806
0.0012968135303982125
0.0014889412306140376
0.0016275867074519907
0.0014031811830018366
0.000574344226359251
0.0015538592647182765
0.0016042130809505032
0.0005902340720517534
0.0015599022828030242
0.0013036668162450325
0.0016271032454701617
0.0012920294633679786
0.001426818654377738
0.0016730574003280757
0.0015084322224055977
0.0015736148351155757
0.0018039605235419679
0.0014910968701299418
0.0015599358647562045
0.0014322692733015636
0.0005961848584113515
0.001464801676310418
0.0019232315388187644
0.0013762000192779251
0.001253836329156188
0.0017165638815288481
0.0009851802658956074
0.0006088192687867737
0.0015551171782579685
0.0011916040536419231
0.0014540994897331082
0.0017190988698740043
0.0016525562496282962
0.0011884927967421319
0.0013176879397634946
0.0015135419185959452
0.0014378669928053144
0.001518802383538743
0.0005416015494217096
0.0017124015128669214
0.0016137470529498966
0.001190942954040648
0.0016531595794082397
0.0017711534518588237
0.0016998630422759913
0.0015371567088312212
0.0015990543122773647
0.0014389480715008274
0.001582992266361567
0.00149124779132436
0.0013544048495583887
0.0018034293256177043
0.0018399052575632884
0.0015859845847395841
0.0016967442690857106
0.0012816099518849846
0.0018344889501501751
0.0015755225570160182
0.0015575524894760324
0.001313322800753219
0.0014957935097702543
0.001535944936384755
0.00154643580723381
0.0005550246753301897
0.001478751979361838
0.0014843466745074402
0.0014056920302630614
0.0016379072745921655
0.0012818732815561115
0.0016499817682708382
0.0015333064289909121
0.0014750556310177644
0.0005698379888741311
0.001515337078471343
0.001384716630333443
0.0015486487403864762
0.001220276045402045
0.0015506802684841052
0.0005532479115312617
0.0015855926214719074
0.001540826525227304
0.0015769857782751777
0.0016412824603095275
0.0015079613090992691
0.001442975985888633
0.001676478475627539
0.0013471445833192356
0.0015082167568864478
0.0016043009076937274
0.0017525867822858682
0.0016382999537785687
0.0014124425337819866
0.0015150880475452188
0.0014555614034066611
0.001465932706662728
0.0016851346080983024
0.0015388528518399524
0.0016035594613130688
0.0014429813855579357
0.0015193327893936277
0.0012211974175280471
0.0013262775953884972
0.001514112429222341
0.0013765245891860837
0.0018121910289394653
0.0017313613584480066
0.0006456148788910209
0.0012278449016346069
0.001673484677898849
0.0016060103008096256
0.0013527595764051177
0.0016142092158360878
0.0015027697002495195
0.0016317843854455646
0.0014844456758077414
0.0015715165361748216
0.0016413967926011863
0.0013894967266164804
0.001261285316859853
0.0015817505141862802
0.0015459725441093284
0.0015695667274665457
0.001511753635716007
0.001423267279144108
0.0018139960769708637
0.0005826408511016019
0.0013303303883248298
0.0015370462624495174
0.0016262072914556586
0.001566553658439436
0.0015282311224316873
0.001523583472029348
0.0013513501024648826
0.0015938454020885163
0.0013073315732309275
0.0015101369248864292
0.0014114258833643385
0.0015068607174221792
0.001721394567261804
0.0015475836904619677
0.0014971052951502344
0.0014495851086788328
0.001423014080920674
0.0017506878560698965
0.001791299740938964
0.0015924453541604489
0.0012507053012177443
0.001505469684308446
0.0014421095869715053
0.001425039588118861
0.0015745566364447903
0.0014609262235324443
0.0014974432870609772
0.0015090094165565457
0.0016383840785465437
0.0015885101533672354
0.002015954348311493
0.0013172320203498232
0.0006633690108058362
0.0014076875167110714
0.0013804756295158914
0.0017227312478362187
0.0014071565873387914
0.0014315448718816926
0.0005577420590396694
0.0016457909746421407
0.001679490738147706
0.0016315971153473214
0.001690565386927032
0.0018185585781577743
0.0017688117807138594
0.0016578923738570983
0.0017292868031577025
0.0013507901462406929
0.0017258039099432353
0.0016492243168220449
0.0014906080165150522
0.0015077578580990091
0.0015031760772120507
0.001490892287328262
0.0014752533512868997
0.0015266070056817306
0.0016282996355649843
0.0015854366640724682
0.0017013787584817329
0.0014593804508750672
0.0013290157465348654
0.001687212570410781
0.0015768935749228415
0.0017354128618744405
0.0013059365621976818
0.001581956542822432
0.0016843859533533768
0.0014429080468675675
0.0013492219991188203
0.0018863006248002474
0.0013620651891306907
0.0015174734548443211
0.0011919410852143256
0.0016422815718183784
0.0013649124664935916
0.0013057589459824978
0.0013285519118934812
0.0015783563103272257
0.0015642242455189994
0.0005621723166942403
0.0017077670138348508
0.0013691854759369535
0.0015765756779898155
0.0014881269836961937
0.0016325362270149092
0.0015181222625337814
0.001721352689137214
0.0013231754948659108
0.0015179161688501739
0.0013646926892308738
0.0005996233589065613
0.0016701731546757848
0.001573366264241223
0.0018795204559499054
0.0013916717417564479
0.0016109154725936744
0.001514600569463013
0.0012936818804570956
0.0011995062123622475
0.0017916379048442874
0.0014110211459954039
0.0005756227662031134
0.0017607596683883197
0.001451547821669942
0.0005449873772345468
0.0015271059251545803
0.0015943028885886468
0.0015286788107749618
0.0015458265751357714
0.0015297403603289
0.001509933180477119
0.0016048213883581536
0.0014223568893547203
0.0015230211000456983
0.0015598510747361597
0.0014582770697361175
0.0016804821049511975
0.0014392358106916393
0.0016363698979451463
0.0015518791542146466
0.0015934138256840115
0.0016371948270286281
0.0013989845102238907
0.0015183200714396572
0.001381007595416905
0.001442044542587768
0.001538578309170416
0.0015965805433181587
0.0005731572600632106
0.0016107655845567937
0.0016646299529165035
0.0014263578468084804
0.0014655997085829037
0.0014771054216104816
0.0012814028796665352
0.0005466699670694512
0.0014637743239562212
0.0015588803897007867
0.0014641338422064307
0.0015325657479347274
0.001463111995154352
0.0015711961678301243
0.0016430863969476967
0.0013342026635507398
0.0015632730556723387
0.0005783018571930654
0.0016318235248991867
0.0016321172310825155
0.0016399317479028404
0.001496592007664735
0.0014666139924513267
0.0014936211259691436
0.0016901433569213292
0.0017170305625783002
0.0018829254176086828
0.0015732683641192376
0.001278484811107011
0.0016053914507575158
0.0017889212779236153
0.0016350780348901505
0.0014822157406089442
0.001593737127344664
0.001738955519620183
0.001533366748622774
0.0016795697932925893
0.0015378176732662788
0.0018027327167546535
0.0015565158279388068
0.0017887586116768113
0.001787107046577617
0.0013772525461766265
0.001546006149298249
0.0016234586378375462
0.0015170403937405086
0.0015210978495734373
0.0017357494443318085
0.001542375971951446
0.0018022651451612994
0.001723818701834743
0.0014632320782535897
0.0015527840042547953
0.0013235407104619035
0.0016457496268944322
0.0017363162675805874
0.0016800195212279018
0.0013614075848809436
0.0015610759118615096
0.0014655858955460825
0.0012277058704383067
0.001371194002271519
0.0016576525973700405
0.0011914769319524383
0.0005874010740786075
0.0015818191500204168
0.0014080722256807887
0.001332600325256452
0.0013209784706136403
0.0017275768091738982
0.0014871673756443814
0.001298844390423762
0.001392472322735249
0.0015153756286948215
0.001322295936155137
0.0017739380422203458
0.0016000783131520893
0.0013652743361825153
0.0018475194595309978
0.0013377762991131324
0.0018030653906156132
0.0014710694906401984
0.0014563024513769395
0.0014621104379111507
0.0012608094256022766
0.0015395635057102659
0.0017201091681729953
0.001769407499078136
0.0014087173305170069
0.0016304613791596697
0.0015124470787542708
0.0012934978288761847
0.0013824371904799903
0.00144626017122869
0.0013169961411667985
0.0015334531488877814
0.0018400851468515964
0.0014531162138618318
0.0015503477239968784
0.0015053905905130613
0.001466114650647499
0.0015447074440401586
0.0014528554036660668
0.0014339566156786343
0.0014788875114912993
0.0015006283339103468
0.0016529633023072933
0.0015382087969956892
0.0015740506381558474
0.0012571298470433583
0.0013934168672733818
0.0016537598803691728
0.001641400361676159
0.0017518202203720807
0.0015160443241651264
0.001442809671432533
0.0012189337615209947
0.001358519496946705
0.0016043810054707322
0.0013776783879674323
0.0019982178409250493
0.0005728585444126818
0.0016112366798055682
0.0016183656618670007
0.000571863161236454
0.0015237977940740222
0.0015448014407462504
0.001544112933870715
0.0007499008850497933
0.001532211662667167
0.0017630534689866146
0.0013110641722786631
0.0016410810948922468
0.0016473809745085476
0.0013855012418081249
0.0016812379217001996
0.0016087494476154038
0.0013392100587559831
0.001309409343712019
0.0014198904313800665
0.001498142622998985
0.0014687434028563243
0.0015673894036228495
0.0012529872442937542
0.0014197686006309051
0.0016719597483942075
0.001280764007493484
0.0016328383438661926
0.0011835319771169566
0.0015046889549518432
0.0012624490086695008
0.001523767315547467
0.0014941187111623955
0.0013182834051008755
0.0014616438087287293
0.0017458204858886645
0.00123714585077262
0.0012364975646970337
0.0017000267690077773
0.0015859773053711244
0.0016711334820773943
0.0015866192011437619
0.0015314493744399442
0.0015326927131861033
0.0012500903998346493
0.0014221071353301372
0.0013699384734939006
0.001429279323637579
0.0015781160735144606
0.0015827186019604198
0.0015628932933120577
0.000812360890571464
0.001305673322621152
0.0014355220625560136
0.0015794803416639125
0.0015721098852475232
0.0015787121348697381
0.0015671511861370636
0.0013566313921519616
0.0015880964112222995
0.0014477582194541202
0.0012857437104337953
0.0015547340438498746
0.001290295090065603
0.0015466207736153585
0.0014384704095451448
0.001408679202589681
0.0015703702708468029
0.0015892444734248755
0.0016568332066488416
0.0015125734117871633
0.0015180592172086324
0.0016991347704233145
0.0017420977385001698
0.0016632350974528577
0.0016140034917064248
0.000577423481766186
0.0017321292879666401
0.0018684968495519467
0.0014548827879256737
0.001381093204639414
0.0015134079278353127
0.0015955793461707288
0.0018608600150012815
0.0005678988852496588
0.0012280415048775864
0.0014753148814759612
0.0016919113345631005
0.0016399039158388029
0.0014012984404883678
0.0013957315240775501
0.001260766825793694
0.0015941923792857882
0.001285433871518546
0.0006005834743529134
0.0013437037289120571
0.001601817787931083
0.0013415139116114158
0.001384584473040829
0.0015553717975352924
0.001462329374326339
0.0006359771465081768
0.0017027106099416934
0.0016964723725126298
0.0012425331786226526
0.0012496302871348164
0.0013934521573896884
0.0015387928565839474
0.0012658443574617888
0.001576963920734011
0.001513557686243747
0.0017277657075500201
0.001615850740025178
0.0015653207727846677
0.00172797920414116
0.0012452946428405593
0.001595704573742982
0.00134147776452022
0.0018023891504714796
0.0005701306003238361
0.0012702162616429536
0.00143321951081196
0.0012838833738230413
0.0014926843432247398
0.0013394206316954197
0.0016242973775350599
0.0014577076731995802
0.00156708633104697
0.0014472813121636325
0.0016757637005301873
0.0015979522970654433
0.0011440715795132824
0.0013068123321769262
0.001722841010157082
0.0018550387982972758
0.0013487299437109047
0.0014548090023631507
0.0013999057851961508
0.0016729874495934286
0.0017044040014525634
0.001501106523016067
0.0017016840143607482
0.0015799479181804281
0.0015582118676650215
0.0014995278699927144
0.0013292679888479905
0.0015996588810400657
0.0013937846167864911
0.0014701354924734932
0.0012546049201834287
0.001778178973917533
0.0012739888036773913
0.001274717871825472
0.001368415210028136
0.0015235766067603037
0.0017863819624688642
0.0015860041123023578
0.0013250576433382437
0.0015609904436051146
0.0014550335767079972
0.0013668353780080756
0.0014761016908867238
0.0015941156567614292
0.0016513902724633325
0.0015493422295920695
0.0016426291275711464
0.0013774792597135647
0.0015169095971977922
0.0018553224441553357
0.001214727937689547
0.0014798420314515435
0.0017496792464345675
0.0012174058605620979
0.0013822298605616911
0.001562266226726083
0.0017937185054883599
0.001432178708936652
0.0015823935749158945
0.001700709274997468
0.0014107146725302804
0.0013751666299177962
0.001394522652779136
0.0015699693663550022
0.001612727781284093
0.0015500885041637308
0.001315588381128941
0.0015471132626136675
0.001521815139294986
0.0013349033770164607
0.001592235130144233
0.0016422726671437462
0.001350464127196043
0.00174873342567179
0.001462825429505136
0.001362331307281449
0.0017893004586442124
0.0017056204410027405
0.0015577451949444591
0.0013395531219980495
0.0014523321254203189
0.0013166562805356527
0.001650276509612063
0.0012839275820764047
0.0014286300571949146
0.0016336277381725811
0.0016749975132430031
0.0015625477291529642
0.0014736761926439608
0.0016078786297052331
0.0005326024333180612
0.0017551359024733412
0.0015429613021421867
0.001609393698805755
0.0017503103918072203
0.0014633821028537635
0.0015035257874592303
0.001434799608329754
0.001414305804282544
0.0015460728159400999
0.0013756507161881342
0.0013572158308505855
0.001446147327812583
0.001532714536783769
0.0014651053161566984
0.0012835121899044267
0.0016360388763485424
0.0016885286713211479
0.0015844079218318868
0.0007747380614331599
0.001386797702307782
0.0013766885931325544
0.0018308961032501535
0.0014738052417369615
0.0014072616012983919
0.0014839736226670195
0.0005718514798600144
0.0012995252447829107
0.0012941871708812595
0.001298398632616989
0.0014089115887735606
0.001446647292084211
0.0012709928237582652
0.0016406878841141441
0.0014140705537607251
0.0013120545961363343
0.0011574290141216621
0.0006086550170664721
0.0013854466432997189
0.001423029477392631
0.0014188469252698589
0.0013849353276304877
0.0005517099536496163
0.001471102978803293
0.0013714554714834687
0.0016497672473071588
0.0016478094134908883
0.0015979598195130238
0.0014613218148798418
0.0014070266538817793
0.0015974431150611941
0.001389250298927689
0.0015739789017612648
0.001722104712573421
0.0015809914540549134
0.0015131281685972203
0.0015457041471754658
0.001725160848575549
0.0013205690752575996
0.0014535831805795318
0.0013909131532361411
0.0014848140497434892
0.0015096237326628252
0.0015806625058468965
0.0015076976038833957
0.0017417470828712694
0.0016952608271938868
0.0015691840597257757
0.0013650036521301824
0.0013196111696683942
0.001312246551354647
0.0012858705771328107
0.0014397093992544001
0.0014166132558862032
0.0015650123955117245
0.0015599968813168824
0.001572166670402448
0.0018046379158390444
0.0016732650386128845
0.0015827964917852785
0.0016002892749497092
0.0016443243085423641
0.0015391012104020384
0.0013261247680954988
0.0013410520038143374
0.0012960427246395088
0.0014728429867348887
0.0013293096695392592
0.001542339946132963
0.0013880325392847414
0.0015436896215284782
0.0015315721755530453
0.0014702863320063667
0.0017547451908831834
0.0018353974902009273
0.0013765196286332903
0.001199605947639688
0.001412665040087467
0.0014308059127148137
0.0014157307367349903
0.001640212532211346
0.001405808585969672
0.0012051678854716472
0.0014855464544733035
0.0012257480623129443
0.0015056109132721403
0.0015139160561936213
0.001511030814791919
0.0015479869400512264
0.001182851773444529
0.0013116197836765557
0.0013643831279918075
0.0013134767768695679
0.0014381181136007832
0.0005645904408402649
0.0013768519541113066
0.0016680191975391467
0.0015314741798539814
0.0017248704362192147
0.00143118689556436
0.0005907131993138853
0.001227619684855507
0.0014641777048448824
0.0017076910845239374
0.0014924134003044202
0.0015690060038972278
0.0014778719707731283
0.0016579081112187918
0.001246280949339827
0.0012415124049276005
0.0016415693919129425
0.0015982558705014143
0.0014413957808176623
0.0014573465690968241
0.0015331099005934986
0.001631562663355471
0.0013990659892687443
0.0016946276831521904
0.0005908644841207749
0.001383586350426965
0.001401228035796128
0.0014015643616050028
0.0011695279569474664
0.0013335613611702953
0.0017607989259401616
0.0013557369491101236
0.0016407077442225735
0.0016657923476620653
0.0014563158198996533
0.0014236124580773357
0.001351097588061748
0.0013638672079457014
0.001381137548290918
0.0016731960951884134
0.0012831823833847008
0.0013143848704947057
0.0017908528903679073
0.0014957264235879412
0.0013043978490200935
0.0015588644318064696
0.0015613767882536617
0.0017221407617473779
0.0015087087856352178
0.0012265404038079722
0.001392550337642043
0.0016514310822022392
0.001530710526449887
0.000545420341608916
0.0016172287511883462
0.0016594930001266152
0.0015604201285165902
0.0014794911492034715
0.0013408205878462252
0.0013620457024952
0.001562079655286961
0.0017020243732544947
0.0013236874341701337
0.0014653056103449407
0.0005058530768011443
0.0013969755447274341
0.0015572016608793402
0.0015416784459498633
0.0014294539141310792
0.001517392690387408
0.0014958003323710556
0.0016300419409588092
0.0015151908235269441
0.0016031605372265625
0.0015929940882972449
0.001936629474589803
0.0014370377753458066
0.0014663767175036359
0.0015565319780729326
0.001730749689623326
0.001616204167308564
0.0012751257926589294
0.0013896077411620223
0.0015024986919726685
0.0015868485129282035
0.0012961552872290476
0.0012082883540832847
0.0014968728737254332
0.0015723492767880775
0.0015169965759951345
0.0016187294486680792
0.0013526261443863774
0.001272184311816809
0.0014512084985375921
0.0017900780478000045
0.0014029075992233004
0.0019265576336289897
0.0018386252533765326
0.001201889806641546
0.0016656120738493868
0.0014970812895584152
0.0013188921681924818
0.0016564002056931287
0.0012774136558753658
0.0014477252878141392
0.0014219936560195298
0.0015028444364878816
0.0013070035028931934
0.0017697998496658326
0.0015386311728912624
0.0005290803182672453
0.001419148982865065
0.0014416127221472193
0.0015627455439426033
0.0013457357713204058
0.0014372249522507218
0.0014555892492235586
0.0015933369020911755
0.0015751355354785691
0.0013345704055909636
0.0016255605183514731
0.001605023403268984
0.001498502268397893
0.0014133201147384106
0.0013138099696788593
0.0017950048348559682
0.000551441379873824
0.0015489172027483649
0.0010694997481988616
0.00164957295805766
0.0014313578619884976
0.0014184525644154408
0.001550894027466523
0.0012681232766193662
0.0017654711555523874
0.0013328823467708517
0.0015569589947666755
0.0018684682325146244
0.0014476847815916409
0.0014635997760890508
0.0014194966859443308
0.0013640933868317789
0.0012990593658042482
0.0013936161400214008
0.0013393551836482626
0.001784961756887732
0.0005450697482799887
0.0011870836821092857
0.0015892633057962267
0.00151045832688861
0.000557305480630618
0.0015148199025895091
0.00131137143101465
0.0015508784383168064
0.0016228925926760932
0.0013276338305580435
0.0014327871258235148
0.0014387956500230114
0.0014584120586850604
0.0014355685649030299
0.0014807907101313685
0.0012992998971547317
0.00144588820316886
0.0018028569730941725
0.0013442542408559734
0.001572627280731275
0.0017970404520677526
0.0013200531693888407
0.001277568821023371
0.001527875008748207
0.0015284221128624208
0.0014693288185537597
0.001339395575051559
0.0014134959330137985
0.001483121520306025
0.0012768396751322913
0.0015791794414813363
0.0013140916610704348
0.0005066771959093421
0.0014731506543744948
0.0014044708906641528
0.0014875388030022166
0.0011033554347316143
0.0016002687169160766
0.001538919651474431
0.001564215352862493
0.0010818643564488412
0.0015596085033318147
0.0017159173986248408
0.0011601853789834178
0.0013571424866691576
0.0016797699630852066
0.0017908263911735774
0.0005379738160073154
0.0013998322639511781
0.00132677440854066
0.0012748295175808843
0.0011866993952921309
0.0014837448308402592
0.0015962151483173788
0.0014820946583299836
0.0013475385579771067
0.0013007007527766124
0.0011903265976336732
0.0014007675402562562
0.0013661856773185032
0.0018252394718967274
0.0013962386646057148
0.0017985795412712544
0.0015147458574440555
0.001618569416653065
0.0012030192523127864
0.0014210403985322228
0.0005358521828695281
0.001739469434599852
0.0014026264889918985
0.0013021718067905263
0.0017521306350892637
0.0013126459488150353
0.0014277964070919147
0.0016666687645936094
0.0015337359714869948
0.0014254840965415684
0.0014964035020733498
0.0013595885246652547
0.0014623654329916306
0.001468123252283484
0.0013690036979512755
0.0011317995459307615
0.001551582087084452
0.0015011135947852426
0.0015439455064504665
0.0015388772353242973
0.0013987822684625782
0.0004890063457691373
0.0014832007631497802
0.0011973336430924643
0.0013204073309058739
0.0015382872873080137
0.0014401384527153354
0.0012131762486069732
0.0012439433229214875
0.0017215555366835616
0.0015895571996666956
0.001429702669908948
0.0013789513260075094
0.0016350343071590643
0.0014915955213959805
0.0013951378825617239
0.0013521203268401394
0.001412776173154467
0.0014333540391272366
0.001451681895582279
0.0013637480139424873
0.0015168889172088
0.0015676580222977808
0.0005962169764179138
0.0015669551815088076
0.0016183922590804866
0.0014551223100235501
0.001389887895945848
0.0014873918740201748
0.0014389429799836323
0.001498651322963952
0.001612583127327213
0.0015879972408152764
0.0014132212458382086
0.0014784796228620933
0.0016699053842362758
0.001707364607563283
0.0013669969648930729
0.0013489643538977796
0.0017199265042367473
0.001369699613257597
0.0014662386464945048
0.0013823088384158871
0.0015040725234229495
0.0012326948615808745
0.0018564602059633793
0.0012529918476322838
0.0016437417277301311
0.0012924622301976843
0.001415012847323199
0.001577384102881998
0.0013783419047470322
0.0013989789076117346
0.0009568841957049749
0.0013463090864917636
0.0016569280310928156
0.00119700425095376
0.0015838167361755954
0.0011627969447659237
0.001186182321689394
0.001592550665772497
0.0015601668750062766
0.000550830070247411
0.0005599059009431662
0.0013339787123324166
0.0012602121252760449
0.0015266066608980748
0.0014823812197071603
0.00140227457984128
0.0014805679276178936
0.001590482205092525
0.0013964442775981775
0.0015264421559558184
0.0014512493939947445
0.0016155684987083823
0.0006653186932299496
0.0014106925636266805
0.0014348645697034436
0.0018145124299132668
0.0012500769844369529
0.0013259016777104748
0.0015151210814142876
0.00149320223251723
0.0016415998152052489
0.001423615849384686
0.0013510822290798755
0.001452158451913025
0.0014127785321866977
0.0013287724523452366
0.0013217654929414382
0.0014080101195326849
0.0013139426281598293
0.0014177100062051928
0.0013901950649325614
0.001389166693259231
0.001584087399602035
0.0014412008928630002
0.001419174087171481
0.0011433606838837371
0.0012396993215805384
0.0015508711467628088
0.0006547731517500394
0.0016326301431360158
0.0014809013018680693
0.0012221674653236157
0.001361450591580601
0.0013476805952127014
0.0015988628590794594
0.0016222045413424493
0.00131514426086297
0.0014017839571004562
0.0013515987910324625
0.001574057198918812
0.0011834306317903825
0.0015141076600383655
0.0015346857577244332
0.0015956256336592588
0.001332349611487267
0.001468021889365696
0.0013940173214045447
0.0013766961217671534
0.0015208932283017002
0.0016742876158177026
0.0014756012785231332
0.001494814504093336
0.0015217368876922792
0.0015352494511536553
0.0011003509828087677
0.0016797755066707211
0.0014509664054261164
0.0013510912592468677
0.001452353300547349
0.0016322621076020208
0.0016464897903021153
0.0016856105012209696
0.0015311101648162353
0.001525295975036557
0.0016875283872323826
0.0013215019295941153
0.0015636029412691022
0.0012909680968040235
0.001515268062324435
0.0015313590190384752
0.001377454194848043
0.0013179214695127797
0.0014116380086356657
0.0013670689327061531
0.0014885749503889066
0.0015128681914829208
0.001327730270419163
0.0017695154519442827
0.0014169125692439668
0.0015380496159289575
0.001655235610716706
0.0013670459023782365
0.0013852485958828068
0.0015462573810138595
0.001617905246989185
0.0014244622407267812
0.0015979799888896553
0.0015282102863460293
0.0015429909926667786
0.0013579083309263754
0.0014079129593080801
0.0014295625386784618
0.0013255572834061822
0.0012296465649771853
0.0014822706931558636
0.001327220806844651
0.0016147674622780815
0.0015124223215147285
0.001523349048796897
0.0013560160382482809
0.0012591704901131274
0.0013742015869517375
0.0013890400026609238
0.0013501945349999771
0.0011712167375132663
0.0015844726854467176
0.0016430723366647108
0.0011908815693656186
0.0015957758735315468
0.0012533972850027116
0.0011235323091466172
0.0016971650564393645
0.0017642804149598987
0.0014476384007686592
0.0014271776723369625
0.0014462112937936083
0.0014835322491712905
0.0016219576843587362
0.0005225269589763904
0.001320892393421055
0.0012617717596941744
0.0015297602528139497
0.001386864171750684
0.001438343165091997
0.0013983871389302144
0.0015992976044515777
0.0015955416303335274
0.0015250627932999461
0.0017456763408463054
0.0014997105898965537
0.0015539432039454674
0.0015415697511517274
0.0014483175206982714
0.0013264501723180284
0.0015870601749274915
0.0011594736438247885
0.0012248665192853123
0.0014197670026011389
0.0015073212017815314
0.0014564841893223539
0.00163919482183153
0.0005441628756053853
0.0016093572225939414
0.0012615797699624242
0.0014196352923053792
0.0013580676135412023
0.0011439178177054014
0.0013320258033885245
0.0005484287045657981
0.0015976056224191947
0.0014606651865017694
0.0018398825592507557
0.0014389479785774323
0.001230833976586137
0.0013861348764831743
0.0013859182125660582
0.0013540350166089336
0.001573816845280966
0.0016276698244801879
0.0013029387974616842
0.001300455506624251
0.0015076296078436993
0.0015984189632633576
0.0016097854691731349
0.0016324708210727992
0.0015783577291653731
0.0016562581060189415
0.00135129729011881
0.0012174681011354106
0.0012418690088623133
0.001206475350586512
0.0010925014319323654
0.0012396437398248881
0.0017507955233552496
0.001678461087417686
0.0016629807032650507
0.0012937516213426161
0.0015719746574170358
0.0014929309720299177
0.0012860404434397012
0.0014569850034933348
0.0015838016393552217
0.001410933469257179
0.0013027089943028803
0.001577641490744132
0.0014210024662580526
0.0014035724096097303
0.0014258235213077102
0.0013903075566368177
0.0013036721393239674
0.0014797102855834655
0.001377163388816442
0.0014086756107492236
0.0016261586886871977
0.001526336076351592
0.0005636450280918862
0.0014851391647641723
0.0015915058971346571
0.0014376265737321447
0.001454035530945018
0.0014363388483007958
0.0015483768829606809
0.0010943934800765863
0.0014416090236871078
0.0017449716039708981
0.0018883565635821966
0.0013905896133667253
0.0014910435404144832
0.001509210788032351
0.0016282943525868512
0.0013465526678351728
0.0013964033510459057
0.001538552485171882
0.001410591474495884
0.0014295233539776706
0.0005550703069800237
0.0015818705470906427
0.0017236681808513123
0.0014412734668145244
0.0012126276996571558
0.0005555454575637684
0.0016778822295394449
0.0014310041517562094
0.0015857989507623972
0.0013506760564870215
0.0016939254843428514
0.0015351239532956557
0.0016607402383233747
0.001589623505007123
0.001663765927693504
0.0015509343568068448
0.0016220001380889955
0.0014648538362546123
0.001422493575570136
0.001223908896054688
0.0005576764710537637
0.001249476445994269
0.0014590152248377642
0.0016089439106029286
0.0019956580774999942
0.001505031136079311
0.0016522080974513181
0.001464175374847524
0.0016181361731400453
0.001399228346960754
0.0015119839777083637
0.001420544603180346
0.0016995985323112453
0.001429418208409034
0.001621929290413475
0.0015305645955671014
0.0017913390911996725
0.0016189773380296856
0.0014610259814644216
0.001581816330131671
0.0013695859404482132
0.0014408548838000656
0.001687325383949758
0.0005116987570731113
0.0014799803713716263
0.000547022188419542
0.0013253113282476853
0.0013063586697413723
0.0012654136355648691
0.0013402359819480402
0.0015181598848653063
0.0013660385867648231
0.001492171667387207
0.0013253435118182149
0.0012795636437388062
0.0016218646029809876
0.001385487036279212
0.0014182616161638303
0.0012875798322274587
0.0015150915709914998
0.0005180470249908037
0.0012248441093203422
0.0012618366401858428
0.0013236784047484331
0.0015281483915548673
0.0015314884810788665
0.0014909051009840608
0.0013464708218247185
0.0013369211528963052
0.0014068790213712973
0.0016861888602738176
0.0014510798395231698
0.0016605147321015292
0.0012275823338238532
0.0005331561548317719
0.0014125990822947095
0.001298909893254424
0.0014794606795640681
0.0014496585432290051
0.001682047806504814
0.001723615136717327
0.001661030167834819
0.0012402082932964642
0.001321912351423574
0.001292964129158238
0.0014469926996945083
0.00118919408842503
0.0014862082465263644
0.001461288152653211
0.0013301356912028843
0.0014245689740002027
0.0014828310117401705
0.0014900416291438485
0.0016248763650666205
0.001560039918226912
0.001377676167217501
0.0005267733904356158
0.001368565369881594
0.0014154626192565058
0.001579581668764791
0.0015289588898257107
0.0016511287598510664
0.0015234370099853763
0.0017249665873007934
0.001457762464644149
0.0018378689474645277
0.0015009887636908315
0.0015967035436031958
0.001365021573862931
0.0013029186418235881
0.001736778602945963
0.0013658964820457674
0.0013592592507772866
0.001419444323269932
0.0014684642235063788
0.001334575546410078
0.001288083394691669
0.0016178721474766305
0.0013550644221828083
0.0013583327076747082
0.0015315042164860471
0.0013346107991970553
0.0014169553796436684
0.0015936127698720412
0.0013457557708541263
0.00123155274590988
0.001374702007867997
0.0016417782583729276
0.001746894314542579
0.001283402549067478
0.001331471463643857
0.0011821781535942687
0.0013009497988396952
0.0014847483909200868
0.0015548619593216293
0.0015645296601166133
0.0021280712695491612
0.001547163088130039
0.0014741358435547002
0.0011620969573776319
0.0016225325346222916
0.0014559972090835633
0.0012288996169289525
0.0016465610270335602
0.0016556357031225198
0.0012857556360969316
0.0018226940631269365
0.0014974313623139948
0.0012386132618200801
0.0012411907327860515
0.0015478597012120328
0.0013090383015622
0.0012634536790157465
0.0014060528794193005
0.0014853121877229877
0.0015217743846532741
0.001311229802847164
0.0015518128381187936
0.0012672069376119086
0.0015712019333164705
0.0016538763518550072
0.0014426251508173132
0.00161530608226836
0.0014000501142589527
0.0011491903210978003
0.0016552809586573723
0.0015914866232526117
0.0015226921743104968
0.0013766342350769716
0.000553300588982507
0.001480299452410813
0.0016986939433011436
0.00139717523081842
0.001430097552140827
0.0014404971640805126
0.0017767604833164878
0.0013001458710691326
0.001364505309583799
0.001472720100291784
0.0015793119718009521
0.0015436343751955856
0.0013567710102271337
0.0015129570789412915
0.0015759085265777332
0.0014498261506000196
0.001236011789829035
0.0016179491342618213
0.001440370690355192
0.0013457121160386084
0.001290432401029787
0.0005793059629170882
0.0014786980011930325
0.0014633481889794002
0.0012763075137895417
0.0017741180758794528
0.0005844907330620066
0.0013351985320561195
