0.0015867426586975181
0.0014931801591326682
0.0016294691441713124
0.0005516843578316665
0.001774211376811153
0.0015619783393904412
0.0016275575633887633
0.001769457301882455
0.001480052586644011
0.001522988071984492
0.0014555039631862399
0.0014321554444928389
0.0015660159112945474
0.0013957875328064772
0.0013779051395765227
0.001465223304266878
0.0015532216294965669
0.0014835900983312968
0.0013028332913013645
0.0016541940856819608
0.0017061177206648323
0.0016038291332843592
0.0007935670798798738
0.0014068166286904291
0.001397853363725203
0.0018496281673564322
0.0014934210454167949
0.0014267004613234208
0.0015043784912351097
0.0005897996391263878
0.0013198766665061968
0.0013151720858068725
0.0013168050271026924
0.0014297025545882104
0.0014663328594870734
0.0012892841005006587
0.0016607164005382296
0.0014337575310717143
0.0013320175649538086
0.001178569729069791
0.0006289327041550246
0.0014051480642678761
0.001443399123903809
0.0014377288912746583
0.0014063394358016762
0.0005714791489640499
0.001492097824909295
0.0013906156158585241
0.0016717654250005354
0.001667312229587671
0.001616707909952547
0.0014814479809680456
0.0014265563509100088
0.0016167226907710273
0.0014073365785716692
0.001594567480442728
0.0017405100482300343
0.001599466045378417
0.0015328914176879777
0.0015624297228260676
0.0017443261296969357
0.0013409316096888659
0.001475823966735815
0.0014125257562757295
0.0015031563450372243
0.0015281864465850061
0.0015985958148297225
0.0015290621308859545
0.0017599997643227233
0.0017156138237436262
0.0015868676759104193
0.0013837081480244755
0.0013389259496562526
0.0013306927335523242
0.0013056161550376818
0.0014612111869990987
0.001435772110517198
0.0015860441349683473
0.0015802272173114948
0.001588762425749764
0.0018247793402203414
0.001692511652094757
0.001602743854869265
0.0016189113991404898
0.0016651083550606827
0.0015595146685226354
0.0013446846224761996
0.0013607985410875236
0.00131664339819517
0.001491848731144424
0.0013479924636736254
0.0015615347000138588
0.0014067723015521378
0.001563194679681781
0.0015510268194238788
0.0014898322805148264
0.0017755825715548212
0.001855154452692556
0.001395531781901142
0.0012191234153019895
0.0014316047254598683
0.0014489846712196996
0.0014362071525038135
0.0016586317584861322
0.0014257628163192408
0.0012237748162355932
0.0015064416593058932
0.00124687329559567
0.001526169156083337
0.0015325104002345078
0.001530764767510039
0.0015686498382626655
0.0012028166480407931
0.0013328130737045615
0.001384382945434124
0.0013332921902418527
0.0014581034467756895
0.0005840424242426937
0.0013957190849237526
0.00168652294069893
0.0015505330142984966
0.0017437531654852663
0.0014510657724425263
0.0006112141166843604
0.0012462155557280824
0.0014843803396626112
0.0017285764398784753
0.0015128985390076065
0.001590808556116148
0.0014972140179690325
0.0016757381244547147
0.0012660787135058526
0.0012607120268018617
0.0016608817070685356
0.001616171588964032
0.001459906526527155
0.0014764818426857864
0.0015509569336555826
0.001651376249957902
0.0014184332002890358
0.0017134627810133623
0.0006098892330099834
0.001402012698019348
0.001419847937297465
0.0014192935323469212
0.0011895593047731115
0.0013527146438666645
0.0017803785773420546
0.0013764549536678748
0.0016600922863487092
0.001686343196723902
0.0014744877918214314
0.0014434442082819083
0.0013702890453559829
0.0013833320308875735
0.0014000145151281942
0.0016930307375805458
0.0013028963043922833
0.0013372664534154358
0.0018087031143619618
0.0015140040489471744
0.0013244490055351592
0.001578105302866839
0.0015816106255781316
0.0017421058731694821
0.0015271534233703733
0.0012466205761980198
0.0014108246296116373
0.0016715758828388253
0.00154844703062451
0.0005674796663305803
0.001637055373061644
0.0016802400068197116
0.001579772557278199
0.0014988345321669619
0.0013610774460564893
0.0013832622901215061
0.0015832528918068608
0.0017212111344660443
0.0013434885038489202
0.0014852691903317317
0.0005263761235669386
0.0014166768756565128
0.0015774559739005407
0.00155959736712644
0.0014483029333962137
0.001537983799289973
0.0015184578717343067
0.001650915023413227
0.001535050730530215
0.001619830344242256
0.0016133816320280693
0.001954851097012427
0.0014602640270007777
0.0014862817621522492
0.001576446465006792
0.0017496769970114197
0.0016366966675878248
0.0012959481642973937
0.001409638329450153
0.0015214841188150585
0.0016050457040128344
0.0013152771370899198
0.0012273285915260213
0.0015157621796468657
0.0015922182216674275
0.0015367028670877478
0.0016375112557044083
0.0013716786805953022
0.0012919690799394648
0.0014704867635713253
0.0018096240909429532
0.0014230490382821385
0.0019433680536967088
0.0018568389910186603
0.001221836159209209
0.0016847737253786633
0.0015141326715223365
0.0013381902231160453
0.0016756496007277039
0.0012986435462919094
0.0014673656912580929
0.00144298578185279
0.0015218687945679913
0.0013271369954867634
0.0017883197461265063
0.001557746170715165
0.0005499883863264738
0.0014389545358272663
0.0014619294333718979
0.0015826992035678834
0.0013638262209179882
0.0014566885870893455
0.001474628814895737
0.0016134835472724762
0.0015953870815692372
0.0013552507232035688
0.0016435472598651058
0.0016240929204896133
0.0015159566171966017
0.0014342493734913993
0.0013324462885671746
0.0018160639771795817
0.0005716319923418816
0.0015684590515912529
0.0010896350331355805
0.0016696961052188868
0.0014514999438450663
0.0014382586469271071
0.0015714643576230643
0.0012886562311457777
0.0017847937544867173
0.001353373754608646
0.0015773250633230223
0.0018888363988534564
0.0014678929678025089
0.0014820065200938444
0.001437716226373754
0.0013829850831865436
0.0013185184496292096
0.0014117964815448505
0.0013588620532405127
0.0018031055755301836
0.0005640180609059586
0.0012069643542577072
0.001607966663525618
0.001530667491916303
0.0005748060760591474
0.0015359518248848215
0.0013300130461741438
0.0015692333440856748
0.0016418622110981192
0.0013456080799738189
0.0014511488477149833
0.0014569007059040675
0.001478471074047032
0.001454708148153282
0.001498398111200467
0.0013189706817228483
0.0014650832006857057
0.0018244470913407263
0.0013641733378272395
0.0015933614071481268
0.0018149567344888887
0.0013390290280510732
0.001297291317812698
0.0015488114726656633
0.0015484632038466918
0.001489056342544537
0.0013580739361671
0.0014321410793208121
0.0015030012741513786
0.0012970984543259913
0.0015994361465736734
0.001333023194959131
0.0005249120110041539
0.0014923393288476727
0.0014218544217676047
0.0015055000588299133
0.0011228468088681292
0.001617033713428662
0.0015584624136304463
0.0015811820773169662
0.0011025244836071345
0.0015787351792483926
0.0017334041399839869
0.0011796498495060242
0.0013763275542078809
0.0016983180261382002
0.0018141106804283964
0.0005581669948205926
0.0014207290838504144
0.0013472170164492664
0.0012948233187700356
0.0012066358953840184
0.0015057338780938576
0.0016154535893234986
0.0014998514465041559
0.001367795729482219
0.0013211827170440404
0.001208313132823903
0.0014186926022465593
0.00138402632770187
0.0018454938721872694
0.0014157633136843931
0.0018177158876294239
0.0015340758309018764
0.0016381699924647264
0.0012217560473078354
0.0014404786331932242
0.0005570415015856831
0.0017603700091773653
0.0014214803220803788
0.0013212614280428336
0.0017712705078752784
0.0013329521050244233
0.001447488855656185
0.0016866662302929484
0.0015521554238003084
0.0014451988495418372
0.0015178997942071751
0.0013792050837736483
0.0014819752076720857
0.001488404617927773
0.0013888818928246224
0.0011508799734184245
0.001569397543655041
0.0015219299049101301
0.0015629651317094282
0.0015583413112668385
0.0014187395875471494
0.0005095896132504041
0.0015022035831715969
0.0012164882533799212
0.0013383851297395764
0.0015579054781179338
0.0014600113202648025
0.0012347797544887277
0.0012614179263101253
0.001741931162387921
0.001606189094747726
0.0014483142472531125
0.0013969428958389006
0.001652825522076148
0.0015110257955420028
0.001412490346857545
0.001372487630670155
0.0014303792100740494
0.0014536777996778565
0.0014703592377993558
0.00138322830483592
0.0015366535027773625
0.0015855776058937845
0.0006138035630721765
0.001585026696712991
0.0016372030992478329
0.001472136334731008
0.0014094244043471081
0.0015066167085406707
0.0014598633209484582
0.001517552452527681
0.0016328616214827463
0.0016084543792961085
0.0014318185475514582
0.0014988483273929902
0.00169003439644509
0.0017252579816033691
0.0013877103404899196
0.0013679359527752997
0.001737899535558377
0.0013900212591808707
0.0014872179299624652
0.0014024299425450435
0.0015225726242937877
0.001250272086358282
0.0018751099863329006
0.0012720145883893083
0.0016625032342720758
0.0013114307761500083
0.0014365287221345788
0.0015988473730463933
0.0013965447924436723
0.0014190936070789717
0.0009759230515350331
0.0013647965392812652
0.0016755257677883197
0.001218515586166774
0.001602813440315018
0.00118258073096539
0.0012066680484451935
0.0016102729704043667
0.0015811078844371533
0.0005687496552535513
0.0005788421976474756
0.0013540524649512256
0.001282593656619905
0.0015472154834137357
0.0015023510288047891
0.0014235468342877623
0.0014993340998998472
0.001612810388557829
0.0014156475886744659
0.0015457189851151353
0.0014713515444834534
0.0016346572533110578
0.0006843659755760552
0.0014310417123422944
0.0014561137470112413
0.0018318605440190495
0.0012704516114452648
0.001344891520621426
0.0015333068613918384
0.0015125345603989736
0.0016607094109940992
0.0014431738795159998
0.001371853955431863
0.0014707757619320647
0.001433006123008822
0.0013496941081952113
0.0013401777646009465
0.001426188457079413
0.001334226441608073
0.001438160450984017
0.0014101827186440655
0.0014067260041500445
0.0016029900626721193
0.0014618093402654214
0.0014421895722966347
0.001162904678145101
0.0012605433770844308
0.0015703182666541881
0.0006765134755534185
0.001652177516428673
0.001501475558839887
0.0012433613458196417
0.0013808958048796742
0.0013665389643550587
0.001617074243973666
0.0016434095435350962
0.0013335402480291083
0.0014208496435296734
0.0013738284658197496
0.0015934970034471568
0.0012024456854678013
0.001533716106536323
0.0015516491385807038
0.0016150748866017267
0.0013530403355910675
0.0014857670375246865
0.001413667747190957
0.0013967448877804966
0.0015375586104313349
0.0016937190352954332
0.0014960084686020116
0.0015151555869360373
0.0015435102096900614
0.0015562279154842282
0.0011189547461992785
0.0016999688976546445
0.0014701894376105684
0.0013702581119490835
0.0014712225077634525
0.0016513647592516132
0.0016644151257701378
0.0017050254374600734
0.0015522454827138893
0.0015468267349766315
0.0017079397912466022
0.0013418320638005539
0.001580240184739182
0.0013107306405674521
0.0015344463110100847
0.0015500963141407346
0.0013951918419072317
0.00133873835856416
0.001431239581082825
0.0013856221577453532
0.0015069175586864421
0.001532828222438724
0.0013488676833289218
0.0017867555932491676
0.001435489225314576
0.0015560552261615556
0.0016740307490464496
0.0013879433785506435
0.0014032754987295451
0.0015680555222160571
0.001637500605844048
0.0014405945031422255
0.0016178311998866185
0.001547669785375869
0.0015640828935571916
0.0013776838433956335
0.0014275811384011142
0.0014482261015845484
0.001344034181261119
0.0012487005122297067
0.001500826695259121
0.0013484418202606605
0.0016341549310553106
0.0015320392131049204
0.0015443606137604874
0.0013760589239901711
0.0012776955458699997
0.0013928900404894114
0.001407214448950915
0.0013695502089852965
0.00119118042288686
0.001603601338882914
0.0016617389485192226
0.0012102552888023275
0.001614762625379829
0.0012732788906926896
0.0011435370829666646
0.0017132311026323852
0.001781833370105437
0.0014693467340820146
0.0014455093459941498
0.0014662054739298558
0.0015022360036381962
0.0016404473881662476
0.0005411000449554333
0.0013387746104957599
0.0012819210071750191
0.0015496294567007747
0.0014068562438933156
0.0014564777498763536
0.001420088876538248
0.001620762272716845
0.0016155347382820458
0.001544662751300366
0.0017656405228027683
0.0015181989306335035
0.001571535389828627
0.0015609912812383077
0.0014679650015107803
0.0013440851861313257
0.001606070521239929
0.0011789366368814334
0.001245772577736344
0.0014396647915473698
0.0015240575516907928
0.0014736609638683422
0.0016586970836812824
0.0005623245991344728
0.0016288555715194462
0.0012792674807835039
0.0014402034838571036
0.0013775708662533794
0.0011628807050999153
0.0013509194063591756
0.0005697037604501409
0.0016174766012933609
0.0014806044871903219
0.001858262407692653
0.0014582521952920182
0.0012535609404279756
0.0014095839180622684
0.001405707695021248
0.0013750661836342119
0.0015911375997909882
0.0016483654765198346
0.0013225094508546324
0.0013187830094887668
0.0015258700785560225
0.0016169762273578038
0.0016295254082420473
0.0016519198576220254
0.0015967127125007827
0.0016755744675276813
0.0013704917025998335
0.0012374662957619087
0.001263217041187584
0.001226823960609153
0.001111787191210307
0.0012594036904295602
0.0017705441560418621
0.0016982902514473548
0.0016821082196828382
0.00131592342911283
0.001594151703580695
0.0015110081538724377
0.0013043599548072477
0.0014760573631747323
0.0016029877668327216
0.0014294692353885423
0.0013246515930738696
0.0015981015572121744
0.001441303475055822
0.0014210423058015384
0.0014457028961658025
0.001410588209674022
0.0013233403806981196
0.0014998432277881122
0.0013968297575750143
0.0014292177913929323
0.0016458867998671149
0.0015441397474686798
0.0005837630195512568
0.0015047216216671484
0.0016106070792408157
0.0014556404155982934
0.0014719077541326727
0.0014550223235453772
0.00156633735374488
0.0011128893812399415
0.0014612543864676577
0.0017641287657666862
0.0019078971113760765
0.0014106099805928378
0.001509110152025875
0.0015289647013675728
0.00164530940466219
0.0013652315684651733
0.0014141731202958285
0.0015559137234598442
0.0014304372530673864
0.0014476629299480818
0.0005753016165420596
0.0016013548787716164
0.0017444432999086325
0.0014603157623543752
0.001234278561694716
0.0005753391198384047
0.0016978732614929932
0.0014506720970710418
0.0016045518579630793
0.001368209995727446
0.001711291278914682
0.0015527271598863993
0.0016799483086344512
0.001609615488776132
0.0016825450284504097
0.0015703994764808442
0.0016398496925961892
0.0014859909481482218
0.0014416701571552714
0.0012416537611885346
0.0005764910323051062
0.0012695605444824017
0.0014773170410326097
0.001631706580344697
0.002014952521271399
0.0015250210830459721
0.0016715873888873659
0.0014823103202983416
0.0016367231672842998
0.0014184679834100353
0.0015311948483777485
0.001441124750825778
0.00171779669561346
0.0014508175591086392
0.0016420352909031614
0.001550509210182916
0.001811756897708333
0.0016413512652346484
0.0014811660120687528
0.0016015482177258128
0.001388427632804993
0.0014607073001024935
0.0017047814075021972
0.0005311880918169812
0.0015009550433321413
0.0005664066386211953
0.0013453377395402128
0.001326861949779099
0.0012836215325474263
0.0013604544628889063
0.0015378021739699905
0.0013859822816911997
0.001511346796487092
0.0013472056203273212
0.0012981329908263114
0.0016412324357894608
0.0014035343344163198
0.0014389143212021772
0.0013084054386339045
0.0015347828682590427
0.0005378981639024409
0.0012443993242317783
0.0012809791152697133
0.0013434480434201862
0.0015495173882470702
0.0015527722182217785
0.0015096584558755592
0.0013671614864463346
0.001357809830954631
0.0014266082575023873
0.0017055645853109819
0.001470291961631893
0.0016801359413318438
0.0012474751145001494
0.0005546194098625122
0.001435174530570413
0.0013187944027052527
0.001498095744206103
0.0014680749241186273
0.0017017682822745967
0.001743735829873456
0.0016811215813163842
0.0012600383387054354
0.001343095736493527
0.0013136175854748756
0.0014656357013271275
0.001210407554397286
0.001505993838972424
0.0014812029846496906
0.0013505863967944068
0.0014449452784728208
0.0015023270587357722
0.00150902303919184
0.0016438805149924622
0.0015793643432596572
0.0013965502036341945
0.0005467307929542599
0.001387369214810948
0.0014349765937388397
0.0015992558315265032
0.0015486496608355506
0.001671406043250962
0.001541033829545767
0.0017434525445936089
0.0014766022947331244
0.0018563805326753554
0.0015202208748434799
0.0016178929103993116
0.0013859502464572359
0.00132292356046387
0.0017560366292071101
0.0013866641910821756
0.0013821500931133605
0.0014405008735420843
0.0014888933427210794
0.0013537582742158424
0.0013095064695894134
0.001638157216388133
0.0013746952505877786
0.001379292890126048
0.0015508625642834768
0.001354627984170199
0.001436588758078578
0.0016115117229297752
0.0013646878123989158
0.001250257470632204
0.0013936052591821818
0.0016619510790314984
0.0017664955917015735
0.0013022474049197584
0.0013508666963181685
0.00120288482913803
0.0013212961120147124
0.0015055978895021657
0.0015755366846626328
0.0015840508554633103
0.0021484830751507503
0.0015662986691950195
0.001496108713439508
0.0011840722715000594
0.0016418270036225471
0.0014747543487382856
0.0012491836340368981
0.0016645417936202455
0.0016724221943746301
0.0013073272460245682
0.001843052920493263
0.001517296386113605
0.0012583488922115183
0.001260711843729507
0.0015672082758637395
0.0013272718673462101
0.0012847292476223994
0.0014271918105745462
0.0015054729433186286
0.0015435436719505695
0.0013300059981900272
0.0015721546259354956
0.0012872810473851413
0.0015931474088825353
0.0016729401295025098
0.00146205616297569
0.0016356088728265185
0.0014195493818593887
0.0011680147047386674
0.0016754364813249844
0.0016120752012895017
0.0015422837174874735
0.0013960464365449005
0.0005733942684775447
0.0015004095238822042
0.0017193649465571262
0.0014172072938619163
0.001449439595035971
0.0014620902468895983
0.0017956502738821062
0.0013201719300765594
0.0013866153881750708
0.0014921311649782126
0.0015995048367335413
0.0015659248428687587
0.0013754670236597543
0.0015324032484321823
0.001596245531813062
0.0014694421078227662
0.0012574217402631577
0.0016367874788207287
0.0014617861131251885
0.0013651301627725118
0.0013084772323669184
0.0006004088944898178
0.0014959206004431784
0.0014821945336789568
0.0012970143062921672
0.0017941659707708536
0.000604462930744824
0.0013548973039720095
0.001452945789762049
0.0014019164474643419
0.00159240575276073
0.001574810862076738
0.001722131448417358
0.001764781842062824
0.0013692318019117747
0.0007049409824697151
0.0013709476606926607
0.0014736887584238189
0.0013922298475002916
0.00156037534867441
0.0016087917516706743
0.000560468428190517
0.0006710711317655284
0.001474988085668273
0.0016359865622496965
0.001652306721325964
0.0013948477845951185
0.0016914895110234074
0.0014778453957348056
0.0012223733435530253
0.00158523833380521
0.0005558965207634152
0.0014121256630143493
0.001522179394330465
0.001409148529125017
0.001666406087977425
0.001974369327663837
0.0014591350397831957
0.0014740171439923638
0.0014802528397505252
0.0013730376015527145
0.0015138353712627977
0.0005464543710804074
0.0015120891242128682
0.0013794058694223774
0.001817510903968892
0.0017018555650728658
0.0015030874997820202
0.0017783168908826429
0.0013031394432090526
0.0015036322739857375
0.001892266539254841
0.0015500081558530634
0.001849163665626827
0.0014291629229791413
0.0015528752648619286
0.0015516365074059238
0.0014512205086077174
0.0013617289884606638
0.0006198832292314869
0.0016831038137153896
0.001460031677311654
0.000593217723935296
0.0015527960629072887
0.001379896113860196
0.0016680501187681586
0.0014969655668749058
0.0016357336913435778
0.0013489129601297644
0.0011506605360400689
0.0018566685655498016
0.0013863948187180896
0.0019455044949703022
0.0016618652138486398
0.0005668057141621366
0.0015923473122399642
0.0019696014162778213
0.001387766419854702
0.0014048424451556572
0.0015063691235084403
0.0016822547834264854
0.001266395441339896
0.001691695358194507
0.0016016167546386829
0.0013592290754643563
0.001723979389788301
0.0016066355524294786
0.00199071033256765
0.0016084342084653278
0.0016796991861356772
0.0016104566005114577
0.001355506157275387
0.001433133796996726
0.0015862153355594778
0.0016692792971673906
0.001463250215073412
0.001985463029175095
0.0016359843974428536
0.0014249728931013184
0.0017191814178806545
0.0015963213401739974
0.0018284070092625835
0.0014127453812827963
0.001565170967109686
0.0015779947649321004
0.0015769607515538893
0.0013743222611871796
0.0019615044113725495
0.0014196818919669039
0.0016902820607447332
0.0014184777407503554
0.0015237758215664728
0.0017693417112662555
0.0018677333054640834
0.001737466143316332
0.0005578878315034949
0.0015985213973349302
0.0016381249844813854
0.0013637417531839906
0.0015838060267843574
0.0013031619466176063
0.0015223414682472417
0.0014793193313280466
0.001441039599922012
0.0013284624338327621
0.0012960514529157534
0.0006890304499791363
0.0014286148198642198
0.001579307443032662
0.001775980277558009
0.0014786444639513768
0.0017661451916662076
0.0014497988442230588
0.001445641511612808
0.0014058330653677657
0.0016908341803602855
0.0015049646585601373
0.0015675633257298206
0.001640908467468968
0.0014884191982036303
0.0016495371786813295
0.0016070631142363911
0.0005804596110429088
0.00184916010391558
0.0016308270065229131
0.0016879215476159825
0.001878686603623931
0.0014766494860923279
0.0013460624425422373
0.001545142969589098
0.001509241873679579
0.00165695518354974
0.0015153717724182751
0.0014585060342475146
0.0014797341000667554
0.0015232648941472817
0.0015546367534834506
0.001571590165500999
0.0006093913475209785
0.0016572300589188104
0.0013049975566742152
0.001638475774158196
0.0015403214443967799
0.0017279371158218616
0.0014221545408122725
0.001780785547085845
0.0016571393597821082
0.0015321481892555124
0.0018758195168308695
0.001413001634306469
0.0015235009200819812
0.0013828680717502884
0.0019052474392268557
0.0018357294507594553
0.0016576260305842115
0.0014219980103374892
0.0018054724056178484
0.0015825083393778672
0.0018078915725973426
0.001520736555481274
0.0016515381840201805
0.0017359767721061748
0.0015485731332537276
0.0013616991691682667
0.0017623196465365936
0.0012876339691920854
0.0015484867864319022
0.0014565064200772575
0.001859700319217596
0.0015390533211064586
0.0013673340099428855
0.0014654815091359329
0.00190725298173084
0.0018296934103560552
0.0014395450223091053
0.0013833859804911464
0.0014076022715292095
0.001675547473492393
0.001347692170189702
0.0014800016961134521
0.0014976220708792496
0.001660897789934214
0.0015666877813112848
0.0014356334312190559
0.0006684234878432408
0.0013885091491155016
0.001662051621144971
0.0015804384191489642
0.0015171275484164224
0.0015788850747344377
0.001614046290450321
0.0016860778653191438
0.0016815573758177439
0.001723065088146189
0.0015421427776132314
0.0019262080965971244
0.0016835960918285355
0.0015688272731376898
0.0016201082716740317
0.001516479496403231
0.001519480799803566
0.0017272954692379165
0.0015316522937661053
0.0016274584630296878
0.0013571520749579868
0.0017418944860138374
0.0016336035842853406
0.0016040138523676039
0.0013761371920494511
0.001753439835518056
0.0012084333373891059
0.0015275216678193836
0.0018701311489439185
0.001386003397273852
0.0018797660766901089
0.0018153905237208812
0.0014245691302371653
0.001474019309547182
0.0014178873165609914
0.0014728374111813841
0.0017871660969279901
0.0013336432827601114
0.0014029608408399198
0.0015484229562842604
0.0018198149416460726
0.0016556701252696665
0.0013180722581865993
0.0015106832715036137
0.001646574043150724
0.0014259836347208406
0.000594383182322482
0.0015743833140177124
0.0016245795700061923
0.0006098920476614496
0.0015792901365658434
0.0013240614684187264
0.0016480039358853233
0.0013120557946037473
0.0014479716200171563
0.001693341451175085
0.0015284454871647816
0.0015935865491330857
0.001823978908474819
0.0015120997956956145
0.001580854726197647
0.001452562365588132
0.0006150288691301543
0.0014867073738418892
0.0019416152431239574
0.0013949758141776744
0.0012756520663341757
0.00173701714872048
0.0010056548573626144
0.0006286231862816736
0.0015725032369745017
0.0012132332147136834
0.0014751366997315183
0.0017396670981442515
0.0016725760570786086
0.0012074670408476688
0.0013378830148277434
0.0015336745698868502
0.0014567172633403722
0.0015394981093970212
0.0005631498944514652
0.001732831414588351
0.001635101601056707
0.001210484140802931
0.0016723695837588867
0.0017877014477014111
0.001721838510356202
0.0015584803280470198
0.0016191058281817355
0.0014592340720587533
0.0016012217944567858
0.0015129189210886839
0.0013767157775781537
0.0018236310328810354
0.0018607010074936311
0.0016056067577364325
0.001714117590827852
0.0013007476567903104
0.0018550734402354692
0.001595251099226995
0.0015769490720708497
0.001334463641920929
0.0015191147936477432
0.0015552529318124276
0.0015666424166698295
0.0005767193946265665
0.0014985269236003546
0.0015055836477331109
0.0014262888867455441
0.0016579562197548028
0.0013019466128079916
0.0016710075729144333
0.0015552501007370604
0.0014961843941830044
0.0005902761068000629
0.001536201931806593
0.0014067507415825393
0.0015694242254512066
0.0012404538606965512
0.0015712404790145752
0.0005746219143389252
0.001606792576557272
0.0015583057599405255
0.0015970150413519295
0.0016606056849612415
0.0015279984023798456
0.001464685434335012
0.0016981899295161796
0.0013663575726235318
0.0015274985095056611
0.0016224530044744096
0.001772842916507704
0.001657697830443492
0.0014315070914767587
0.0015332089608831782
0.0014751570777181734
0.0014856389713682819
0.0017058507713583837
0.0015579513088661372
0.001623327289973556
0.0014620134648817224
0.001538382182469261
0.0012406455436182017
0.0013463913979886342
0.0015352793944871338
0.0013954440837342218
0.001830911763209621
0.0017507782836890641
0.0006669777479716441
0.001246326517320173
0.0016941120930396125
0.0016251962346439488
0.0013719913009619153
0.0016320961600123781
0.0015212027068726933
0.0016528476107028841
0.0015032388525034282
0.0015953165231394836
0.0016597891385070785
0.0014097484744073731
0.0012819033686507473
0.0016015844070054258
0.0015662938022602785
0.001590657880758955
0.00153051160374245
0.0014427013523136264
0.001833228538739992
0.0006043463758927287
0.00135090549219466
0.0015555765340409219
0.0016475419934106029
0.0015868705014064222
0.0015493535102253447
0.0015442379713609482
0.0013711825135057627
0.0016136783078332044
0.0013283492383674676
0.0015292292466007361
0.0014342775045066793
0.0015274530698537682
0.0017410804193791311
0.0015683492443893218
0.001516784683576968
0.001470455676723719
0.0014453392174309488
0.0017726870413059665
0.0018109906551092884
0.0016163729842062474
0.0012713955861415184
0.0015276804690192226
0.001462813760130868
0.0014458788458684615
0.0015935462967503569
0.0014812568510671603
0.001519747220802313
0.0015286874322459909
0.0016577412261272095
0.001608982907960862
0.00203719548594283
0.0013373756769430346
0.0006835974072850577
0.0014288512610421856
0.0014005900561583488
0.0017436841957872247
0.0014268033772765363
0.0014523211344798974
0.0005787176251330676
0.0016666673668365285
0.0017002465222808766
0.00165066909388353
0.0017097673073496334
0.0018375087342884975
0.0017876813774355949
0.0016787924055062199
0.0017502550599150517
0.0013706046728378086
0.0017454446466830908
0.00166868425422096
0.0015118155803982912
0.0015274087098421274
0.0015228889442287074
0.001510964087760087
0.001495039917478388
0.0015485801395996798
0.001649520411668988
0.0016047345475624412
0.0017234924384584352
0.00148050533915311
0.0013489321651109663
0.0017076556801635077
0.0015988394258857732
0.0017563450956871367
0.0013275152830768348
0.001602070708227825
0.0017045929839240052
0.001465810172957084
0.0013676427409324205
0.0019046771790355908
0.001384307244253241
0.0015363719934104163
0.0012125094183111904
0.0016641793622684418
0.0013872507767842585
0.0013261244917486443
0.0013490390480363356
0.001597450711814101
0.0015829515467154576
0.0005849362265669612
0.0017286765119028252
0.0013893047166487846
0.0015966303121103238
0.0015109006063454666
0.0016523632503645657
0.0015387892314066012
0.00174013701014685
0.0013420657693314834
0.0015394804201743046
0.001383981455863157
0.0006204192450062985
0.0016906796841258313
0.0015939987299588608
0.0018997966138351956
0.0014111163860195874
0.0016309776931800017
0.0015358135313148003
0.0013148506336036424
0.0012192410976186966
0.0018112382770965273
0.0014305226282451922
0.0005973955518421713
0.0017809432434925498
0.0014739990282213779
0.0005645577291688781
0.0015470185396880634
0.0016145258538730533
0.0015511136928778842
0.001566376494919788
0.0015478025923863629
0.0015313050969436002
0.0016237521108804867
0.0014431806919448825
0.0015422462782671697
0.0015812738437072581
0.0014747404594164784
0.0016997765333534986
0.0014607105131882712
0.0016553892369611089
0.001573101733006942
0.0016143030615231955
0.0016589771711412354
0.0014199826978749392
0.001538944895221001
0.0014024422342928135
0.001462751865359212
0.001557873495938228
0.0016176622687903354
0.0005932699249051029
0.0016320388121236512
0.0016842398493208406
0.0014473653005672561
0.0014854201274286812
0.0014971778807588085
0.0013036215630563214
0.0005685645152468733
0.001482593641568481
0.0015803420097154134
0.001484292859416001
0.0015524762916374736
0.0014833768811801668
0.0015925077724979226
0.0016628027906452957
0.0013570729408435619
0.0015821467788774747
0.0006006149868684545
0.0016512627653270365
0.0016518934215787105
0.0016612317609988225
0.0015184794436570773
0.0014866019669273066
0.0015123936146488849
0.0017094417543422886
0.0017364724216066278
0.0019051874602375634
0.0015916588017632044
0.0013007197634829074
0.0016262691833810023
0.0018076731384997864
0.0016544094239283008
0.0015052239005168173
0.001613169776346648
0.0017597210691237953
0.0015564802663092152
0.0017008743971577104
0.0015577496833152414
0.0018211304964497433
0.0015781881466475514
0.0018085772072893246
0.0018053455025244297
0.001397710212573134
0.0015639005882351915
0.001644486662673836
0.0015384437100821621
0.001540856288774944
0.0017550488770235336
0.0015634183247559446
0.0018212932659677442
0.0017449818198070368
0.0014826212046162553
0.001572347653493673
0.001341919668478243
0.0016643025380869232
0.0017577156833710216
0.0016995820396214383
0.001379738028421334
0.001579224550739021
0.0014848002591903746
0.0012488904774019915
0.0013916404177968787
0.0016763768679101362
0.001212189830190562
0.0006072662533830932
0.0016022469480941267
0.0014279717960723258
0.001353643527264589
0.0013431553883774948
0.0017443997959539772
0.0015081365764329443
0.0013216356476612012
0.001416221973044262
0.001538131557833941
0.0013449847453699815
0.0017919494681968686
0.0016204948565577571
0.001385534316291394
0.001867011889557915
0.0013583596374807203
0.0018244116959999516
0.001491499510098711
0.001476420683607988
0.0014840362276403853
0.0012799188427650421
0.0015583775511055907
0.001740306647466943
0.0017894222253788286
0.0014300981147975403
0.0016507934032331559
0.0015339631991386922
0.0013136577638586705
0.001403847838824737
0.0014663097315087486
0.0013395425926105867
0.0015530811005502023
0.0018579078890927413
0.0014734357421095805
0.0015715121488155035
0.0015249996379536701
0.0014871221994538829
0.0015675739568912718
0.0014750274653814507
0.0014566433971143014
0.0014979755253998537
0.0015198388318460015
0.0016723917227404704
0.0015589442192183729
0.0015949778627374076
0.0012779041154911787
0.0014140933860415238
0.0016743459691929076
0.0016624775754583673
0.0017709808077987488
0.0015373722742826933
0.0014618390415973694
0.0012388741472797312
0.0013783974606569047
0.0016241141343796874
0.0013981919563174643
0.0020183955782008944
0.0005935843853430713
0.001631388238047731
0.001638276444686267
0.0005922932038413821
0.0015425321502817117
0.0015661828232133824
0.0015629256114752714
0.0007717170671028457
0.001553112849585816
0.0017841346926182758
0.0013328843071442414
0.0016624381407436026
0.001666352928202565
0.001407266436762839
0.0017007937757593731
0.0016291813999576156
0.0013588221645460714
0.0013296367777920037
0.001440966149910113
0.0015181902443207609
0.0014881458563081541
0.0015864034391766704
0.0012741732149544821
0.0014384780659275045
0.0016923705238537843
0.0013018625663450975
0.001651472393063814
0.0012022113601073685
0.001525804991234613
0.0012822065866973738
0.0015439480036364016
0.0015129755111699596
0.00133809332812332
0.0014836746743100042
0.001766479713953164
0.0012563993719211883
0.0012590167937033088
0.0017215107916144262
0.0016047044808602372
0.0016904399968593192
0.0016064528948883368
0.0015505746367500356
0.0015543014448928167
0.0012726805706249926
0.0014416795973792643
0.0013891696335533925
0.0014496538025835992
0.0015970317603813948
0.0016034909372498784
0.0015810133654519656
0.0008337655547145937
0.0013266122435114304
0.001457227602153846
0.0016002927221148028
0.0015930541616579485
0.0015968458700100154
0.0015867407735746923
0.0013782829210412938
0.001609138718774573
0.0014686422169243776
0.0013041053425967843
0.001572317506160018
0.001310071675636387
0.0015663550019432981
0.0014608473977572103
0.001428813626565104
0.0015920422378786177
0.0016095467701829303
0.0016783964914672243
0.0015334867211409487
0.0015383523299210386
0.0017164868155210532
0.0017618986778390358
0.0016822792337758859
0.0016318166766520622
0.0005989259750224469
0.001751520365690409
0.001886655482638729
0.001476294614033989
0.001399804556872479
0.0015343687833460906
0.001614594431232588
0.0018807430166778638
0.0005880579827463853
0.0012514166686275897
0.0014936622632709343
0.0017124789927467476
0.001661862048964317
0.00142090877783872
0.001416183634452403
0.001280432240646006
0.0016146084070784365
0.0013063518075704422
0.0006230082035718459
0.0013636971818544502
0.0016210278645060994
0.001362552824525356
0.001408482277212819
0.0015772386349120564
0.0014822026415201915
0.0006574748999511714
0.0017223518842956163
0.0017156753942464938
0.001262305750682418
0.0012714287827540992
0.0014140382653367656
0.0015599207888852616
0.0012853733650052361
0.0015988843571701833
0.0015352177513140986
0.0017460418459799357
0.0016344188437035882
0.001584784645830674
0.0017462154584917684
0.0012662491839552082
0.0016155925614976892
0.0013602269176509279
0.0018210569910797438
0.0005895378691194133
0.0012885567975059783
0.0014531004806895306
0.0013056151901668287
0.0015139415910599462
0.001358721938712216
0.0016442152859153928
0.0014798614219136204
0.0015874884115382854
0.001465977847885781
0.0016967084310934122
0.0016211875425586992
0.001165525746056427
0.00132789091667191
0.0017441427218825222
0.0018740806627943808
0.0013671015629166863
0.001476277879459605
0.0014208339448787382
0.0016935045704659657
0.0017247380761096873
0.001520428979738038
0.0017219037299318813
0.0015987367632842127
0.0015799954119199875
0.0015223629747325512
0.0013492004423092726
0.001620424678944986
0.001414756929109502
0.0014903857321493883
0.0012736677112697226
0.001797901766066986
0.0012950412713588072
0.0012945999001647299
0.0013891100574475203
0.001544732950813399
0.0018056856612010514
0.001606978880417349
0.0013452112289214348
0.0015797674439067782
0.001476171024407272
0.0013870933922096376
0.0014947183330942765
0.001615135769163916
0.0016721939903892931
0.0015679266659030533
0.0016624906931875189
0.0013990037735793276
0.001535211616411684
0.0018757711889511694
0.0012343752726441312
0.0014998265402582723
0.0017705708882702687
0.001238673084327075
0.0014030846684985991
0.0015828640992968368
0.001814040091959506
0.001453451114195955
0.0016020781430569823
0.0017206623848021266
0.001431274100206393
0.0013968358760158253
0.0014159411391799707
0.0015910214160467849
0.0016323998941019764
0.001572403558968658
0.0013377935143410174
0.0015691848080224998
0.0015412511043157717
0.0013559156232774135
0.0016125341802986342
0.0016636398776633172
0.0013714447606036568
0.001769233529044287
0.0014849907346952663
0.001382210015039752
0.0018098541869951451
0.0017266429580059318
0.0015771281925467011
0.0013618197322396775
0.001471889260117331
0.0013365899540639249
0.001671348224244477
0.0013042731697736074
0.0014493976032125414
0.0016532001323292845
0.0016941475802508962
0.0018395916711529345
0.0014439835138437857
0.001662567639036169
0.0014406300448950363
0.0015407301604274302
0.0016459095261908984
0.001682528279970207
0.001452592811491962
0.001730342256274806
0.0017172550176414488
0.0013513672081212121
0.001415598416571472
0.0013923370024278572
0.0013498463225011484
0.0005860636759836298
0.0016602904789779942
0.0012635355839271491
0.0015731291367310116
0.0018348276954584875
0.002097220343977257
0.0017909871020555022
0.0017157703097570656
0.0015764826286244367
0.0019259119352354431
0.0015638771450090635
0.0017402613742148055
0.0014937435457692378
0.0015897143285566993
0.0005562966266583482
0.0016131699296091256
0.001525772976326397
0.0018178456172790608
0.0014235859855145816
0.001572999871574478
0.0012300281208488255
0.0017074393705723
0.001432281004172151
0.0015040810033194643
0.0013036522765075076
0.0016073123775937315
0.0018092568788952252
0.0015133556010771506
0.0017578934852579497
0.001448768376218905
0.0012739484174534529
0.001503558750156882
0.001343304780107726
0.001773976974663735
0.0018465192778042714
0.0014846311792281895
0.001757583079170416
0.001346232858036612
0.0013956216076878131
0.0014792950384104975
0.001453062524194124
0.001648651316233255
0.0005754317707946142
0.0013644960895188942
0.001621242319868599
0.0015277924379379832
0.001473536409565983
0.0014476589682189693
0.0015411402662289784
0.0005758288637276087
0.0016581928812805693
0.0016370838382699468
0.0015458786807329241
0.0015749130751901495
0.0014337769068357498
0.0017252849760010193
0.0014952191637757236
0.0014875246056458248
0.0017512612552334893
0.001844967186090932
0.001291666055061789
0.0016260232747728502
0.0018331821783749195
0.0013074878562598443
0.0014752753090328664
0.0016258561318896558
0.0014233701522951088
0.0014300924936548939
0.0015390456124000857
0.001776760235668926
0.0013942943225407763
0.0014447556073312932
0.001453010246471652
0.0014771770642945392
0.0017825972538111042
0.001804619472964376
0.0015162385139585685
0.0016442372576708642
0.0014365219182298906
0.0014436730787856923
0.0014519105248675202
0.0016636409655387382
0.0014582973918293028
0.0015810651073726043
0.0014896134893729823
0.001886962117973097
0.0006166859744005125
0.0014422112131291776
0.00138063139005325
0.0014216675363649574
0.0018273672862413346
0.0013990854676151976
0.001424778587255925
0.001533634405248701
0.0014040547888262457
0.0018113017730902478
0.0017160953716805231
0.0014548473768563586
0.0015898075035816754
0.0017312586863614963
0.0012395087324176073
0.0015947497633703885
0.002031947417031295
0.001477365581506748
0.0014601510639275976
0.0014984097965142986
0.0006083460041399357
0.0014554937752868028
0.0013425248636512392
0.0014681770115879255
0.0014821215307195738
0.0017522014189239102
0.0017602124903529188
0.0015250201669975464
0.0012286118979127987
0.0016741919883786816
0.0020492265280878264
0.0015032085237931777
0.0015337002728317486
0.0015581181763365869
0.0013768759496215867
0.001459697760820504
0.002237850903071975
0.0016693287063900642
0.0017521415678390748
0.001467688954223693
0.001619444769281844
0.0014037542882582204
0.0015415848242680817
0.0012745291127418653
0.0016585193148897076
0.0015124389877289417
0.0014944571636422
0.0013789475230277049
0.0016937010895145682
0.0016242773872596078
0.0018710007463457628
0.0014257569073032055
0.0013528478713987233
0.0013915842635100035
0.0016692579096793442
0.001410033316415156
0.0020195887385676043
0.0016288357606732997
0.001587710939218362
0.0017013216093195516
0.00136234743465646
0.0015787653317455358
0.0015080736360455272
0.0014987324319780586
0.0017593691588140465
0.0014800768594433933
0.0014723947132058647
0.0014543985647510194
0.001680023577799615
0.0016027273569635834
0.001769134869495623
0.0016731618757631441
0.001892237730334756
0.0016769996995784331
0.0018017135797131793
0.0014681070524255756
0.0017792467178883052
0.0012802170077733641
0.0018041132315700136
0.0017227213332396698
0.0012960707960767582
0.0014999140890541074
0.0014841491252905652
0.0016576415158669328
0.0017670411784148539
0.0016780714505626043
0.0005510463411784475
0.001484584823192142
0.001745078703724392
0.001956840202788953
0.0013376723785236153
0.0013911962487010634
0.0013980342969229427
0.0013629979208291654
0.0016025802657956844
0.0013805360401400266
0.0016945945993030755
0.0013673119925194299
0.0016226846932563788
0.001754803674565966
0.0015299868951677913
0.0013726039733936073
0.001559895065991923
0.0018134017595686895
0.0016200112319509643
0.0014762453454320705
0.0015331138340192395
0.0016032715807662464
0.0012873038882860797
0.0013033723930485322
0.001498642889682549
0.0014111014452390857
0.0015076046556384839
0.0014715613594912479
0.0017203440536708104
0.0017117536772627325
0.0014317278422299935
0.001874692877194795
0.001322446236803761
0.001723577676143745
0.0018087080636176552
0.0015640727558349512
0.0012972101458775633
0.0014577281560221272
0.0013893279220876659
0.0014597255847288342
0.001413098550454328
0.0015451508862938776
0.0014353038718485152
0.0014994378184781639
0.0013098577974621176
0.002000803603756904
0.0016231985109312014
0.0014297025681466761
0.0020095239456665234
0.0015181277556246162
0.0013996243218978091
0.0018873743798179363
0.0014412340530743774
0.0014700600261550551
0.0015177700550793557
0.0015516309089202167
0.0014486601119768894
0.001165814618174869
0.001563961721988298
0.0016779612657011572
0.0016875413801870436
0.0017726620957488062
0.0016543739982587372
0.0017798507728419076
0.0016120301949054394
0.001405828699016501
0.0014659501319831075
0.001524051859710137
0.0017924685947750955
0.0013514638656880469
0.0015961756135330293
0.0016117495156582795
0.001087734994439273
0.0016771033008257702
0.0015341041391283728
0.0014153305794781135
0.0015556803429887434
0.001430621455336376
0.001500172238701478
0.0014200843460292927
0.0014825746073487322
0.0014101786768370417
0.0014212480842094924
0.0017219964102941849
0.0013517104968561722
0.0019543457576275372
0.0020008095658420088
0.0016564344009622782
0.0015435871084971587
0.0015730394585972568
0.001644006155660724
0.0014998490225571828
0.000532425179514106
0.001604616806088105
0.0016596077004712726
0.001569828903043377
0.0017620461640527922
0.0017400022684193157
0.0015758777363254137
0.0016484873951510138
0.0014569033689438048
0.0014041713721043973
0.0017925085366611185
0.0012785578507711272
0.0013523687407506011
0.0018754426168948498
0.0014443306597378288
0.0019149160041908786
0.0013323439509931357
0.0016449266723185837
0.001473883904742598
0.0016453267688496787
0.0015794216535055413
0.0005926409990787738
0.0016968771075902885
0.0016540468473313496
0.0014753634356192847
0.001509988839764747
0.0014046374902993784
0.0018682794579277207
0.001754206205603223
0.0016094504912463827
0.0014555854679585058
0.001236427613763804
0.0014367993658104216
0.0014813764364407602
0.0014924031720641314
0.001750870085230993
0.0005659464751589777
0.0005567697542758178
0.0017744964388164825
0.0017923601130710929
0.0005431714901917671
0.0015226246272760354
0.0015709372129355148
0.0017894455221715208
0.0012652286495798183
0.001605433800457629
0.0016925390805896665
0.0011932515819872637
0.0017997168086734054
0.0013592191892221731
0.001421341789979271
0.0005832469095142686
0.0018062691846022943
0.0013960872335104534
0.001744904702835527
0.0014449493005511903
0.0013887361424642563
0.0016451720197079183
0.0019490715188277264
0.0013847126805001742
0.0016378288720736804
0.0015290796161692491
0.00162246962916468
0.0015443804984439325
0.0013867968309565501
0.0014930972866724246
0.0015863894678715877
0.0014424046298320797
0.000588095575292208
0.0015474612469390972
0.0016038766438724312
0.0016349225196568866
0.0014089658890962622
0.0013930222021878546
0.0006478229250555057
0.00144175211486653
0.0019232150941320466
0.0013010325043657236
0.0013923557340009519
0.001890247358344828
0.0017789498694527274
0.0015233331535591005
0.0012313520178466315
0.0014431036449129256
0.001969706369886318
0.0019197626193642294
0.0017325679810055298
0.0014353997823846768
0.0014865083198332726
0.0014481659734015488
0.001397373392837766
0.0018410805560153045
0.0018029892597236639
0.0015095477037194583
0.0014435363570901008
0.0015523628262589446
0.0019658791586350225
0.0013744369976240005
0.001410929612991301
0.0016614387553058904
0.0014084954326584055
0.0014828300055356714
0.0005703293269115777
0.00156074155779256
0.0015498239502226162
0.0016193910736450377
0.0017789434332563306
0.0014858571645029676
0.001606515076109891
0.001362253610317254
0.0014863168358545938
0.001532567991624806
0.0015313967683419016
0.0016029750920189662
0.0014692622013094472
0.001564409047503736
0.000578232108454795
0.0012805255641566173
0.0015031679752205139
0.0008821442495181627
0.001452096055666595
0.0014243919506974115
0.0014860871145898934
0.0015497897066875641
0.001630724140699947
0.0016983024448893075
0.0016322305677598358
0.0013437834119246802
0.0019884973351797434
0.001559148189897822
0.001506059833756765
0.0016349142627891773
0.0015858853753851602
0.001505433024454444
0.0012980052086450917
0.0014929686640639116
0.0015208848395584901
0.0013135438643133628
0.001366314048732739
0.0016644326907126865
0.0013075370584855613
0.0018797390548178441
0.0016966737685277812
0.0013765087903489445
0.0016156870625852154
0.0015314278096172527
0.0017264109543130399
0.0017620190572018334
0.0016046401225374722
0.0013695359556845585
0.0018868458320458487
0.0016102412004200606
0.001798370352853831
0.0015179761669868827
0.0017785758015904129
0.0017076825985420346
0.0016680644354813267
0.0019565000938809463
0.0014881879611120085
0.001723845079216187
0.0016646200861184922
0.0013062761991494158
0.001517825658380227
0.0018708016080808164
0.0014468815606428222
0.0015382710291022559
0.0005678319511555896
0.0018045841261017884
0.0018167503209021029
0.0006150801872381333
0.0014975410324713928
0.001822157445796453
0.0017329046530599182
0.0015987519255337528
0.0015529694228900272
0.001467624512793512
0.001500145458188299
0.0014152481179418753
0.001750664170983748
0.0014447121441426808
0.0015290896681785095
0.0014977977168691837
0.001819787340378825
0.001395812805698397
0.001485011423835007
0.001484604265682716
0.0016294212002997653
0.0005666632521083494
0.0014504506938784842
0.0013212413253631456
0.0018400201728417226
0.001455638054938244
0.0014855124166378013
0.001746614499303288
0.00141713846268125
0.0017808024035933037
0.0018436137600959291
0.0016805787989156386
0.0017725396816489095
0.0014918417477480142
0.0015850970704317014
0.0013436748083715362
0.0017487128246374923
0.0015291788441747169
0.0014113719801616188
0.0017036267240576818
0.0014820170122298464
0.0017208656336358296
0.001586005850020765
0.0005259839915130506
0.0018881238558696744
0.0014277061192482436
0.0018661342560191763
0.0016880661208036635
0.0015718229556494474
0.0016396765918740776
0.0013021567935646377
0.0013944639247384404
0.0016386710034999126
0.001409367379737022
0.0015627769826292014
0.0016134479801949361
0.0014364613991207757
0.0015757307956887985
0.0015707393761485709
0.0014858603903617619
0.0016103835294862116
0.0006214617791616781
0.0015822082419756163
0.0013312438855027527
0.0017415737802173215
0.0014075743339558504
0.0018244042050190046
0.0011714872988597004
0.0018780253680049294
0.0016102643267840023
0.001616473270478414
0.0015275719105948976
0.0013693960485429474
0.001462932080722244
0.00147322710071848
0.0015871258061340172
0.0018818292657454177
0.0016435387508673851
0.0016123540635060586
0.001574211525178076
0.0018409449687471788
0.0017539526157599311
0.0015723467498720228
0.0015414015436182814
0.0013998330923732777
0.001655035227308035
0.0016800160187575564
0.0011959292611518097
0.0017314249180209046
0.0016156287802226198
0.0018665958372671798
0.0005499930917712487
0.0008329149871714429
0.0015652302133329255
0.0014982241328998541
0.001480853951058961
0.001575258830496541
0.0006035725442555932
0.001409887652359858
0.0017878310769862636
0.0013312979575154902
0.0015588558525161153
0.0005735658296443629
0.0013123237420345213
0.0012888058284676869
0.0012920827208599828
0.00065110925085228
0.0017384721542636394
0.0017190303980621374
0.0015736171281145023
0.0015669240530494836
0.0013474288263803558
0.0018437224721477605
0.0016256708180574844
0.0013882558369010482
0.0014555388600411185
0.001532085513416699
0.0017198760840915434
0.0015252424894847496
0.0014196645652254849
0.0013149983192336768
0.0015035268028168482
0.0017538599450842916
0.0016873242642387075
0.0005655940889098869
0.0014621617560830564
0.0017594016925056124
0.0016493431483013132
0.0005823776226486376
0.0014258622526449498
0.0014432454393809501
0.0014915496801898205
0.0014951573168261883
0.001331485109875931
0.0016110367397746306
0.0015111608691461128
0.001827789566642098
0.0013299880597079248
0.0017374132805919632
0.001405199584294666
0.0014631145459326799
0.00145410477107662
0.001383090197167466
0.001565841060977476
0.0018492875869024533
0.001401648943115843
0.0016921232496678183
0.0015946067610276978
0.0016798666956415005
0.0015435514309292448
0.0014402507588141531
0.0016245460101361267
0.0016897416671780782
0.0013121921100513973
0.0013811926462458225
0.0015011864273687127
0.0016207296322439824
0.0006059363249292771
0.0015993069741158101
0.0015148531055944187
0.0015450416475536197
0.0013950148743006783
0.0016164444499862426
0.0013216632983985772
0.0014861671097968858
0.0005577450373311707
0.0013870640537179664
0.0015393147795217874
0.0017578480792181021
0.0014432347186782324
0.00174026484912268
0.0015082073162740895
0.0017901460012796483
0.0014875194492744044
0.0015810045299341439
0.0017917832779310182
0.001624369477563054
0.001732277609406979
0.001632181935286054
0.002170535295226733
0.001719354597469421
0.0019864023915750996
0.001495916098855
0.0013333646456523502
0.0016638108132860146
0.001594334414559933
0.0015336007937531554
0.0013998509319856037
0.0006617474286918552
0.001844834132503794
0.0015405256982834131
0.0016425404988192416
0.0015650059009232012
0.0017795293384500865
0.0015149097658406002
0.001664581308529683
0.0018177003023690287
0.0017332062469775469
0.0015646772009795485
0.0018730778051016003
0.001932934608860073
0.0016401423993996226
0.0016763132960291448
0.0006224729068408711
0.0016382217466196065
0.0016163080948125852
0.0017079405820794192
0.0015225696955200325
0.001618457823694856
0.0015822967756372933
0.0014424955710376384
0.0017154155894907525
0.0017878843305214232
0.001758037308078974
0.001596297073877312
0.00156222413040974
0.0015400099971652908
0.0013004505113144728
0.0014129093412526884
0.0016181117407880112
0.0017845392435174208
0.0016326739242656459
0.0020840091193760884
0.0015834417728560056
0.0016065260983074326
0.0014446740906987963
0.0016568589058861061
0.001535543805471016
0.0015409131992899273
0.0005399890351660995
0.0017936396110421683
0.0016907950105352516
0.0014076607862881867
0.0018419146102924796
0.0014271868387000309
0.0015638907819269128
0.0015790316438105236
0.001523989215671847
0.0005511804296510508
0.0022454703048539635
0.0014620094533522245
0.001863614203393908
0.0012539796997892826
0.0014205873519964466
0.0015256092999354895
0.0014086333552390808
0.0015504710958503926
0.0015608167093359923
0.0016078600304024761
0.0012962351157057499
0.0014347790591412554
0.0017459113461303765
0.0014536825826694394
0.0017163252573470275
0.0017696876333155246
0.001567088601702809
0.0012265708197564589
0.0013626094077369422
0.0015921275247797607
0.0014547471804068667
0.0015744716041891302
0.0005621204534465351
0.001527736788667297
0.0014844028861068545
0.0017625193725844398
0.0015696671042494622
0.0013723602470863167
0.0015561732036961065
0.0013880498932973264
0.0017141053209797164
0.001347613049650704
0.0014546345949504528
0.0019023624905716943
0.0016759570779416014
0.0015807601535561017
0.0018555103237180503
0.0015099136036141629
0.0016484676545777675
0.001347517293137157
0.001626634633956989
0.001775484962333202
0.0016645720153140617
0.0018330299040600231
0.001759689289354468
0.0014906071416343977
0.0015633153661689812
0.001481813061763875
0.0012936974860847364
0.001445795910876951
0.0005609699765950919
0.0012950716564973078
0.0013588758458906954
0.0015141476859398297
0.0014749269294794117
0.0017097256632007149
0.001689352851158664
0.0015502777392545153
0.0005725610474433593
0.001592111686600043
0.0016188223093073092
0.0016470421041094759
0.0014629375141953292
0.0015246834823054326
0.0013013080555258313
0.0014992099495924074
0.0015108062688311396
0.0015027258421276503
0.0014253147322013002
0.0016597926281359278
0.0016308699658551611
0.0015913835062852564
0.0018672256376605528
0.0014962171799903275
0.0020045138015916037
0.0016674698797793023
0.0014132460645489011
0.001816719418184386
0.001271750303035386
0.001520157354926874
0.0015436375357188044
0.0014929119483309413
0.0014270332299337347
0.0015732857668469436
0.0019442392245287137
0.001832628602832903
0.002102135857865769
0.0016644192105873899
0.001634058396516577
0.0018370920790861966
0.001567593179752717
0.0015196528597327202
0.0015834619123520494
0.001565157766606802
0.001701269221563453
0.0014845137268078411
0.0017293730678360226
0.0014405535217707026
0.0014989437430590227
0.0017595592736358648
0.0015872511602907484
0.0013389192904907595
0.0014294870861565276
0.0014861398231449346
0.001493116841243297
0.0014930842901825568
0.0016397332827055263
0.0013600804299186543
0.0014545847476581403
0.0016633063172278074
0.001736302219490878
0.0006229829514291064
0.0016568568297579591
0.0017649501350383758
0.0015210420471491936
0.0016478270822507387
0.0017747972115666627
0.0020349035442784654
0.0015578280875333792
0.0016976631602708756
0.0015258420206174178
0.001521453451586957
0.0015039879028898688
0.0012917818365775356
0.0014299252994706387
0.001546410942799414
0.0014285746613889997
0.0012577761570073227
0.0009421856765448773
0.0014285731662136791
0.001884520318216709
0.001696159359014078
0.001442840128378834
0.0015967457528776657
0.0015054711511680783
0.0019045699932050816
0.0018315083272689861
0.001471571100469558
0.0016739987950467696
0.0018199964883712926
0.0014647513907464845
0.0006387896702047533
0.0015877468059902612
0.001894480641280829
0.0011699910424611004
0.001774014858778927
0.001659449348652455
0.001480615726661265
0.0014387146842556175
0.001595642547712313
0.0005327424511858616
0.0016098421142622993
0.0015069457498643665
0.0015558497617763074
0.0015880309648674022
0.001566664960524633
0.001640520995413707
0.0015819771125515467
0.0015298651550284248
0.0016345716556144907
0.00142066239134148
0.0015551720034789789
0.001374021097390264
0.0014000756376996058
0.0017104559239550642
0.0015180765824437952
0.0013897432661321883
0.0014126077325466808
0.0015706367426257593
0.0014690696544834732
0.0014675465726556387
0.001322544628422279
0.0015894881757669242
0.0013489820994979458
0.001648936222760964
0.0016188030567555838
0.0005357755141852923
0.0013239175965591436
0.0014511562293603958
0.0012824897762314003
0.0017171384899292534
0.0015061440641842769
0.0015169266808469609
0.0016823804710600875
0.0013414959053384505
0.0016560900445008226
0.0015410956962816015
0.0018071698099029973
0.0014710605098322733
0.0018385917737419914
0.0017206609638465175
0.0013013123622794295
0.001590876837124101
0.0014623753964871228
0.0016767192433433892
0.0012765407247764813
0.0014718983014943893
0.0011833425846334514
0.0012536555414570548
0.0013686909903919983
0.0015285853546632233
0.001585093315835757
0.001380435676685249
0.001328559057675843
0.001484779997891951
0.0013340882871761303
0.0013334803734518029
0.001603573128059987
0.0013059752789418965
0.0015167222666689253
0.0016280734095663082
0.0012773168267989673
0.0016366495467909125
0.001506376806884548
0.0014705087253150798
0.0019273614015113552
0.0012596292716329349
0.0014357343014590944
0.0013447728933058396
0.0015224916066300944
0.0013987477393536838
0.0015323090648990284
0.0016643785474696696
0.0014990825449777655
0.0016891729839879964
0.0015194084864981231
0.001539310055724113
0.001636671176986291
0.001413980594362691
0.0017963981818180652
0.0014458951055294229
0.0005795545078269658
0.0005405801813117246
0.001351229766386724
0.0017320097812156593
0.001548635685031539
0.001747819353501399
0.001636794749600557
0.0011709628302515583
0.0005912795389336773
0.0014482338882725434
0.0014003366518131788
0.0013934847788886126
0.0013137858620788357
0.0015525454689617243
0.0013752096751357959
0.0014784484181850673
0.0017615890303511591
0.0016354539371303465
0.001706893842518199
0.0014832134410167044
0.0014708773617637583
0.0014209986415379776
0.0013649124578500684
0.0013493217779464405
0.0012604053631750454
0.0013037982997344206
0.0015299652626850888
0.0014371787059521688
0.0013886404334170546
0.001479256071153459
0.0016026068865215503
0.0015920718180837898
0.001328218296571826
0.0014068085036926408
0.0005322931628797092
0.001536859310183693
0.0012007264663222838
0.0014103121529367823
0.0014158547062672246
0.0015280137602614338
0.0013300040318756615
0.0013713522745102398
0.0013870045075030472
0.0016152814067925349
0.0014250940208830399
0.0016765006283890051
0.0005615749811532772
0.0013807312741666365
0.0012981060714853086
0.0014264659021607528
0.0016945418551854818
0.00142273611460848
0.0013763332275904666
0.0014706071701794806
0.0014591877689606903
0.0014238154861768272
0.0016765585308032044
0.001286615922767801
0.001356401404996129
0.001552997366102589
0.0012338900771180902
0.0016070213972058922
0.0016956093475389228
0.0013486443930752355
0.0013960287745198592
0.001343834789548589
0.0015046800190189591
0.0017696450000891616
0.0017054955026184536
0.0013803779945132763
0.0013605806797807698
0.0015569272444462864
0.0005291204021957901
0.0005771699877177614
0.001561993062011313
0.0016532402718084079
0.0018010568208807608
0.0013970853840618708
0.0005544536794070338
0.0013820358524711
0.001416768920643624
0.0013223107186198766
0.001709213417669573
0.001540634636910832
0.0015899178379473835
0.0015280032295072242
0.001473129674189396
0.0017242237163523917
0.0013907869604436276
0.0013955154794801719
0.0016963680858049293
0.001312809396423647
0.0019223835572657738
0.0012394886672964314
0.0015886915997352876
0.0010245221088067361
0.0017500346850113197
0.001350748498807798
0.0016417209347126477
0.0014875622003666987
0.0012776771922474903
0.0015711673982807973
0.0014313727446056855
0.0017218735653399327
0.0015149905124668365
0.0013290399919983528
0.001368080156828094
0.0013730705391494073
0.0013117645620432082
0.0017733955604303752
0.0014926074941444619
0.0013532386607634647
0.0017592367138046835
0.001592804377269772
0.0016212583073078061
0.0016998467009667884
0.0011704050266653826
0.0015346845192232134
0.0014810996416429422
0.0013995180860401682
0.001390656488300424
0.001487100840118125
0.0018247369160499676
0.0013484276414443197
0.0012662515136481055
0.0014203954547323924
0.0016502339535421013
0.0013309093164036263
0.0014524338863542608
0.0013835761366164693
0.0014631419417706238
0.0014621271675352018
0.0012779234787736959
0.0014435701765867087
0.0016278751460231532
0.00166291977595012
0.001596723967325526
0.0005761011928627998
0.0013580386430492287
0.0016610638894013381
0.0014889694637234214
0.001664517863353463
0.0014873009587961872
0.0005868950020363913
0.0014290731509316319
0.0013103523804603012
0.0015603652407432313
0.001553871334668753
0.001537880103720832
0.0015355431976061225
0.0015923823343950844
0.0013983019720087341
0.0005481382212824199
0.0017082541796902377
0.0014007790779647909
0.0013685105478068917
0.0016076756528930363
0.0013433449948434917
0.0013074180142540065
0.0005973961125288422
0.0014306882691401826
0.0013299211100070171
0.0017441570316819907
0.001421476725157706
0.0014144957944539436
0.000569278418665307
0.001272033703812993
0.001487374947601847
0.0006256665288986244
0.0016312512703621582
0.0013976072087569268
0.0015247546311889298
0.001328837704432251
0.001429546395690508
0.0016279811991896458
0.0016435272996498558
0.0015947449755399443
0.0013170063193261158
0.001572639083715335
0.0016733896280774236
0.0014705807581236706
0.001755426410175442
0.0014875740588701795
0.0014877193352952265
0.0012926158210295562
0.0015653501769309786
0.0014882089061659211
0.0013601463824218507
0.0014857322524244806
0.001310257303769863
0.0005771155572306879
0.001324539407660431
0.0015280013161981327
0.0016127405733307012
0.0011653044133524465
0.001603583951135246
0.001394324079065284
0.0005634203999774327
0.000542633544261324
0.0005954496888162758
0.0015921050878901749
0.0013404498025937426
0.000537684571412017
0.0013776156035673552
0.0013185722360592952
0.0013788882810671893
0.0014358762692069866
0.0018506166711300615
0.0016585896032919117
0.0015394048537726124
0.0017511965514616212
0.0012932355441300904
0.001324056970715694
0.0013010879890553867
0.001415527412679468
0.001472688219528311
0.0014742311612502912
0.001501957571920961
0.0015715414945562348
0.0014755099896270997
0.001331093427891365
0.0012741465175327988
0.0005668346230735845
0.0016371879429011422
0.0013930129672694055
0.0013819542936076435
0.001591464793461014
0.001258792756591605
0.001169244889694717
0.001480546874234049
0.0016459836890562293
0.0013158624756745962
0.0017403418690343305
0.0014718392101418264
0.0014216475376774092
0.001668085672006013
0.0014141808391976954
0.0005325434810818783
0.0016355678626760633
0.0015757479670730976
0.0012890806801929599
0.0014617743146875856
0.0014206733121319057
0.0018430510261810526
0.0019471417515940551
0.001428930898377634
0.0014445399942027378
0.0013423057906190021
0.0014030212196301998
0.0015723994089167715
0.001572259253875091
0.0014352849251599846
0.0015060652387767046
0.001778856090834396
0.0013064772148012205
0.0011830665772388207
0.001344892145288301
0.0014549321028879969
0.0012779436835216938
0.0016739802501395077
0.0014924318596759736
0.0016314447440469839
0.001746481070323373
0.0005724924735816977
0.0014580631630495538
0.0013497875830431746
0.0005539945784228744
0.0014725503786381755
0.0016998209893664465
0.0014711877426486883
0.0016138010279090934
0.0014273440478914472
0.00152497383225004
0.0013694505066334387
0.0015018419775344682
0.0015131910901904193
0.001568709060072615
0.0010988817918919764
0.0016745146894131693
0.0015035543910584036
0.0013723050956215253
0.0012879220350469056
0.0014575317194178428
0.0015002721111183523
0.0011595187221187804
0.0014832253866219815
0.0017273295313775699
0.0013839010096146926
0.0013486456966230952
0.0014758493737817122
0.0005825017960361956
0.00128627629446156
0.0015684512364904431
0.001529134845333565
0.0005799474781770148
0.0014214869764949247
0.0014761608747270386
0.0016535599610807978
0.0015671323422348465
0.0005792498037333598
0.001501440649132054
0.0011950356316217923
0.0012963437049744694
0.0016319486693682833
0.001662187548626126
0.0014151298102185374
0.0013897736084042247
0.0015370241459431104
0.0014849877254131008
0.0015883855217858035
0.0013523133262848064
0.0005850752529082382
0.0015465827262264927
0.0016172162160863835
0.0017397887047583501
0.0013361294423404897
0.0012466565269820984
0.0012775038109993084
0.0006561847931697004
0.0013522159553008197
0.001643787876594972
0.0015071157337753355
0.001575744149407051
0.0014228934192323794
0.0012968030607452725
0.0013451648601883067
0.0012455025673008314
0.0014464757348312534
0.0013895017475158461
0.0014047408165752757
0.0015015937775907527
0.001511165947012227
0.0015724966510985172
0.002250376010431345
0.001659083075965885
0.0011875839767108375
0.0012849576386807567
0.0013537119183608197
0.0013346767050768182
0.0016084412122691141
0.0014665697036257968
0.0017492182669002836
0.001361994299688129
0.0014740935691531973
0.0015859777782531218
0.0016836476697649671
0.001539505643288683
0.001317531471039923
0.0016574505254705464
0.0015186463467933326
0.0014964106472462905
0.0014502130055747827
0.0017505116874602948
0.001603431540520321
0.0012548318667640614
0.001455683069479201
0.0014170604566009011
0.0014496002772116311
0.0017352780907415254
0.001234494530861656
0.0015252687062295562
0.001202295176771754
0.001202148062487043
0.0013971500770775525
0.0011443608151368025
0.0014974309357516714
0.0013265247813322924
0.0014046591980690156
0.0015597585904052731
0.0015180057403315832
0.0015787750309343852
0.0014373087464275315
0.0013893880889538155
0.0013283014879457956
0.001718311032679931
0.0014374020353423269
0.0013378666800222
0.0014857319755474379
0.001529141429172025
0.0015365706184278399
0.0014975549502075378
0.0013661191050102636
0.0005725221718050523
0.0017407110465911715
0.0015491095688258565
0.0019414392275965064
0.001263704361994504
0.0015103050846118436
0.0013940786722677467
0.0017301367862831462
0.0013477538401298844
0.0016048698573188425
0.0014424011743694558
0.0014569164968006958
0.0012171293099088637
0.0014186738497697475
0.0017557720531481593
0.00055549757851197
0.0016135243160459141
0.0016260709712488577
0.0016409714584033112
0.0012896112981748435
0.001719842492714958
0.001542713684219858
0.0014142870711810675
0.001406585185608481
0.0012973439526173386
0.001485876887719803
0.0014041348872444036
0.001368384810007459
0.0014092052972072362
0.0014664443383464712
0.0016084707096015525
0.0016709005013689489
0.0014141248555169085
0.0015953169544306875
0.001585186765619219
0.0012939815798068217
0.001584716093197951
0.001426134281277032
0.001561356231132936
0.0018134283595591719
0.001392317124716416
0.0016427560574729504
0.0020568830363004837
0.0007003182025442227
0.0015171375959836452
0.0015245497502414974
0.0013556583424836094
0.001749466537102979
0.0014351448849256232
0.001665261091768415
0.0015753805733789944
0.001665394135152178
0.0014587568744384384
0.0017833649373626848
0.0013643267676697022
0.0005563667989304226
0.0016351690313083668
0.0014660812644830506
0.0016408325949086632
0.0016753775063552958
0.0016950957549280137
0.001537597971259589
0.000579631346572306
0.0016017576484515452
0.0015018000771234836
0.0015578434132466905
0.001510411298674584
0.0014980041361290176
0.001772223735389494
0.0016239975861081163
0.0012160091632604235
0.0015091665236539977
0.0013409588585003782
0.0014393274496784833
0.0014539829253688381
0.0005422460969158042
0.0014516765663268774
0.001670002642472949
0.0014124693899310364
0.0013954908550057302
0.0013337718785573474
0.0017088826508667378
0.0015352549154594233
0.0014076990573442588
0.0014513338103272263
0.001528254245911697
0.0007620905407882535
0.0017912827762547507
0.0015298562936155514
0.0005480523279790014
0.0012607826203461904
0.0013533941726409481
0.001577859873258266
0.001228184139894681
0.0012524297645718644
0.0014908139879198953
0.00140389276717714
0.0013940486142148395
0.0006067912004866222
0.0013970604811177913
0.0015817656826921558
0.0014697979984093956
0.001626537829848551
0.001579834750047943
0.0014326431149284482
0.0017043667256456203
0.0005791784998357932
0.0013682411009414848
0.0016504900843094831
0.0016398332616288916
0.0012252163923228533
0.0014697277951431556
0.0016446799976951201
0.0015351413778157484
0.0013776203369654301
0.0015275342299849095
0.0014275075765182606
0.001449740112643316
0.0015418751259787275
0.001432642298297461
0.0012388372170096793
0.0014407760482553174
0.0016089588528627073
0.0016038282699029382
0.0013709321201975215
0.0014920186544892422
0.0015224108691564088
0.0014347246477409443
0.0013658035728660888
0.0014985381418014456
0.0014423082850157495
0.001549201385653652
0.0014052602592607983
0.0014061104002915073
0.0016265432133397016
0.001456355567934741
0.0015775510634140038
0.0017615486304778205
0.0014289379756387732
0.0006005755150365394
0.0005496603325935624
0.001204283070501172
0.0013271419103396951
0.001413526098125213
0.001802685349493299
0.001207476279307118
0.0014891495545952245
0.001575363949967517
0.0014910337060526598
0.0012074342784108105
0.0015820092169963398
0.001289800669836149
0.0013634916846948103
0.0013499663065369948
0.0015607113186293243
0.0015786464534703535
0.0005679842781481244
0.0014681777282795794
0.0016097269204077684
0.0012884475544178578
0.0013885952082433692
0.0013840209745635793
0.001453079668070039
0.0015726522742088558
0.0013594334344725924
0.0016119580474046342
0.001823553402711688
0.001906923748381783
0.001713511296203688
0.0019263899882777452
0.0014618659000774244
0.0017781863229293566
0.0010700957302659706
0.0010376988799098085
0.0016334513758228572
0.0016408380511211175
0.0015869923499958784
0.001785378821491383
0.0015925719015752633
0.0015286844879982848
0.0017026920499656902
0.0013811521683070134
0.0016928303465752125
0.0013934593188212644
0.001671324589757878
0.0016661664259813812
0.0014514011373154613
0.0014846558916386911
0.0018658297770309674
0.0018411130618688084
0.0016261872771887492
0.0013904600612451407
0.0013014153655076005
0.0018139651025459308
0.0016607321756620908
0.0017957980001070495
0.0014948560522519546
0.001487214825704016
0.001350341362940997
0.0014485951936842139
0.0016190235744117246
0.0018297064149175456
0.0012649290498580768
0.0016641351269183111
0.0015223036168821437
0.0013815097067529777
0.0010856773794450075
0.0016431711063623659
0.0015561526182734425
0.0014999988923417996
0.0015943704192177741
0.0014504264525575534
0.001937301774246813
0.001480620559749588
0.0015031265426122236
0.0014699213529021607
0.0017583599974858402
0.0014125450651900032
0.0015855463098641662
0.0013051834570665438
0.0006150653121907837
0.0017632138311288017
0.001539725635307951
0.0016839533668743369
0.001326534773572809
0.001457107110721878
0.0014371886594243247
0.00145190455447758
0.0015071517055449061
0.0013720646896194675
0.0014384187562581
0.0014690468033805694
0.0013191493979463503
0.0013341786660768648
0.0015452198477416833
0.0019218724165388729
0.0016218479260828036
0.0015381332841239315
0.0012310995013452982
0.0015062923345322877
0.001544060482809616
0.0015162238628135406
0.001507661014219304
0.0005660361065002847
0.001409317639047238
0.0012811163007656735
0.001274638680229837
0.0016747529567702792
0.001624012728422246
0.0017537490083976148
0.0018522054497292434
0.0014577458134526517
0.0014614964955290673
0.0013901726148138438
0.0015767539666375451
0.00144672587053422
0.0014356528612818817
0.0014315747474699949
0.0015069057216648347
0.0014827898937572477
0.0015736824111370425
0.0013632244788999827
0.0014721120931296646
0.0015009571958527258
0.0014732514550569512
0.0018409706678672861
0.0014336777707439127
0.0015139601721424877
0.001193736556480137
0.0014988377203967837
0.0014961944247650068
0.0015067275611336597
0.0013848839308757987
0.0021238904889024166
0.0011701706601981033
0.001217617838005555
0.001427439222963708
0.0016186245798967536
0.001345774368789572
0.0013645572601697683
0.001445773405825021
0.0013503860942675771
0.0014104388441386147
0.0005544818001027477
0.0014342266804621378
0.0016318800916450948
0.0018297512473016812
0.0005610044162988502
0.0013718020469699506
0.00158706194817454
0.0012380061566208227
0.0016315855749197347
0.0012953075293081642
0.0016802182022204342
0.0014470916479174764
0.0013332219621512674
0.0011407761521506762
0.0015200277040407911
0.0016124046161438998
0.00146577251394159
0.001403445552717885
0.0013759846487782692
0.001218586584721406
0.001412454631729959
0.0014061237561698225
0.0015404409392398232
0.0012233824589185352
0.0013861535649191143
0.0013569822108462112
0.0014277726105238993
0.001276081739852594
0.001518456001508158
0.0005855834634097001
0.001581289735478142
0.0017179250491084566
0.0013728466045399373
0.0016043287710833726
0.0015014681143189481
0.001519599439988533
0.0017441969447777182
0.0015143500587184275
0.0015205288474599437
0.0013886929565702347
0.001479310051445114
0.001612003707599775
0.0015618234918648231
0.0018110706120272766
0.0016252874302351515
0.0013373874962556806
0.0013434850585882648
0.001578859596671586
0.0015628756048516241
0.0016287390238062624
0.00176142000443918
0.0014718514050937994
0.0018981285610682641
0.0016585185028682168
0.0014608098106600837
0.0016389772726917073
0.0012596446450204332
0.0013269223684268727
0.0012551335068258624
0.0012936636828178437
0.0014189381410943842
0.0015160157756386621
0.0014794226981348893
0.0012779036799982692
0.0015590615067460497
0.0015977621232149063
0.0013222597463316901
0.0016032230556340123
0.001443204323668018
0.0005657573718226718
0.001431789509487116
0.0015362909210911541
0.0013724062709331334
0.0013388394214562096
0.0017110321238450552
0.0014312325160133516
0.0013770334104331117
0.0015336925913372178
0.00129478365767087
0.0014491561249660137
0.001274767444260581
0.0016780266660971282
0.0015329551431125124
0.0013151821227560991
0.0015469259470597251
0.001272056103242771
0.0012687332067035416
0.0005856611037745043
0.0005405457138537992
0.001596087509210081
0.0015939160069026368
0.0005920009299155095
0.0016123228489005794
0.0014648110458695314
0.0012821377339913489
0.0013302093798235515
0.0014653851044245233
0.0012256052403228064
0.0005807676958288361
0.0015100570664578219
0.0014714286589491592
0.0014750847714610227
0.0013688940175985806
0.0015256774482551045
0.0013956142848925179
0.001309114521069029
0.0016046789617343554
0.0013898059758591223
0.0016688603888620737
0.0015032654967960387
0.001389839563038539
0.0015916156918833226
0.0013974224888715504
0.001701206129126584
0.0015020552926412727
0.0017804527932896352
0.0015117335587962173
0.0016166137449892765
0.0015414316187695076
0.0012726981264729008
0.0016884734556593052
0.001836979592637372
0.0013245697879085405
0.0015528520335560427
0.001431781322722095
0.0011512418948047575
0.0016764552721285292
0.0013284323758361255
0.001617082702229665
0.0014489157597656877
0.0013502628546013646
0.001753624254825413
0.001527074871030603
0.0013063439373555393
0.0016864903481456895
0.001430988151529185
0.0017238471035189594
0.0015401815617531159
0.0013272181588242168
0.001326701729862722
0.0013309218324417
0.0016379509442848899
0.0016913270094869837
0.0012482147616171791
0.0013269089765082832
0.0016003301701846993
0.001397903830056045
0.0015209891365902347
0.0016326070966096718
0.0015413918981818223
0.001513486844973733
0.0014086079355221674
0.0015824389269732538
0.0015572401747567578
0.0016713830806293437
0.0015638183982713122
0.0013809016437544071
0.0013533727068675927
0.0014301513401935872
0.001496989765288502
0.0014948177745306916
0.0011582491008880799
0.0015022537378953143
0.0015057778115874169
0.0013034154460278375
0.0010783481358085311
0.0015762360157630829
0.0015788680884447897
0.0016814420729412023
0.0014460277818907315
0.0017862449054927914
0.0015908846708768323
0.0017925059151571666
0.0014461261828007956
0.001814438129630431
0.001678625633362654
0.001365931261686191
0.0014867328176347229
0.0015675546817552695
0.0015349277568839457
0.0013003607367116287
0.0013930489354216878
0.001516591828728362
0.0015062311500604944
0.001385039034428066
0.0014361050514369157
0.0018000392953974147
0.0015869057066056963
0.0013083858239328456
0.001514972666418628
0.0015574206917097781
0.0015673120157567318
0.0012457926929405172
0.0016889063524641419
0.0015962205874022483
0.0005678888839704036
0.0013799774724960823
0.0013921099059847099
0.0013434833330898531
0.001438216874087976
0.0015751178179294319
0.0014956874008367979
0.0015834971788306275
0.0014853716959187014
0.001688327992644535
0.001719810224563205
0.0019295433119017715
0.0014218505537261653
0.0015979127329711475
0.0014357001984904424
0.0015629885025081859
0.0015540892818050977
0.0017412361601286531
0.001477758550077939
0.0016482850853153238
0.0016133487561071636
0.001516199757773017
0.0012847521980666734
0.0007371596475435581
0.0015123880024418127
0.0014193648273493295
0.0013798543502069288
0.0016095115989179752
0.001420005496646813
0.0015375245506543428
0.0013592860002133132
0.001487116743462032
0.0015834675676989804
0.001433575825896448
0.0012750862887028489
0.0005764067880458581
0.00160412051504184
0.0012182671347149394
0.0014158770651484418
0.0015544578806796167
0.001455686207894078
0.0010729556035515451
0.0018187647425923423
0.001494843314552243
0.0014166988179818082
0.0017881148525907805
0.0012511326859372851
0.0005500574808693107
0.0014625282539260816
0.001383337385634397
0.0005827513765654281
0.0014405593010717323
0.0015855883167683693
0.0018726825829660462
0.0016659219088280455
0.0014341400928309718
0.0015515249579317232
0.001775984080394025
0.0015915491169145276
0.0016295987076519213
0.0016350777997403878
0.0013863470330950766
0.0012784968987051802
0.0016514039145636716
0.001642459258524105
0.0016256810637798789
0.0019432416590505134
0.0014024444023792544
0.001388238166184315
0.0015780666789301787
0.0015835480833600367
0.0013900346612388866
0.0013713227835043047
0.001460735404510598
0.0006306859819210171
0.001592809181685006
0.0017405766868004132
0.00131730880974208
0.0014932983507486691
0.001595439814103676
0.0015670389955480786
0.0015131327022755994
0.0017881158959828095
0.0013285062122158375
0.0013397963163188312
0.0014865101053058176
0.0016948569804493545
0.0014798631789902526
0.001671267559031942
0.001489317881054356
0.0015094292117754193
0.001720849365306082
0.001337226125215158
0.0017404116950070054
0.0015171476313402786
0.0014583573383615508
0.0016127000496187563
0.0014337791224803124
0.0012297655173216051
0.0015104162663585716
0.0013753699613596362
0.0014300772947884344
0.0012952880736461555
0.0013823610938475464
0.0017687265001024258
0.0005597378279411321
0.001503159006449667
0.0014158000243760563
0.0012885625634312299
0.0015733480670448532
0.0014298617288545563
0.0017372345842310434
0.0015423279435301928
0.0014134579896629468
0.001593497121239385
0.0012407672937678146
0.0017586753328129327
0.0014827689377352694
0.0015656973020335252
0.001677407411200972
0.0015806505321143806
0.0015781894850091203
0.0013718399645949418
0.0014844020226964566
0.0014435337561853956
0.0015073735669744923
0.0013584988536916587
0.0016909671963984251
0.0015751420963446222
0.0015547911792498526
0.001328388861475844
0.0005536650262901455
0.0013142252098715392
0.001664458836006401
0.0014721421580810585
0.0014923476218736801
0.0018380993443655087
0.0016113367105058838
0.0015933001965544858
0.0015619668705014636
0.0014744644528892348
0.0015830559501918493
0.0014884926909626629
0.0016678815663088997
0.0017059468340296178
0.0015624337282089033
0.0013475902321238313
0.0018939417239961507
0.0011146305451563213
0.0005913377175243597
0.001525416946783796
0.0015116252803058063
0.0014229583878019156
0.0015250243737689913
0.001397258168720872
0.0012280114236113396
0.0013800953495335232
0.0014743951661130383
0.0013580429514230214
0.001358424678947533
0.0015468667663303122
0.0013780700439295923
0.0016126008869060903
0.0017622569178718376
0.0013557805491449238
0.001586441237030509
0.00178314935923118
0.001625550348369185
0.0012483851895691653
0.0013007157052883627
0.0016782366347278693
0.0012782590125032893
0.0017511364855340528
0.0013898004593274858
0.0013535278472023165
0.001629016839814397
0.0018871628549699544
0.00171199938292434
0.0011876478882198035
0.0014464060680944627
0.0017905299368646138
0.0016471194549249823
0.0012378913838732044
0.001779050395331279
0.0014100257714888707
0.0016678005230983534
0.0018168749570432283
0.0015147922202325733
0.0012560581364508677
0.0014583189445454704
0.001301575040522104
0.0014913743405031302
0.0005567651459562306
0.0011877767174847357
0.0015066460257912655
0.001470004145813843
0.0013914277030773158
0.0013830128893831076
0.0014777374130704865
0.0005646108730960543
0.0012358284575515067
0.0016422704017926854
0.0015908543087681168
0.0014401165329016102
0.0014851426207613972
0.001857955531632161
0.0013573587878028192
0.0015819623969081595
0.0015529023388365978
0.0017412393370168794
0.0013768881565176538
0.0014076949048513665
0.0013649781112963126
0.0013805834319802902
0.0013665742983914961
0.001378380124531118
0.001458225991173055
0.0019031034091815543
0.0017461035271404731
0.0015007128781024562
0.0016135357470779378
0.001502270835227582
0.0015050305881045983
0.0015257256470044243
0.001721051177108842
0.0013626753473575846
0.0014207036563530413
0.0018795074847714013
0.0014293074113087534
0.0014432504839180607
0.0016533877001842449
0.0017984689380576128
0.0014392330142936835
0.0016971591135157844
0.0015744899488339468
0.0014671977164270817
0.0013957971902887139
0.0016237228686172731
0.0017644895916326525
0.0015412899012858321
0.0013914229875612585
0.001588377395355128
0.001402633524942824
0.001946850594334265
0.0014401759279706514
0.0012882624923955131
0.0018651049473865009
0.0016336924635680869
0.0006027363524822224
0.0012542967846011267
0.001339307499834424
0.001626789985481144
0.0005567619892474423
0.0017809566536685548
0.0016336242329495648
0.001464326425671735
0.001546280787140609
0.0016958049849807183
0.0014940467503878013
0.0013549105044446622
0.0015402232576308347
0.001759546317827003
0.0016099562828935429
0.0016890264946613641
0.001685933916565667
0.0015367048355700926
0.0010707895617459453
0.0012703980294197356
0.001382835678611303
0.0012409033144141753
0.001363374702310709
0.001245808891382897
0.0015662884920990543
0.0015884739047375867
0.0016387885840576783
0.0014995266963642386
0.001406452957563801
0.0017216677172149448
0.001284910091584179
0.00157558583070768
0.0006151247256235069
0.0017477159250223829
0.0007399126955710415
0.0016236149382612545
0.0005428741440204227
0.001468456473897268
0.0013972557429379501
0.0015420918865808948
0.0013185442766293566
0.0020580530144975705
0.0016304077200238333
0.0015502890358207973
0.001366334677293958
0.0005768453836826652
0.0015130285333673284
0.0015750883679410748
0.0016190024509149638
0.0016382008977695245
0.0012780365161629984
0.0014916580230599971
0.0005793356827082407
0.0012711633692386916
0.0015383093553567712
0.0014394886673696938
0.0017140545965971619
0.0012916762387890806
0.0017683483961291116
0.0014912682817376105
0.001379767321890544
0.0015774862942299916
0.0013980709271931638
0.0013610837623607938
0.0013911923749396144
0.001570925138250232
0.0014873348488712577
0.001778612538914956
0.0014964697892210586
0.001337017856118732
0.001607621071712969
0.0005702925956584232
0.0014028190112485403
0.0014548713223404295
0.0014143128690280982
0.001291494689265014
0.001697107222733355
0.0017909279980048098
0.001646845698362399
0.0016299341784627966
0.0014802311359902152
0.0015146840826824218
0.0011930759185122901
0.0016825572408174245
0.001447035710692922
0.0013903603109771052
0.0016820446981932562
0.0016095066282448705
0.0015793156077941184
0.0015928439774305797
0.0016140617029531327
0.0013909242902926074
0.0016948625121404137
0.0005580315167101539
0.0014608265181524594
0.0013964574993666132
0.001374588848768297
0.001591345197347339
0.0014338420716563758
0.0013894179277790012
0.000560539122229603
0.001684515228592769
0.0015461704834689744
0.0019028661910926036
0.00143553730082072
0.001632676820344658
0.0015466949893121339
0.0014379230549751698
0.001467600524654381
0.001540369971986637
0.0013867163762114807
0.0012915183110273605
0.0014116472395626107
0.001488546687179111
0.0016304353372755976
0.0017578757547089545
0.0005703069774705725
0.0015190352709943493
0.00157071798448633
0.0018237708151472298
0.001171731450248786
0.0015516217553593148
0.0013372867942676764
0.0016133405488609977
0.001529366348858114
0.0015808204840133233
0.0014638520368405327
0.0016847486533279924
0.0005608311004127673
0.0006068733961976919
0.0013561897533060402
0.001627716978065188
0.0014888003002184401
0.001305102122644283
0.0015495269130896406
0.0014095761720530437
0.001762467653534317
0.0015043226552987903
0.0013759336975326306
0.0013022102762926726
0.00133982756240091
0.0015042955477593324
0.0014386927876671749
0.0014224253914041092
0.0013894030922531068
0.0016355646210257375
0.0014885013879838375
0.0015044151085596095
0.0005712999008011709
0.001487612891162041
0.0014784897798003232
0.0013097775011329436
0.001223741422725228
0.0014091369779488934
0.001353841920688893
0.0013552718235975306
0.0016398094708328869
0.001265025595701589
0.0011423240433755684
0.001472106276783788
0.000631449030978537
0.0014712403610834964
0.0013070318750374823
0.0014864129662444452
0.0015149200577233993
0.0014514896095507482
0.0012593545374274932
0.001169460637475465
0.0013944217812892812
0.0014959701347584977
0.0017368773677745295
0.0019234305853300803
0.0016258863966134036
0.0014798328704415738
0.0013427101563508637
0.0017708552321479814
0.0013413074568495204
0.0012391223322631094
0.001468715117165079
0.0016493710658509236
0.0014696129380368972
0.0016577535302078111
0.0014904690381855562
0.0005877574673527824
0.0013989841567822727
0.0020392833262380607
0.0014167962674534844
0.001391982317812989
0.001548564736447492
0.0014368043806852746
0.0015578658530683073
0.00149066576042019
0.0014895315187899332
0.0016567628081030144
0.0013703486605586223
0.0016200677260964451
0.001727992346204747
0.0017156025247789097
0.0016262333464036882
0.0015425700205782228
0.0015312061329600937
0.001644406062957643
0.001637875211211999
0.0013402664101495481
0.0014505790294102412
0.0013329788047246943
0.0014736893560662245
0.0014652559590024956
0.0015030004058960748
0.0016923305974742419
0.00138032971123684
0.0018136536386525435
0.0016213133644252383
0.0017594204206466046
0.0014766051614896593
0.0006196355151258251
0.0016894595353794213
0.001463501211094137
0.0016308682588965394
0.0013325946286994264
0.0013333906986412395
0.0013558139483435077
0.0014441632491271094
0.0014320890431536483
0.0015144014667408093
0.0013423007570133173
0.0005310019893879864
0.0014578445696008383
0.001339456051630406
0.0014967643748462955
0.0013241465495184481
0.0014204918303553974
0.0013248392341354226
0.0015844358936992434
0.0014278256804522566
0.0011796003991497049
0.0012947436220011516
0.002017315610725455
0.0012302592185214815
0.0015190566266773875
0.0013864532230341722
0.0006309377915750733
0.0013364145354974458
0.0015138613085696267
0.0015857419720518068
0.00146707624977651
0.0016826577695031712
0.0014287503122050772
0.0014183621561424235
0.001490394342797095
0.0006182639599930635
0.0016421663078070464
0.0014269790094689166
0.0015310820722447811
0.0013501098794831189
0.0014342743642218902
0.00170058347871471
0.0018042075322607374
0.0013023783500036629
0.0015403573950393918
0.001306450940191869
0.0013749720164254846
0.0016105858532497346
0.001565392871234122
0.000618925314626246
0.0015365006887904582
0.0015900893880149037
0.001325354429747885
0.0014979874066783567
0.0011766544273020517
0.0014652624793938245
0.0013059034488155448
0.001747997817363985
0.0014484393663155978
0.0015115595388053296
0.0012819065267967683
0.0005786591800620001
0.0016392603817333385
0.0013979797257030677
0.0014095809840764726
0.0016785189077825379
0.0016088990101120282
0.0015313795779485718
0.001303526350540359
0.0013886778241007662
0.0012605015098386063
0.0017558957421719712
0.0013717406542872192
0.0018040150951060155
0.0014166742462715955
0.0015086519933084899
0.0013529211459956973
0.0015746622458065933
0.0014294023544490083
0.0016264547810626976
0.0013274404289269103
0.001589711537866714
0.0014481084133702545
0.0015820970589270967
0.0014554559326913558
0.0012161936148406675
0.0012627790708112639
0.0012784961525791746
0.0014792098661896218
0.0016398399725096962
0.0013449994090590004
0.001781602810298464
0.001377728222356738
0.0018636151379768577
0.0013725615919106108
0.0012860958364247243
0.0013737092007077682
0.0012168828694381288
0.0005845259703534935
0.0015926458586379315
0.0014010605097666403
0.0016727894994348336
0.0013901214618845152
0.0014626608684957943
0.0014375749475806574
0.0015859432668178129
0.001969887830423982
0.0005691786275307226
0.0014995889148162868
0.001627836666537204
0.0012850393381252647
0.0013867114300141954
0.0014609608539145878
0.001569311425805899
0.0018373966680688496
0.001322254644674575
0.0014583044019234937
0.0014661091967378618
0.0014185727925201262
0.0013984805379756483
0.001710648167183793
0.0016701209243391326
0.0015715728604706878
0.001598377717512263
0.0016273437383004193
0.0013873997338730464
0.0012200762715024712
0.001405100837075709
0.001521770297268857
0.0016337509907617086
0.0014921666568115716
0.0016308919852824665
0.0017246435653544474
0.001762664408639526
0.001611891656958371
0.0014230245461875214
0.0014647347037588976
0.0012656842681425464
0.0015028875983746227
0.0015276206534604198
0.0014503596454683999
0.0013612018734688205
0.001482428766682434
0.0016037964800718078
0.001730784006244756
0.0014355738710678974
0.0017496303222994268
0.0006150777340854787
0.0015852733060537486
0.0014561654913193335
0.0013462371149946285
0.0014528698984346707
0.0014791423049140022
0.0017287836591513435
0.0013085040088903295
0.0016457928094562192
0.001393049809362682
0.0014387611561086729
0.001657882087203329
0.0012935662607067324
0.001210470053406297
0.001178630769898956
0.0015331272040058244
0.001594280490125605
0.001589826770371414
0.0013803225576276207
0.0007036856311278279
0.0015481664434285748
0.0013337134820185503
0.0014328519612201516
0.0013094062996043406
0.0014856791857280943
0.0014237440718138314
0.0017873729823294844
0.0013871438983223698
0.001414133305299777
0.001334515458068578
0.0014008506110025614
0.0017011029197449858
0.0016511651381577372
0.0014543100795670434
0.0013933405357211069
0.0015571642985746858
0.0015221107515768374
0.0016623148555970073
0.0015958424877261963
0.0018450616066230698
0.0014721616211965654
0.0014334649921887432
0.00164982977324596
0.001405548860704557
0.0016465368789949984
0.0018555053414462692
0.0014953093498692245
0.0013908279008911827
0.0014676313536430895
0.0015846566128371433
0.0016132070886673848
0.0016841046235787644
0.0015501657266882747
0.0017073527820604124
0.0016014231255304086
0.0015119007735782007
0.0005724247367446191
0.0013522206097359212
0.0014169545025266934
0.0005942970665841007
0.001465875497134285
0.0015353626959859206
0.0014221539055560802
0.0016597407671392827
0.0016292558002126611
0.0013088266228531704
0.0014252795890506477
0.001386584121841919
0.0015159743053748769
0.0016910776067855253
0.0012416308665491016
0.0017686437376063034
0.0017873244068885878
0.0013017464934286366
0.002087940106997614
0.0015803753923512185
0.001616613444092539
0.001347515835098109
0.0015720797567308116
0.0016535920754027118
0.001483349933667167
0.0014677762874472982
0.0015653729012024289
0.0013786503429604735
0.001409176270009933
0.0013416712009883779
0.0012819652134163082
