0.0013880627411708701
0.0009923382472152298
0.0010274105891312502
0.0013538139962747664
0.0011439522157843385
0.0010064107697758118
0.0010059688731871574
0.0011991794742698403
0.0011098461097844847
0.001084017590642361
0.000945814492183672
0.0012037232012289678
0.0009580655453760301
0.0012842765952427726
0.0012571783062469422
6.129936264187563e-05
0.000939536333930846
0.0010851929542923244
0.0009102925348543067
0.0013470667596493513
0.0011295646339704035
0.001142080751606045
0.0013173759280107333
0.0009646346560430175
0.001291339209274156
0.001188922797723535
0.0014463101542787626
0.0011014131529236693
0.0014822502554352468
0.0013470643170876428
0.0009231040705799387
0.0012284662888077946
0.0010808832911379795
0.00131497907159428
0.0008820904589583733
0.0011082500743668788
0.0007939971599171258
0.0008627031415926467
0.0009766029340880777
0.0011613574650937153
0.0012149002254773222
0.0010089743518619798
0.0009129621068950655
0.001100856826042218
0.000956520666477445
0.0009702785058607333
0.0012345755578735407
0.0009247659805851072
0.001156118581775445
0.0012581542563339099
0.0008929207244818826
0.00127280692822751
0.0011352860061606407
0.001104596046673123
0.0015710688491026303
0.000880389165786255
0.0010563977352830989
0.0009684240174010483
0.0011469005058728499
0.0010125801863978268
0.0011616959963021145
0.0012985172610342488
0.0011176173481750595
0.0013261998609550574
0.0011553391716461192
0.0011787156857963055
0.0012783065309349695
0.0010411748415890543
0.0014279558846510554
0.0010688349821066367
0.0001067114444310846
6.843622894603385e-05
0.0009779968056591315
0.0013624357360413342
0.001178108739622985
0.0013753472971984593
0.0012696579849489353
0.000779606523565235
0.00011030326231775689
0.0010815212040142796
0.001025911568376614
0.0010283742232104487
0.0009238063086058901
0.0011907842949767655
0.0010017334917620246
0.0011009562851995724
0.0013963128334353314
0.0012615396922228683
0.0013215453603834248
0.0011117599264025557
0.0010990256241711904
0.0010536040622355358
0.0009781109774849028
0.0009742020799308193
0.0008923246291487885
0.000925889400377855
0.0011567825253138153
0.0010584315891719598
0.0010091829220755244
0.0011004525529187958
0.0012374532361718593
0.0012236044192377449
0.0009368767807700351
0.001038037920352508
6.87204095584093e-05
0.0011600603882016003
0.0008062516936888642
0.0010325470245788892
0.0010386628200649284
0.0011623259058524127
0.0009520823978448334
0.0009934423793538372
0.0010218232172292119
0.0012383394287098781
0.0010513417201707398
0.001299686958248003
8.170976770616178e-05
0.0010052780402247663
0.0009096781428752365
0.0010575177707323746
0.0013227953127170622
0.0010433909810672048
0.0009975808721947033
0.0011010389205239335
0.0010865372282751196
0.0010439430609494593
0.001307703445718289
0.0008982267331703042
0.0009183933676055744
0.0011827558263917126
0.0008371967674065672
0.0012280286309760413
0.0013300003646463665
0.0009517342086837743
0.0010281128004407947
0.0009521915015966442
0.0011412475763563634
0.0014034983059900696
0.0013452395533022354
0.0009972284220793881
0.000976230370099529
0.0011860463560537937
7.398655924362174e-05
8.34701987741937e-05
0.0011822682904494286
0.0012749812900096913
0.0014420151735521358
0.0010091226388340147
6.398408436325553e-05
0.0010027410124280323
0.0010309672599078112
0.0009453790121369821
0.0013342832821763295
0.0011591356099529548
0.0012207739980567567
0.0011596658653161285
0.001102022548423065
0.0013568439355822193
0.0010191091201932068
0.0010016619291945972
0.0013237767202554096
0.0009216243348078024
0.0015421160389905708
0.0008610590756461534
0.001219861883384965
0.0004299174150901308
0.0013871504077087593
0.0009711105730048075
0.0012772881774480993
0.0010852926352242775
0.000890036595365018
0.001207652408083959
0.0010610124208483285
0.0013533357823689585
0.0011311533924072137
0.000936137589746977
0.0009916344899352225
0.0009922112473077505
0.0009432793431187747
0.0014150673571293737
0.0011169406539011106
0.0009688788668427151
0.0013978595965795648
0.0012154822384218278
0.0012407657476956047
0.0013323109172915792
0.000780729300799976
0.0011732950647456164
0.001110742832906908
0.0010364664815369906
0.0010104928632017618
0.0011093917139533005
0.0014748778141893126
0.0009740682021401881
0.0008799970210020547
0.0010467291109534926
0.0012711251770269882
0.0009496244512092744
0.0010985219012127345
0.0010107772282026417
0.001083029175788397
0.001087806512316547
0.000893008493335401
0.0010661622122825065
0.0012336337176748202
0.001308244283222848
0.0012196541283628903
9.330493861625655e-05
0.0009880662182126798
0.001297673418434897
0.0011240202936733112
0.001287429259491546
0.0011150226372365069
0.00010231903252133634
0.0010472162837231735
0.0009303254933001881
0.0011829927348117053
0.0011736092255887343
0.001165108344366672
0.001149468870153214
0.0012127470479299518
0.0010204986041344455
8.121403971017571e-05
0.0013343790690214519
0.0010162867126837227
0.0009895061057250132
0.0012479987569804507
0.0009505783735903606
0.0009125954356932198
9.057787519850535e-05
0.0010596704080398922
0.0009574268941605624
0.0013765485384737985
0.0010471533582858683
0.0010273134466842748
8.492724646202987e-05
0.0008768974189479195
0.001116134762241927
0.00012096089346869121
0.0012518647962451723
0.0010340956467871365
0.0011591096562142411
0.0009349699721497018
0.0010485768360695147
0.0012677460315444478
0.0012704075270448811
0.0012224953429722518
0.000919022923085322
0.0012014136011657683
0.0013135273857187713
0.0010836164719876251
0.001374390321871033
0.0011223337567116687
0.0011125661767437123
0.0009078482436279955
0.0012021751205111286
0.0011181362231127423
0.0009656695563080575
0.0010938334787624626
0.0009248561957519996
0.00010919297471900791
0.0009437685459943168
0.0011465304414741695
0.00123803298833991
0.0007734672487913485
0.001232118695384088
0.0010264042459766642
0.00011592961755013675
7.527337777446519e-05
0.00011845401809296163
0.001222843493280834
0.0009496451505697223
8.155140685062179e-05
0.0009958846682138756
0.0009319689811491116
0.0009973852920666104
0.0010592266851290333
0.0014838014374163322
0.0012927818321486484
0.0011693949975324358
0.0013886168095496032
0.0009045770016200549
0.0009286916065889272
0.0009084048712111326
0.0010581750857454608
0.0011042111638062124
0.0011043851208114575
0.0011122623360506623
0.001184072138130432
0.001098376163326975
0.0009340970591438236
0.000890603760922204
8.83633671833195e-05
0.0012686190933663966
0.001022450993559687
0.0010068126975966152
0.0012176248029618364
0.0008689224747513435
0.0007592426445626188
0.001105163739339332
0.0012819962632875104
0.0009447478921629227
0.0013804900454488234
0.0010977982086615157
0.0010482278838708226
0.0013063197350220435
0.0010426430835650535
8.052371126154867e-05
0.0012742282971203167
0.0011948856863455148
0.0009080813514401598
0.0010797612125088563
0.0010530746013728276
0.0014845376400103305
0.0015758739641569264
0.001061065180465448
0.0010647064698332542
0.0009639853370799756
0.0010142888076529744
0.0011967629408218272
0.0011883150139624377
0.0010452303530428253
0.0011321627324605288
0.0014104513396659968
0.0009372601396080427
0.0007698718887922951
0.0009650872923998577
0.001076902713407435
0.0008973908004463738
0.0012914382671169733
0.001128557351762538
0.0012634598109571016
0.0013797132618265096
9.682695031187905e-05
0.0010907261206511976
0.0009698894762095733
8.05163422228361e-05
0.0011033382265850378
0.0013259021970952745
0.0011039761768643075
0.0012558057585465576
0.0010458710913781033
0.001163991151997834
0.0009857566944901919
0.0011255689524887202
0.0011327478748626163
0.001206938066047769
0.0007196784961251979
0.0012997640985759062
0.0011293901724229727
0.000954513278756508
0.0009122463741277897
0.001074086068001634
0.0011294440025721997
0.0007534254420988873
0.0011007168324113081
0.0013644843725160172
0.0010008067714579738
0.0009641111760174681
0.001102701786066973
0.0001160416932748376
0.0008978111814030854
0.0011829664606466395
0.001160400970320552
6.251104650800698e-05
0.0010455959501314283
0.0010935111748722193
0.0012964514594386856
0.0011711841625583475
0.00010392145409099385
0.0011305575767437404
0.0007825526636224822
0.0009273335381294601
0.0012522079206860326
0.0013024637091803015
0.0010571599103741391
0.0010207959860508709
0.001169304657196335
0.001102589523441111
0.001213104362022932
0.0009866778543710097
0.0001338228835834343
0.0011845822750728985
0.0012606252049636169
0.0013781000666313048
0.0009524792782258373
0.0008668757538998761
0.0009057033344106458
0.00023810545781088877
0.000959721698109206
0.00125909910923383
0.0011403062460431101
0.0011924975611918853
0.0010459890784204617
0.0009253691949879794
0.0009505984925226585
0.0008508441717935966
0.0010755299392712914
0.0010091464875472411
0.00103338495580374
0.0011215512141689032
0.001137988320920158
0.001211318692412533
0.0018900423724517168
0.0012841764647646414
0.0007847808262795297
0.0009107024760623972
0.0009692558140841356
0.00094841811551305
0.0012430938975285244
0.0010933720903949506
0.0013900424754638152
0.0009791756676236218
0.0011015478612534935
0.0012090642255770945
0.0013096181319269817
0.001163932499537168
0.0009396788314006699
0.001289448362854273
0.0011470240850712798
0.001115145702215159
0.0010818744234484257
0.001392228903114301
0.0012232915687491186
0.0008690392387507018
0.00108903336831645
0.001038069640486583
0.001084872781575541
0.0013599196882694287
0.0008454858887034788
0.001167420344245329
0.0008029397150721707
0.000809721167229327
0.0010071480491546936
0.0007369851599605681
0.0011257966792754814
0.0009373276265023378
0.0010136594494269957
0.0011774793174481601
0.001154526508798881
0.0012020863943007498
0.0010659966544608324
0.000996649113744752
0.000939192183295745
0.0013570157096864932
0.001063919203147634
0.0009538929425616516
0.0010986177956056054
0.0011665947056371806
0.0011634652647671828
0.0011165638334205141
0.000996251766991918
8.840902296469721e-05
0.0013779277344383445
0.001165478646498741
0.0015773252650888026
0.000874170789074924
0.0011302241368866817
0.0010054823293330628
0.0013685663292335448
0.0009542634562649255
0.0012357822984085942
0.0010653646315859078
0.0010900683914769616
0.0008301125249090546
0.0010362269139250202
0.0013921183798402126
7.178024316090159e-05
0.0012502073441282846
0.0012621806755532816
0.0012659341947482972
0.000882510915516832
0.0013655349498549185
0.001176878040041629
0.0010184948210678613
0.0010212540643124157
0.0009159585865745612
0.0011213868875188382
0.0010345990091309432
0.0009821385510804248
0.0010358814105302372
0.001075947735785121
0.0012447513666984378
0.0012931922906318505
0.0010403504848000011
0.0012269045045627536
0.0012144480228926113
0.0009231844958321744
0.0012111935598113632
0.0010446299721706964
0.001184936585673313
0.0014483856336937606
0.001010165652814976
0.0012875008100081686
0.0016989679335210894
0.00013905564384231184
0.001145186796861708
0.001145433932663309
0.0009705198993970043
0.0013960538890387397
0.0010604676087950793
0.0012907499426546565
0.0011943375127430045
0.0012984201453036803
0.0010949750727604624
0.0014192791114737702
0.0009824913856277817
8.116605539498778e-05
0.0012713567386981595
0.0010987062600520403
0.0012699143605914287
0.0012996166872198955
0.0013262269499136892
0.001161928244698629
8.343170433533498e-05
0.0012319433363359167
0.0011308880795013465
0.0011730532780802605
0.0011350396346188063
0.0011309843596336577
0.001416773706978347
0.0012454764971607801
0.0008227489265379972
0.0011364652782503981
0.0009645409409131389
0.0010662250062978273
0.0010232270228698326
6.814651078457246e-05
0.0010603145005916303
0.0013012483437933042
0.001022066191239901
0.001011616778100688
0.0009523819178411941
0.0013433175204227155
0.001158590289634276
0.001031133972560383
0.0010575092430826771
0.0011578225623338767
0.00033202921611064085
0.001425911234719024
0.001147788685671003
8.786687942574645e-05
0.0008455812585168587
0.0009685288237051282
0.00121717140268629
0.0008347914806563494
0.0008631004292283251
0.0011185265785798038
0.0010365205557718582
0.0010147811929073214
8.810404233372537e-05
0.0010025648709870438
0.001217819075236548
0.0010966425440983585
0.0012501686348969088
0.0012021247769098409
0.001043640395323564
0.00133718837514607
9.219663070325623e-05
0.0009919101319155743
0.0012797421100003703
0.0012685631386375462
0.000832043833042917
0.001090931831981834
0.001273815384934096
0.001157028012585215
0.0009841955750289344
0.0011505128754834004
0.0010639244060257624
0.001063821098682638
0.0011706026958790972
0.0010568823372523184
0.0008435742496430976
0.0010599035973086757
0.0012357325181255874
0.0012231871352241797
0.0009883227207865275
0.0011202088921891118
0.0011525337959028548
0.0010607364016550491
0.0009810120002384792
0.0011235069289341482
0.0010548058243102787
0.0011645904680790409
0.0010217614461680569
0.0010253668477844258
0.0012643891956827247
0.0010807962478338595
0.0012103435162771348
0.0013893328552967432
0.0010349484514335927
0.00017019650840666145
7.145537801989121e-05
0.0008185564486211661
0.000937067719632978
0.0010365650612129684
0.0014467892896163903
0.0008103142183699674
0.0011219115506264643
0.0012055951508500584
0.0011189698849420893
0.0008165959177972582
0.001200563311329006
0.000900210648637767
0.0009870046019386791
0.0009614693929620444
0.0011996797609299392
0.0012201698632452462
8.038271926125162e-05
0.0010869784597389298
0.0012326311967854053
0.0008932083866284302
0.0010083063813226545
0.0009986368005456825
0.0010716949861944158
0.0012019440941912762
0.0009846947481264579
0.0012505277006766846
0.0014509432076010853
0.0015322867775466875
0.001342215547538217
0.0015622903847543057
0.0010811158010710642
0.0014072394851609715
0.0006720237454942435
0.000647533434403158
0.0012549876545335792
0.0012569783017966074
0.0012183063406610017
0.0014147453989608039
0.0012180157477814646
0.0011585118501784564
0.0013295160214283896
0.0009943662248588225
0.001317628379524649
0.0010124224581886665
0.0012943520437147527
0.0012918290692596202
0.0010903317038355453
0.0011040320470101506
0.0015011309895953673
0.0014690685118239344
0.001255824734471389
0.0010227378494391814
0.0009023110844736948
0.0014548840983934497
0.001289127181451022
0.0014333725447386314
0.0011050780312871211
0.0011129404500707096
0.0009803919186879284
0.001058783179587408
0.0012528718591511279
0.0014651021936060715
0.0008541996484154879
0.0013046831082874633
0.0011598816143418844
0.0010124905214752289
0.0006885609741402732
0.001276544291386017
0.0011781524272009847
0.0011311665000448556
0.001234739920391803
0.0010726466234700638
0.0015739729306005756
0.0010962122470346003
0.0011172243623889244
0.0010892884045006213
0.0014022698580902215
0.0010400870363014292
0.0011966579037334668
0.0009227486009422137
0.00015721745683094923
0.0013854743535830494
0.001159140809818382
0.0013014839702236713
0.0009461131597845451
0.0010833202155708932
0.001058267302596505
0.0010885232165946945
0.0011420605162015818
0.0009880856468953425
0.0010504911037969578
0.001104295322534199
0.0009177983104109444
0.0009467701049743482
0.0011609077844241256
0.001565050385579525
0.0012534567681541375
0.0011699172014232317
0.0008454768397996304
0.0011419434484878366
0.0012033055752453947
0.00115262234248803
0.0011317376052488726
8.018125370767848e-05
0.0010304495638138178
0.0008801486635547917
0.0008840646103180916
0.0012988338629043028
0.001254586299296534
0.0013761947823240916
0.0014938144099687634
0.0010791600834636483
0.0010810847470565932
0.0010025909239743669
0.0011870298743588137
0.0010579594726323194
0.0010633122271883622
0.0010570495181809747
0.0011369111798558151
0.00110308441117013
0.001205072724474121
0.0009820812902034959
0.0011002204162195994
0.0011173662343253454
0.0010991768436952043
0.0014720713895712834
0.0010612542541821313
0.0011363302295421818
0.0007780974062825408
0.0011080538339456325
0.0011054195698534386
0.0011324232752940588
0.0009969987719387063
0.0017593346290141199
0.0007789923326981807
0.0008250695390188412
0.0010437406795062998
0.0012454603634068917
0.0009570969108381178
0.0009728685684535776
0.0010580605301129253
0.0009560022742789442
0.0010188904397523402
8.445233663678664e-05
0.0010475246439796138
0.0012646750037674792
0.0014671530086616258
8.249288703154889e-05
0.000984754431442525
0.0012124413303808979
0.0008504694982320871
0.0012436335103984675
0.0009037827580868907
0.001298479208230674
0.0010794276872729824
0.0009462984581887213
0.0007388194394479797
0.001136752348202208
0.0012312868160506696
0.001078884873777497
0.0009914434801885363
0.0009893610895232996
0.0008376071982638678
0.0010348354682037098
0.0010357298456256103
0.0011611977128040962
0.0008296784242247668
0.0010175471480806664
0.0009661069443609449
0.0010405366516579306
0.0008723612436369876
0.0011489129742585646
0.00011864786222304247
0.0012055123534082668
0.001348447812915765
0.0009533176171316882
0.0012292298179090722
0.001132305818146051
0.0011336772259369354
0.0013803962974634487
0.0011197064593488903
0.0011306154895009968
0.0009949898752665831
0.0011107686204923084
0.0012308367120112962
0.0011766955133225565
0.001453249236760712
0.0012543117225050082
0.0009556181580592238
0.000969926465501203
0.0012049511351506226
0.0011846973337696909
0.0012599658880958486
0.00139956511247874
0.0011106520777275364
0.001538825417355838
0.001291703487822815
0.0010817891465535467
0.0012662552516076175
0.0008711052121270768
0.0009413534058921869
0.0008789848686774349
0.0008914244610878086
0.0010214800945504976
0.0011336602033225063
0.0011049363163238013
0.000896600701821626
0.0011991246298066471
0.0012134857900036877
0.0009428318323898566
0.001233174676769977
0.0010544211006617843
6.887970261004739e-05
0.001046895936724468
0.0011520351178262445
0.0009847938139273538
0.0009590702351260916
0.0013233402250989457
0.0010515691876662459
0.0009961413950350106
0.0011514886242594002
0.0009021381896445746
0.001064303667931199
0.0008791068756863751
0.0013095895851620298
0.0011619886031439819
0.0009306855375257328
0.0011728304150437907
0.0009002724264064454
0.0008724242584889907
0.00010120568288130016
7.711746161476185e-05
0.0012201910712974495
0.0012130570241879468
8.233401581492217e-05
0.0012414038280894601
0.001080006460142613
0.0008977639844260921
0.000942534310524934
0.0010755879413864022
0.0008355119679208656
0.00010821740625033271
0.001133577730001889
0.0010934518704743823
0.0011040667602628673
0.0009908097616175837
0.0011386910767896552
0.0010095617323031547
0.0009102796489059983
0.0012425596427192431
0.0010063303395781986
0.0013035206541189837
0.0011222510718198464
0.0010019278015533928
0.0012175484539511672
0.0010055139327960205
0.0013301074401965707
0.0011143235049075884
0.0014201916759475353
0.0011364987865363219
0.0012348672951816297
0.0011333251615610607
0.0008718450885680795
0.0013104401749615135
0.0014670406793584334
0.0009329046091579585
0.0011842753478958912
0.0010417161981877143
0.0007406050905842676
0.0012955740199913635
0.0009459126429192111
0.0012418130163496244
0.0010692861163761336
0.0009754271998190234
0.001371294812315682
0.0011518672381498618
0.0009244628535043375
0.0013216654471079892
0.0010473640764985248
0.0013550160912814135
0.0011598884243539942
0.0009503409656872464
0.0009338191573462495
0.0009574935788805305
0.0012575205554412605
0.0013182481268927404
0.0008606881920059095
0.000944023594911414
0.0012204900652932338
0.001020073282006706
0.0011376683738717475
0.001267129138028622
0.0011670766587030812
0.0011373121365068073
0.0010203972298086228
0.001210084349168028
0.0011936058109540681
0.0012905632773936304
0.0011957196385310453
0.000990967591746994
0.000961400897040221
0.0010446565396478036
0.0011271745108274445
0.001119105735597259
0.0007553969222726664
0.0011305469101330345
0.0011317848292264898
0.0009172087302431464
0.0006792685777554652
0.0012069725166838907
0.0012020076796943613
0.0013155545562426596
0.0010758778650483691
0.0014241727252510827
0.0011961654436163371
0.0014286400371474883
0.001069077104830285
0.0014495061925003938
0.0012987936966624147
0.000982982462801374
0.0011097466289129443
0.0011914312228782364
0.001170503845287385
0.0009061302067721044
0.001004668257337471
0.0011538479161572468
0.0011163775974409873
0.0009960724232200846
0.001057041351771204
0.0014388666887725776
0.0012129697505542936
0.0009331505521004146
0.001132551364662504
0.0011861423381560599
0.001190435213516139
0.0008527988512128104
0.0013090459352724793
0.001217776151520411
7.66591929277638e-05
0.0010092602108215942
0.0010015036001504996
0.0009689337750842242
0.0010742428488583755
0.0012019265861908934
0.0011205939988485625
0.0012091244806242685
0.0011082047715262888
0.0013338123619632825
0.0013564079489469805
0.0015676610233867905
0.0010369875165565645
0.0012265251347116646
0.001048901144940828
0.001195293605974257
0.0011771599815801892
0.0013720165146651198
0.0011015625641448423
0.0012768109769467628
0.0012304332690860065
0.0011479705735837342
0.0009123387578711117
0.0002911501669018435
0.0011235147037496063
0.0010437609283826532
0.0010000423339988629
0.0012138667829617589
0.001030783592455009
0.0011466034874274555
0.0009676744962803241
0.0011189073187551912
0.0012153815104056775
0.00106591514372667
0.0008845892377848941
8.197973386359081e-05
0.001227030630786885
0.0008162548476775555
0.0010390813054073078
0.0011654939205527626
0.0010669620856447182
0.000676113057238581
0.001443342285028848
0.0011205402938685438
0.001031290477044422
0.0013995888111821841
0.0008451437585108579
6.042456425348064e-05
0.0010797474637911364
0.000997534196756078
8.41088979086635e-05
0.0010555730360692905
0.0012073407690422755
0.0015183022107976285
0.001292511344331615
0.0010558838187080255
0.001168870935373434
0.0014051128964638337
0.0012167097820565687
0.0012543716168238461
0.001253698330174302
0.0009970401986265642
0.0008933247041227332
0.0012815767244092058
0.0012577204757349136
0.0012546522540333171
0.0015805768100563
0.001023158282919212
0.0010110630048529856
0.0012094938142581668
0.001210670293403382
0.0010174662835424897
0.000982227866870744
0.0010778853750252892
0.00010808562495867591
0.0012283771318379877
0.001372319665847499
0.0009068072104128078
0.0011250176721659955
0.0012161857966930256
0.001198026615611525
0.0011185881819528731
0.0014200313393644137
0.0009248877523759802
0.0009528684499855444
0.0011182351107663635
0.0013276876732106757
0.0011120368610590958
0.0012855305549237528
0.0011154257728094308
0.0011377816024378262
0.001353053668026405
0.0009530866059321852
0.0013732988400079194
0.0011371621920943653
0.0010686231962040438
0.0012524124124411173
0.0010560897546838532
0.0008428265152815584
0.0011268276421105838
0.0009886237486398386
0.0010456565680669883
0.0008854483809273006
0.0010057867264094966
0.0014036883266044242
7.089276812166645e-05
0.0011348169978191436
0.0010242239355875427
0.0009077811025690607
0.0012006040170717824
0.0010554651347547406
0.001359858374257783
0.0011705055940183229
0.0010346064323698556
0.0012254593998477503
0.0008387190504990372
0.0013956309886680174
0.0010852440768758242
0.0011948638989451865
0.0013084593917938037
0.0012056731072789262
0.0011949514552611618
0.000984351928423166
0.0010923565349685305
0.0010661271437584219
0.001135388737111498
0.000975228949528173
0.0013258969789831099
0.00119242059008684
0.0011827686093965895
0.0009404376762631728
8.861865057951945e-05
0.0009350724244541198
0.001295930219271213
0.0011133864916246239
0.0011287576742233796
0.0014797371958366057
0.0012395550730843752
0.0012188393417318366
0.0011927254511192587
0.0011037704629188738
0.0011986423588723483
0.0011124213426683127
0.0012974452661183022
0.0013291838693021418
0.0011903846489076386
0.0009631170461830152
0.0015361685921106982
0.0007152563941872359
0.00010549584408181545
0.001139777550861254
0.0011377126469938048
0.0010394191265277186
0.001146209007856669
0.0010200027015798696
0.0008355674964377613
0.0009976618437121942
0.0011026018755160294
0.0009691212607094712
0.0009827948288148036
0.0011697500520995163
0.0010031256881575246
0.0012420770023027217
0.0014017054738815204
0.0009832232567532628
0.0012036322680160083
0.0014245817619666923
0.0012427374148842318
0.0008349555280346976
0.0009048153049207031
0.001305931639649316
0.0008963419037399945
0.0013787269398335411
0.0009876993647139898
0.0009795025300718407
0.001255710820942113
0.0015084742453268518
0.0013450587638317302
0.0007720650443161503
0.0010736746127122387
0.0014260994641972502
0.0012654809282821589
0.0008692214901202533
0.0013963572880584252
0.0010298855057726541
0.001306638930373083
0.0014503185560670317
0.0011203466832512277
0.0008815157508479388
0.0010816946323757293
0.0009243664128462115
0.0011089169781826058
8.720434425413259e-05
0.0007994386817244958
0.001110418307234795
0.001081055855138402
0.0010113849609751924
0.0010117403778622247
0.001082785908806727
9.191929279950273e-05
0.0008492992380979558
0.0012627701588598939
0.0012339165847379263
0.0010556720426961874
0.0011203712265341892
0.0014945876736192076
0.000967188671211261
0.0012166120762913124
0.0011806075920048897
0.0013781147247300396
0.0009865045586820997
0.0010214153544438886
0.0009723960345127125
0.0009761105402503745
0.0009818705096904523
0.0009899919423332904
0.0010745258780389122
0.0015372017911658986
0.0013785231354859206
0.001122498669928973
0.0012307656641326048
0.0011299114620442197
0.0011300029690346491
0.0011199115896260992
0.001347277455238327
0.000986774634725407
0.001034097863680472
0.0015069671105152338
0.0010530032951692192
0.0010661392503834577
0.001291868728173995
0.0014301464987056534
0.0010655625052322648
0.0013277418027541898
0.0011886346065921316
0.0010848824687172964
0.0010115675866018137
0.0012598638579675026
0.0014069233893678756
0.0011685054666941141
0.001018707776552219
0.0012102712838668594
0.001023893267870335
0.0015726445516293097
0.0010590067759039812
0.0008956348817719118
0.0015100667642968801
0.0012672189544673529
0.00011602977951952198
0.0008609870581040013
0.0009577518441687971
0.0012606590862560552
6.582874812011141e-05
0.0014011230736059588
0.001244324493768545
0.0010794753200116247
0.0011584843165337588
0.0013219167965985434
0.0011160999107460157
0.0009654282864062225
0.0011726036467507583
0.0013890625354520125
0.001233756193755653
0.0013183073742766283
0.0013115248766553123
0.001167676611544266
0.0006762618389757336
0.0008737458555287958
0.0010005157000136933
0.000850691383902813
0.0009707711856208334
0.000845887492687325
0.0011864908710776945
0.0012124313420258659
0.0012684424183362353
0.0011143419063728288
0.0010046777260868112
0.0013482107030995394
0.0009005471705449963
0.0012038135761827107
0.00010421105855584756
0.001383931237910474
0.00029059189341751335
0.0012546003719080545
8.237780252784432e-05
0.0010855181775468736
0.0010167493834387642
0.0011643478641190086
0.0009246274633483154
0.0017011223592362512
0.0012575211387684249
0.0011759783989759853
0.0009832626234356212
0.0001106580053109596
0.0011384267819494198
0.0012050245935597559
0.001241966636939651
0.0012635992595733114
0.0009020743780183693
0.0011094823541952792
9.12406882207506e-05
0.0008932012613911411
0.0011581306569041772
0.001063076909076699
0.001344263138776114
0.0009104879034111946
0.001403693858378574
0.0011075505858570978
0.0010044990160622547
0.0012174453225952675
0.000992991881389571
0.0009838630707008633
0.0010106957560083174
0.001195993987039401
0.0011148480654128434
0.0014157535546246436
0.0011220282538033644
0.0009637642423285797
0.0012354623902410822
6.960075415918254e-05
0.0010239406083201175
0.0010764249889234634
0.0010249026959172625
0.0009052711370713951
0.0013299678939802106
0.001419001257772834
0.0012689463695778613
0.0012627273896441693
0.0011031088448589799
0.0011341337057046985
0.000781802704295842
0.0013132611076116518
0.0010784335671019107
0.0010006645539988313
0.0013157144013575817
0.001228232210621627
0.001207153055361232
0.0012321353594870743
0.0012396607820619465
0.0010148994808787393
0.0013120054252340196
7.058520782265987e-05
0.001083499615049277
0.0010094681017562834
0.0010039183969183796
0.0012207333136871057
0.001051466918056576
0.0009985563328882563
8.501100762714486e-05
0.0013055178616241392
0.001175717354385597
0.0015382566219841465
0.0010603491315350766
0.001266078813614513
0.001168947342989668
0.001055638940897552
0.0010824816557715167
0.0011614299363600367
0.0009900923375880666
0.0008971079855655262
0.001030168909665008
0.0011208133537365939
0.0012653430227373974
0.001376790711844933
9.06308303001424e-05
0.0011447144120211306
0.0011848377366732166
0.0014612209581628122
0.0007872365753200938
0.0011798032369370048
0.0009351453907129326
0.0012378786833551203
0.0011563609004952013
0.0012033192140279425
0.0010805653066654486
0.0013085122005804806
8.597665555498679e-05
0.0001117428112138441
0.0009799423859249146
0.0012523256419854079
0.0011101992514568337
0.000928352564301349
0.0011760352101646276
0.0010306603911658385
0.0014006215799327038
0.0011327100572771087
0.0009885328136078897
0.0009306762253800116
0.0009542290540593967
0.0011353702041105862
0.0010518003747392868
0.0010486770595434791
0.0009892775966591216
0.001266129647433445
0.001118789316137736
0.001126047534967256
7.065527533001159e-05
0.001114684328626936
0.0010999186888511758
0.0009352330130241171
0.000816098333757509
0.0010178452988327535
0.0009808943389089109
0.0009600005511174459
0.0012674943579895626
0.0008949981391879192
0.0007363960309021422
0.001103112714645249
0.00019317067039992253
0.0010853702450503988
0.0009268232460044601
0.0011079668081492855
0.0011324137800556855
0.0010655588774852731
0.0008483037747737399
0.0007641469105692522
0.001018685043163714
0.0011090926341239538
0.0013690115824829263
0.0015660324600048625
0.0012507791591360728
0.0011107909908787406
0.0009485488841960432
0.0013957944782987397
0.0009652588703374931
0.000848921337876618
0.0010942779945253278
0.0012763072471670966
0.0010911809133631323
0.0012848684492041684
0.0011231224884795665
0.0001318806915406867
0.0009966421727085617
0.0016767597871876205
0.001032375569479882
0.0010143702027107793
0.0011634324217766334
0.0010565205363946006
0.0011808584231403074
0.0011075103755047166
0.0011230351589119891
0.0012945670066528692
0.0009705027152904222
0.0012427000344246153
0.0013666235453229092
0.0013367200002676327
0.0012308758698509337
0.0011719221222392662
0.0011575986948173522
0.001271849176532669
0.001264548002382071
0.0009468958340335121
0.0010689794546578923
0.000930955464014005
0.001098534393349837
0.0010909829989032005
0.0011391655057195749
0.0013092049430838415
0.0009920463934349755
0.001452306609508014
0.001256112882515481
0.001383649020908706
0.00108505897253508
0.0001060766861655793
0.0013210639748422182
0.0010883106306778245
0.0012625984838905424
0.0009461157106898099
0.0009695192900380789
0.0009645688525097285
0.0010594895704798546
0.0010390094458614385
0.001124351572229898
0.0009709540552194085
6.707834700137028e-05
0.001091042357643346
0.0009577883250813102
0.0011149655643976075
0.0009332876455800942
0.0010352397683845993
0.000933722525360281
0.0012094933786102047
0.0010602899735658866
0.0007733867607839784
0.0009073867687448001
0.0016351798622054048
0.0008418725144565542
0.0011313749453165656
0.0010079433868668275
0.00018596644554236264
0.0009569114367877773
0.001137308673037296
0.001214221105328761
0.0010858608080752674
0.001313992097038863
0.001050577308433276
0.0010400139108242001
0.0011079251551109337
0.00010298492935767456
0.0012782974193896735
0.0010416061370506213
0.001165239424722131
0.000974825648654587
0.0010696165649051181
0.0013308218686916007
0.0014361709409058676
0.0009155788380894592
0.0011522965877475144
0.0009185184326270246
0.0009928885764338702
0.0012391829163789225
0.0011934764979741885
0.00011897238550773181
0.0011694010261180665
0.0012164045766667186
0.000945115148624609
0.0011102207703288514
0.0007900222606167517
0.0010868669398291786
0.0009412625054210366
0.0013787205559765425
0.0010699817460135819
0.0011516767624470958
0.0008961404295177999
6.994196451159951e-05
0.001268839672775357
0.001019242322286118
0.0010357761276509336
0.0013100188955377234
0.0012465010374853591
0.0011653878041215648
0.0009010440409724652
0.0009984065118260332
0.0008648523578358436
0.0013787692575419896
0.0009965178708171152
0.0014304461890333187
0.0010296820239545923
0.00114964632803094
0.0009561569067955134
0.0012162932590626951
0.0010425460299074985
0.0012490774358866474
0.000957180358682308
0.0012252079388872517
0.0010624375083807536
0.0012168348969225917
0.001081098340165454
0.0008092591516515313
0.0008549668036721414
0.0008877527608319724
0.001099982931464183
0.0012644253529288108
0.0009588856050868344
0.0014066877516540899
0.0009903353238769341
0.0014773983368741028
0.0009812563116611273
0.0008970785526116742
0.0009968119574637058
0.0008414129786160629
9.109453616140684e-05
0.0012060943288929593
0.0010188815698484177
0.0012975011832168093
0.0010195500170766536
0.0010759672908307039
0.0010501365213713143
0.0012135507240600418
0.0016004482234848183
8.404837734588e-05
0.001096932388179539
0.0012469767330003378
0.0008988359105615018
0.0010055705257627778
0.0010866739338553089
0.0011986992140009534
0.0014780251474633133
0.0009333070285606482
0.001058382571727634
0.001076728174894015
0.0010433722297875647
0.0010194103676894883
0.001335273847416829
0.0013004156332954153
0.0011957407809859433
0.001225178595404941
0.0012560671176515825
0.0009965272888621257
0.0008144718942730833
0.0010142977896521188
0.0011447733036220598
0.001266694593482498
0.0011086554679877736
0.0012656324806243902
0.001351806770969688
0.0013963199349973365
0.0012306148871630285
0.0010199177584127028
0.0010983112020994668
0.0008879500901457504
0.0011233131423296072
0.0011497332208136868
0.0010740831740463364
0.000981568206952943
0.0011071487706431071
0.0012430792301643123
0.001354156993329525
0.0010576839075611133
0.0013860106199672373
0.00013042086165881983
0.0012238876117862674
0.0010616490417305613
0.0009563323894781206
0.0010773421355452228
0.0011052046274926397
0.0013448226796981544
0.0009173783740834551
0.001260050849396066
0.0010014582952635465
0.0010491827919736352
0.0012957871813341626
0.000909611121414855
0.0008228212012681979
0.0007689943665241117
0.001150653371610133
0.0012284990174293853
0.0012202367581721774
0.0009813668344804682
0.0002391656582858559
0.0011630566056055613
0.0009475566862420237
0.0010548980960720655
0.0009245792673482356
0.0011156361224493594
0.0010358786510096252
0.001405588099146371
0.0010047142612279458
0.0010376473287578847
0.0009366769323833068
0.001024951478029834
0.0013221724894947329
0.0012811470628548705
0.001086281828634128
0.001010408396496132
0.0011769278719953036
0.0011350798558282804
0.00128821200269158
0.001218053777733985
0.0014845492379720326
0.0011062433161441731
0.0010656590827693435
0.0012684411317422928
0.0010223669266906654
0.0012762214412305184
0.0014949465498261816
0.0011177396364701053
0.0009944424279524355
0.0010837384504611691
0.0012007219322640594
0.001243908404717331
0.0013163075614102127
0.001175303046238696
0.001340847931942335
0.0012362140373625152
0.001128685960452458
7.814819923623872e-05
0.0009640272385240678
0.0010309893550584093
9.425663921547311e-05
0.0010844074648730384
0.0011580864352254139
0.0010391255070771876
0.0012883419939271334
0.001241171252672757
0.000919210970266704
0.0010314238914475027
0.0010125534001872438
0.0011524452625053527
0.0013159640968751773
0.0008387757818582031
0.001394785478396443
0.0014274776610818662
0.0009092761581541708
0.0017265842792539843
0.0012081920465334406
0.0012440555645980567
0.0009639108026249232
0.0011940255635636277
0.0012866284296251251
0.0011047155835512967
0.0010947354471682047
0.0012030458456138149
0.0009856807672576906
0.0010268063377338876
0.0009463836317706864
0.00087045369772909
0.0014787421927167088
0.001062519222159608
0.0012877371863169174
0.0010659290028343094
0.0011628577686337849
0.0012731561608916309
0.0012998010622595757
0.00107062373831468
0.0013738088923673786
0.0013441171288377518
0.0009656876259214187
0.001021131051231805
0.0009947497375151215
0.0009720143566482875
7.213371145553538e-05
0.0012794514045708638
0.0008593954366915568
0.0011998550735370372
0.0014704447139592958
0.0017416774605862884
0.0014124916915534413
0.0013313829233538854
0.001201716740865777
0.0015784274160637324
0.0011732793946066522
0.0013613465746402653
0.0011130749109042881
0.0012162491859726288
5.9239075445499233e-05
0.0012471835277665377
0.0011416625038691564
0.0014460714048709633
0.001042734531665701
0.0011924005793844117
0.0008360549322787847
0.0013240293636727074
0.0010440299091669658
0.0011150741365781869
0.0009069929761267304
0.0012387779827349732
0.0014305637319012021
0.0011471564637304255
0.0013991941016229248
0.0010627031233525486
0.0008861370588419959
0.001118330077815699
0.0009583141932694161
0.001393769557239466
0.0014767485808988567
0.0010945283147520968
0.0013866070580661471
0.0009508920570624468
0.000984029766527783
0.001111230453460621
0.001059830574206444
0.0012892181420056659
9.934302943293005e-05
0.0009688466629143022
0.0012404380140651483
0.0011599948965113072
0.0010839874280463846
0.0010593931267521839
0.0011514692556602313
8.835803789208896e-05
0.0012878426817906075
0.0012572760300031405
0.001167394219464768
0.001192568177884823
0.0010490348618077405
0.0013653077778599254
0.0010973930498039408
0.0010920216161593999
0.001392862049328869
0.0014785151988689904
0.0008771799469968755
0.0012492404015347347
0.0014764566835765436
0.0009220208249871575
0.001110870758566307
0.0012580509747976976
0.0010425543432575068
0.0010379020492621294
0.0011664984240269405
0.0014047854256205028
0.001021823642417985
0.0010713424868527
0.001073830503003137
0.0011068972656858023
0.0014083623291298863
0.0014211076660330946
0.0011385056975541374
0.0012682785381912254
0.001052137833312372
0.0010669001367205055
0.001061394303974339
0.0012962659991444525
0.0010729176934773932
0.0012005212051917624
0.0010989985207743302
0.0015243802974964638
0.00012004929249087581
0.0010504058862466081
0.0009990198734612932
0.0010411346881937789
0.0014627738516992395
0.0010161468060232437
0.0010292707174812676
0.0011402223784102716
0.0010141984341771604
0.0014400157092495647
0.0013441244200294022
0.0010876662245209445
0.0012042611518836566
0.001358123822910784
0.0008453164666661905
0.0012284536609286079
0.0016696116834964414
0.0011013832429398462
0.0010908981082593527
0.0011186859408098826
0.00012373943854981917
0.0010652286609911243
0.0009412994672857167
0.0010814732263497717
0.0011109675976967992
0.0013805081375721784
0.001406754956065015
0.0011467362462553865
0.000820331595832613
0.0013110327327012783
0.0016951881349314135
0.0011184773816239613
0.0011463052671274454
0.001176678909473594
0.0009938118861327894
0.0010891102871255498
0.0018759321517336502
0.00131014445355504
0.0013808361394467283
0.0011029546571990068
0.0012438295303809355
0.0010168314104248566
0.0011580338502881204
0.0008815801077162178
0.0012767912234039613
0.0011296874922663847
0.0011117244405340898
0.0009890119999909075
0.0013305402933383448
0.001251732162359076
0.001509382126755554
0.0010523201676733152
0.0009713897394476589
0.0009977371526019851
0.001290895782062762
0.001010525686751862
0.0016483171948493691
0.0012569492011493821
0.0011948115544555549
0.0013197485413911636
0.0009691835404055382
0.001190882869991583
0.0011204960997019953
0.0011071634964991972
0.0013838338182949883
0.0010888780662980935
0.0010958764733572934
0.0010800401214510202
0.0013054765609012975
0.0012391714426485123
0.0013957881553778861
0.001298997906474142
0.001530739471832021
0.0013158111260054284
0.0014293191658225624
0.0010689773171179695
0.001419553397454365
0.0008749334499498218
0.0014385354136834394
0.0013526108137398296
0.0008996129031402234
0.0011182394321167521
0.0011074982166974223
0.0012796827438705805
0.001398222673856253
0.0013093524366922793
8.019006941140105e-05
0.0011152367612794478
0.0013820515064253414
0.0015982421246008016
0.0009419330647233437
0.00100421756110336
0.0010129361520512248
0.0009596985781854528
0.0012354830197409683
0.0009763271657448058
0.001324159145269732
0.0009688177806310705
0.0012422445668107684
0.0013894667072236189
0.0011426988908169733
0.0009829058603827434
0.0011806085315129167
0.001450134382480428
0.0012420766182685838
0.001082764244529244
0.0011340926530465367
0.0012341325106035583
0.0008855986611706612
0.0009263434210424748
0.0011200037180287836
0.001035026338172429
0.001139654347753094
0.001080125159887757
0.0013475416391202089
0.0013409085525495357
0.0010419738665632394
0.0015041441314451731
0.0009261785505714215
0.0013628437877741817
0.0014419232602449483
0.0011974615179042303
0.0009182577937281167
0.0010881254627292947
0.000991067657878375
0.001085906913431245
0.001011842225352666
0.0011643015932349954
0.0010573568666814026
0.0011052258302015616
0.0009312922974231697
0.001639976016718947
0.0012439068549383592
0.0010420682193625908
0.001650850721034658
0.0011329896495908542
0.0010307527420536644
0.001532807595367558
0.0010445498355693417
0.0010851395618374227
0.0011371597408924572
0.0011701478568966195
0.001080045678577335
0.0007799629360079052
0.001181774830854465
0.001303431174051184
0.0013168760470989582
0.0014008223114387874
0.0012789336689138509
0.0014162768641767798
0.0012429370732434109
0.001029282984575275
0.0010857535903596727
0.0011419008611710524
0.0014147308356768917
0.0009675551355599055
0.0012243250540677764
0.0012345660688879434
0.0005313545482295012
0.0013088106420582335
0.0011491437793438308
0.0010299354002540895
0.001181604288831295
0.0010387586057731824
0.0011163403767113778
0.0010079308700596812
0.001089782091980851
0.0010323277351744764
0.0010304909602041334
0.001350061791868029
0.0009640617487320924
0.0015886695038034304
0.001644272277417258
0.0012660620184306026
0.0011660596996989625
0.0011889263103057601
0.0012546587311135227
0.0011260259885830237
5.8529388979877695e-05
0.001236388245388298
0.0012837829578984383
0.001196015499033365
0.001398561714609059
0.0013718203570078913
0.0011955138380699282
0.0012744977276497593
0.0010678473741450034
0.0010129467568162909
0.0014260852551615244
0.0008847519959545025
0.0009599542196383481
0.0015184374610726081
0.0010659111608219973
0.001547185552396968
0.0009573145707690855
0.001276980151033058
0.001085080477878364
0.0012680265374456212
0.0012018321838240809
9.534962600810104e-05
0.001325689439454436
0.0012707163616596517
0.0010762693343622232
0.0011389197866265022
0.001021125552142621
0.0014963116583430747
0.0013850644659214595
0.0012258025815867768
0.001084215894479712
0.000841705629113676
0.0010658304070148006
0.001106398776983042
0.0011016040119216086
0.0013840943324794353
0.00010543755538350297
6.626373059503976e-05
0.0014054960972771369
0.0014142376961672198
7.005151292105438e-05
0.0011417351058184977
0.001189406646972202
0.0014283684784004436
0.000882298863473352
0.001221818779640671
0.0013321084611561673
0.0007725228500703452
0.001431115436048458
0.0009571856695629322
0.001040509281665436
6.8957773692091e-05
0.0014278385228863044
0.0010044961214816794
0.00137729132950426
0.0010738223033968097
0.0009879172871478659
0.0012721686225631856
0.0015867979781205577
0.0009758955213783338
0.001252290492402608
0.0011539736062786687
0.0012377014837170464
0.0011650571665313691
0.0010065824201319629
0.0011070114069298143
0.0012266267112863716
0.0010337532988842213
0.00010770741323540278
0.0011830850289697992
0.0012219051134252368
0.0012537830629639757
0.0010192365298280492
0.00100678314288416
0.00010932914960903872
0.0010566417729478417
0.0015701427784051702
0.0008864019829957215
0.0010054256164266917
0.0015284593347359987
0.0014149117675970047
0.0011521610383624648
0.0008068579531936848
0.0010621675272659559
0.0016108073480154417
0.0015584524063569916
0.0013706110975135744
0.0010516643017126626
0.001097653497652118
0.0010813763718715563
0.0010148027861305309
0.0014792062175956744
0.0014398249635974025
0.0011228009340129574
0.0010502067979700769
0.001186492308988818
0.001603889574198547
0.0009974169462338978
0.0010275527915837301
0.0012722712868367125
0.0010118301098600568
0.0010961342891278036
8.19040870965182e-05
0.0011945362402911996
0.0011404988013055117
0.001251160791298389
0.001381602077003663
0.0011143543835032688
0.0012393755581570076
0.0009560776591115427
0.0011263267392678245
0.0011645565919025103
0.0011454094700411588
0.0012438357096016261
0.0010901881416884862
0.0011890026487435534
0.00010000883480643097
0.0008944500273742051
0.0011221301167552156
0.000455356829320408
0.0010806975546984177
0.001037832848396647
0.001098811685039891
0.001171988842600058
0.0012580631156424715
0.0013196545575056007
0.0012511053994330723
0.0009539448589066524
0.0016330231616166202
0.0011744745123536404
0.0011281591963552273
0.0012742435648078754
0.0012106597371257521
0.0011205950994508385
0.0009031479499981288
0.0011241461473900927
0.001136564537432605
0.000927859480952975
0.0009810907065457286
0.001287541322881225
0.0008988098879569861
0.001524185076732465
0.0013324229810223187
0.0009867229372275688
0.0012415763450235318
0.001150480578189672
0.0013583961190306582
0.001392755280221536
0.001241671887441953
0.0009660629083327876
0.0015260926501241556
0.0012207774927333048
0.0014387090985792383
0.0011241163840622903
0.0014135593168020932
0.0013349572093304118
0.0012995497227166197
0.0015958230510477733
0.001104036370236372
0.0013303948265956933
0.0012769883990131348
0.0009068104066045635
0.0011432132241679938
0.0015025721763777256
0.0010783658037780697
0.0011649534327489164
9.543425107949588e-05
0.0014326004944678061
0.0014639527028066368
0.00012577643678923778
0.0011119436144326755
0.0014596373150652653
0.0013570598025580694
0.0012284949107197463
0.0011855352769316596
0.0010707532679816723
0.0011137253216020326
0.0010210861427140117
0.0013842800252632514
0.0010695627755694659
0.001148150572760187
0.0011241123403351594
0.001440377937001358
0.001002419893836759
0.001095630278769022
0.0010983599765950203
0.0012614943750577368
8.22652518763789e-05
0.0010591505395609602
0.0009116422080523989
0.0014763121744181262
0.0010714651045873325
0.001103263748518657
0.0013820853444030945
0.0010349958742494891
0.001406760898646553
0.0014696731246885975
0.0013123000985046929
0.0014053482924509808
0.0011102837937642107
0.0011996468197708055
0.0009578444007729559
0.0013767138345883723
0.0011508109653277643
0.00105191085253864
0.0013393952191336211
0.0010946075183255743
0.0013646253075876302
0.0012188213164563422
5.299570595529435e-05
0.0015262352783338429
0.0010413886175228981
0.0015086849134604563
0.001320582729420039
0.001188262910773119
0.0012695097184973747
0.000908192695874277
0.00101384664071702
0.0012615105302984375
0.00103799992518816
0.001195499068899153
0.001237348708400532
0.0010443689395742695
0.0012042527953326498
0.0011905661683613289
0.0010974078205663318
0.0012186804184466382
0.00012339641921244038
0.001215030893945368
0.0009279507544306398
0.0013749827607512088
0.001016802340814138
0.001464456345047438
0.0007739426382613601
0.0015097844809588423
0.001238883314499617
0.0012384748137037604
0.0011515476570593819
0.0009907553624088905
0.0010829383820691874
0.0011013466996701027
0.0012202802041656469
0.0015164223623287398
0.00127554340633651
0.0012373281843736095
0.001189345573038736
0.001486520286675841
0.0013751222461451107
0.001206495938504304
0.0011709468142271362
0.0010179196279977987
0.0012895245581603376
0.0012975450048315906
0.0008330737891810713
0.0013628248055965742
0.0012380755675849286
0.0015063945713791327
8.206303618862876e-05
0.00043362775556943234
0.0011910717657883652
0.0011162411540226458
0.0011134438611861697
0.0011977733880712549
8.109722239169059e-05
0.0010273444842141544
0.0014175813246311009
0.0009263036920401646
0.0011872307562725837
8.804019080344005e-05
0.0009064188843694865
0.0008918262782344755
0.0008950140017986996
0.00010579426748336118
0.001375764021076975
0.0013501552396064653
0.001199663902980319
0.0011756756241538824
0.0009520531183397907
0.0014828775352384582
0.0012516613062416582
0.0009930298546123595
0.0010821171907764437
0.0011637699496986897
0.0013449888307377478
0.0011354780979218049
0.0010134444955838262
0.0009228353586649973
0.0011267006352682074
0.001391909172070882
0.00131620063302762
6.689818974336958e-05
0.0010761988968397418
0.0013943638236924016
0.0012762432185127182
9.70983990100649e-05
0.0010440984459592073
0.0010764853545879305
0.0010955879157563686
0.0011120733831830876
0.0009325848593562114
0.0012365246536774066
0.0011244287732097291
0.0014644132324974635
0.00090722526783793
0.0013782021003407863
0.0010107612339425032
0.0010806015420143922
0.0010526338112413214
0.000999728580154624
0.0012012618815333553
0.0014894350448457772
0.001006640747164056
0.0013310457006809884
0.00121035622510135
0.001306096357154729
0.0011713371145560814
0.0010718069117956475
0.0012369036828658864
0.0013272858542450194
0.0009216721404072814
0.0009884839303140325
0.001133264944428447
0.0012387417459649441
8.642128727842646e-05
0.0012404997606836332
0.0011443783970435106
0.0011543608875399514
0.0009958398620710796
0.001238467499433682
0.0009249304508784917
0.001083991970290299
7.503407744025026e-05
0.0010156202520192892
0.0011644987164345366
0.0013815494346545165
0.0010528948882893019
0.0013598676052879455
0.0011314939708881866
0.0014115505186964583
0.0011010094995071995
0.0012100175805471736
0.001423210600364655
0.0012323852135978086
0.0013645416725012183
0.001259352366105304
0.0018216968045408066
0.0013453478250653461
0.0016134757427721524
0.0011093567702005203
0.0009428878954622633
0.0012940176409301785
0.0012322656340302274
0.0011673990486542607
0.0010270375219079142
0.0002233883046756091
0.0014708161218095483
0.0011690686835663655
0.0012730068663131533
0.0011736730546090257
0.0014039659213267441
0.0011348299758537905
0.0012931031328662357
0.001452706076179311
0.0013530186432717528
0.001190332331702848
0.0014947203604833703
0.0015588830503929785
0.0012645138530160693
0.0013070870286355785
0.0001416521986357111
0.0012568466572702164
0.0012352456627695574
0.00134209330349222
0.0011531978561833967
0.0012436102756510081
0.0012025530381549743
0.0010520015281372253
0.0013207820453544628
0.0014083511874787291
0.001382979515256011
0.0012173333609553083
0.0011904505136044463
0.0011618850271588599
0.0008909219336601382
0.0010158979668517532
0.0012409258746401974
0.0014131338280094496
0.001245388585573437
0.0017282039812016592
0.0011977035678683023
0.0012210959963567802
0.001070551258408159
0.0012745905300164395
0.0011505860758518338
0.001158546656370163
7.534652779384032e-05
0.0014329869381981553
0.0013276230483825202
0.0010210628728373194
0.0014789075756880266
0.0010317457035853295
0.0011760322793179512
0.0012019742522397792
0.001160529156550183
7.578359691251535e-05
0.0018862938555912478
0.0010817479164870747
0.001501304277496729
0.0008688374148277944
0.0010291234477790567
0.0011592439147989353
0.0010222556065855315
0.0011838425435257705
0.00117729745466022
0.0012323499586273101
0.000894573924568931
0.0010365017300273394
0.001365847757767824
0.0010625825650549814
0.0013454045698608752
0.0013929972221831122
0.001193151249026414
0.0007917229793861225
0.0009671669824911078
0.0012149734693593928
0.00106143826940297
0.0012054510726784429
7.405349924738402e-05
0.001144012022109564
0.001114077830379756
0.001399042857542554
0.001196422821408305
0.0009910339661018952
0.001181424917035656
0.0010137133374996665
0.0013514425880316594
0.0009241587653150418
0.0010716875267462456
0.001534928369096633
0.0012986457977604005
0.0011968660351158178
0.0014867921390759875
0.0011279415570015772
0.0012748863488241113
0.0009483674374450857
0.0012495278651272201
0.001401133439685509
0.0012945120305971614
0.0014520033480494021
0.001389455234630077
0.0011103012722060157
0.0011574282434594352
0.001091076941747815
0.0008725133786811057
0.0010671868519693817
9.004051571537275e-05
0.0009000058373658248
0.000961892018153776
0.0011362003241970342
0.001095684628410254
0.001339034159741459
0.0013164318058898061
0.0011657851123345608
7.49857685917732e-05
0.0012131740980976247
0.0012380088219288155
0.0012757067458437632
0.0010708282027280802
0.001151515845663198
0.0009032940386077826
0.0011280637922936876
0.0011301761581421488
0.001119356364711166
0.0010612895905524056
0.001290560185452705
0.0012612812226961978
0.0012135775148180983
0.0014856774621989643
0.0011183695506815639
0.001638053057831712
0.0013018202289458713
0.0010248582972280929
0.001451922275691686
0.0008747212547177696
0.0011341331614858063
0.0011551605032309453
0.0011071315955177852
0.0010448160933265171
0.0012058160575634247
0.0015806653153731531
0.0014647885193426191
0.0017474875912739662
0.001284269752545697
0.0012525070743549804
0.0014713266325543373
0.0011892254241843148
0.001146645472090313
0.0012085883405461573
0.0011888025996995566
0.001327763620679434
0.0010998607403962524
0.0013552608675126976
0.0010775565411904608
0.0011304775644020992
0.0013935819003449978
0.0012137427858078809
0.0009464400444585408
0.0010373507741405774
0.0011102430512437422
0.0011276570510290185
0.0011203381350242125
0.0012622386300336075
0.000986320231731952
0.0010811100307819288
0.0012940038209308113
0.0013730940181631013
0.00011767359740133543
0.0012811990139880436
0.001392572697795913
0.0011402744748920668
0.0012678486746153794
0.0014088538048326882
0.0016704105134976999
0.0011754025169921078
0.0013246067368299919
0.001141544940651329
0.0011449051478393812
0.0011177608871548728
0.0009011027929091142
0.0010434015285909481
0.001159368835544683
0.0010356548960999135
0.0008745106210881204
0.00040780067411105847
0.0010318349997078258
0.0015230051315029414
0.0013191198351023559
0.0010646511582308449
0.0012261688106036672
0.0011087742328754757
0.001537886938876909
0.001468378473532539
0.0010736335798355867
0.0013004327723820097
0.0014552490218875391
0.0010913202841038583
0.0001106754966713197
0.0011934855527897525
0.0015174805354263299
0.0007594945282107801
0.0014007392828716547
0.0012917893159283267
0.001091698406071373
0.0010631499422970592
0.0012236770908202743
6.5752303271438e-05
0.0012122755940708885
0.0011114558283225051
0.00116488516073332
0.0011934587862469925
0.0011809707863221774
0.001271142670361769
0.0011987630174417063
0.0011525187584311425
0.0012534336313478889
0.001044966803533498
0.0010563699137833282
0.0010148626163299923
0.0012057452443059447
0.0012065376820373785
0.0013340099104652836
0.0013885682227510188
0.0009653277869574595
0.0001797184875158564
0.0009645283483905587
0.0010864290361496387
0.0010174819228723209
0.001179950420237219
0.0012260614105343848
7.144036781880914e-05
0.0002023073571990608
0.0010777565000807954
0.001262312822518652
0.0012693642124759208
0.0010055019683932187
0.0013251466447172788
0.0010907678772582585
0.0008121743508127111
0.001207079304947456
7.360816971413442e-05
0.001022754433620321
0.0011284259753097103
0.0010245147949490274
0.0012754387933000544
0.0016078691232337405
0.0010691642841038629
0.0010837209007377169
0.001102531766150605
0.000972358319131672
0.001131577412365914
7.271217850757239e-05
0.001122807956789984
0.0009656948948304489
0.0014504077112178493
0.0013258403803320107
0.0011232932136522322
0.001412403318795441
0.0009165330344558242
0.0011218389992109223
0.001520850760812209
0.0011625006835629392
0.001473027933911908
0.0010414321609459876
0.001183165564839328
0.001177487352379103
0.0010793949111302936
0.0009746470509526262
0.0001335788384864145
0.0013016374133485442
0.001087272104996373
0.00010561533159147984
0.0011616993525080943
0.0009892706681284835
0.0012970317071676618
0.0010975970285471703
0.0012594849312108636
0.0009492833910371701
0.000733127730313754
0.0014928218424756778
0.000993444200275917
0.001561207424742861
0.0012778119316863013
8.196627067036388e-05
0.0012143689901904509
0.001596498593812612
0.0009927067319495109
0.0010259640766321354
0.001127687323560167
0.0012926504825827578
0.0008731595949029725
0.0013093345004335788
0.0012175697795555607
0.0009583087430655723
0.0013399712695445487
0.0012244304908790582
0.001624414780224015
0.0012321234166847717
0.0012985684159048105
0.001234443001294494
0.0009705500151540036
0.0010414558273623697
0.0011894994841554762
0.0012803746665781546
0.00108106038214828
0.0016095917158054363
0.0012607953518681825
0.0010432374115225684
0.0013436150790084866
0.0011870759392991204
0.0014577560506268128
0.001029536038004153
0.0011866216809721664
0.001203165098104364
0.001193918113131076
0.0009700264097318723
0.0015984801962076745
0.0010116954148315926
0.0013266154032862687
0.0010283663797281406
0.0011412091109832545
0.001379462336785764
0.0015021895102336202
0.0013675181274948045
0.00010935753277863114
0.0012164998615844524
0.0012542909719854833
0.000974271663608306
0.0012061727675245493
0.0009192013786787356
0.001133201004449802
0.0010923959058573018
0.001048829993351319
0.0009335610429843655
0.0009008750774910368
0.00018771130584127604
0.0010330864693059993
0.0011930923254794834
0.0013889912101490154
0.0010880442753204989
0.0014014757462064154
0.0010614180855554878
0.0010457834834483037
0.0010241292961836734
0.0013142222383066837
0.00111553092426675
0.0011921140178401401
0.00126451509186154
0.0010984597927290451
0.001278624455494537
0.0012267493216313596
9.400373733114975e-05
0.0014785164977411114
0.001255605628102785
0.0013156241864180629
0.001497037484455177
0.0010894110555454972
0.0009572877731329754
0.0011633334142970853
0.001121673491184083
0.001280679008232255
0.0011459833407343467
0.0010753311282769573
0.0011010039124812465
0.001138725845294175
0.001163171696362042
0.0011890637757687728
9.124483293021513e-05
0.0012622020021808567
0.0009112232594361558
0.0012583790827420671
0.0011582472005784439
0.001356951654202021
0.001005399786979666
0.0014032074670922157
0.0012677219393708583
0.0011446473496334875
0.0015087586198205827
0.0010136551818504813
0.001134523601535875
0.0009695823625861522
0.001540824988978784
0.0014698984582537378
0.0012825611190692143
0.0010338103852518543
0.0014339539760612752
0.001188449869687247
0.001427487067360289
0.0011302039117708773
0.0012672429997451218
0.0013616858590239644
0.0011680237801101612
0.0009634348939471238
0.0013878138963150377
0.0008753812945769823
0.0011744299334850439
0.0010835516109182208
0.0014831741789294028
0.001158007913545589
0.0009660924276317928
0.0010754904864711534
0.0015434061875794214
0.0014597782075043142
0.0010508770315027505
0.0009899007829972106
0.0010250055075857745
0.0013080588651064318
0.0009633123988805892
0.001119310934996065
0.0011142783172886084
0.0012877897092948842
0.0011833055400529702
0.0010416573564953069
0.0001887788330350304
0.0010066547387168612
0.0012749032622991763
0.00119915817515448
0.0011309695546515286
0.0012044287417438682
0.0012303400185373903
0.0013128859704920615
0.0013115984813794057
0.0013502072747542115
0.0011712701351598298
0.0015488519998143602
0.0013040390346077402
0.0011853530488679098
0.0012408904176481883
0.0011200383272580439
0.001144104090599285
0.0013493482192075135
0.0011521076927465401
0.0012336213160324405
0.0009784129448462409
0.001370068902474486
0.001253781622040151
0.0012293418030822068
0.0009821840325230369
0.001364140468581354
0.0007901154610863159
0.0011512450904547222
0.0014941290446586208
0.0009721817827994528
0.0015091831143081436
0.0014307288143982078
0.00104280627465414
0.0010793139069846802
0.0010212853263737998
0.0011021200591585512
0.0014138120625943884
0.0009477433861775353
0.0010120046246129277
0.0011584263541521977
0.0014304609920827716
0.0012692255210140502
0.000927762235278351
0.001118723354920803
0.0012629975046820618
0.001035791780452655
8.404218044688605e-05
0.001194878632986729
0.001251202776302307
0.0001257497547157982
0.0011999824994290975
0.0009357460864976019
0.0012666785914916545
0.0009179261049041543
0.00106346941981883
0.001309473598837485
0.0011312001460055399
0.0012109253518701735
0.0014564817869313629
0.0011170106070039765
0.0012056544740062236
0.0010723203438374185
9.536888592265313e-05
0.00110461413117946
0.0015730715654171945
0.0010108181527357374
0.0008675057936216035
0.0013611245153128948
0.0006151563877665467
9.979378206992351e-05
0.0011945373282742366
0.0007945242510913886
0.0010911841084180196
0.0013643887126590926
0.001288969420045305
0.0008133433788088951
0.0009447214957845063
0.0011491491793549358
0.0010745957083599933
0.0011549381149507099
8.306892656828602e-05
0.001364251535051153
0.0012654229014970042
0.0008162918082916804
0.0012853232850034146
0.0014172160128964606
0.001348780551325035
0.0011739310475604725
0.0012465178810998623
0.0010805279353576225
0.0012183621935264455
0.0011307228937766922
0.0009840716875260114
0.0014450099428700014
0.0014916340760464664
0.0012111179707972042
0.001340865754286824
0.0008980559342717243
0.0014864049561538195
0.0012232761249606483
0.0011975626975981868
0.0009310724240094714
0.0011371140138294322
0.0011745264423552726
0.0011914057004105416
8.253466347696303e-05
0.0011134506897860774
0.0010051304161038388
0.0010383835991660817
0.0012793108569439937
0.0009168889613420106
0.0012979877898828818
0.001168460895712542
0.001119462616884448
9.102439219077496e-05
0.0011577521665913082
0.0010096752712343005
0.0011715403393282031
0.0008554765386747931
0.0011996362632089586
6.515186100841674e-05
0.0012326913965807762
0.0011886213223988307
0.0012114969184722213
0.0012823951626614871
0.0011320988789975672
0.0010790017438466748
0.001331142571871169
0.0009772548221462785
0.001155685629441905
0.0012518944288331113
0.0013960343875396575
0.0012763341168238185
0.0010466937765158946
0.0011509302369177021
0.0010731087563158326
0.0011088371065852698
0.0013346770490443305
0.0011771930224426796
0.001246351518375377
0.0010816469874725954
0.0011612088042056712
0.0008567529594074585
0.0009744470066834765
0.001155235195710702
0.0010130715592140405
0.0014638187701621064
0.0013837052158578445
0.0002027694674779923
0.0008221922940947479
0.001319137586619945
0.001253419640647735
0.0009873868345948722
0.0012512287972867853
0.0011396451450309542
0.0012695657463268617
0.0011249334289686885
0.0012095349761693797
0.0012821286823623268
0.0010298965165702612
0.0008911357440410939
0.0012248071085423362
0.0011624923741894166
0.0012037596609388856
0.0011502882393870095
0.0010619962868076982
0.0014644675994759382
0.00010326931061399591
0.0009589677510462025
0.001178491840278184
0.0012705821277450013
0.0012158897854419592
0.0011632447608462826
0.0011574947570807126
0.0009709562595787702
0.0012364630040337943
0.0009421985573681013
0.0011534619841313543
0.0010479660452347161
0.0011451321395554714
0.0013647806630388004
0.0011884086586633202
0.0011287910353985353
0.001092858604806679
0.0010467726202136873
0.0014004040693862407
0.0014440866506220118
0.0012389886227310853
0.000867340675313244
0.001150617401776799
0.0010749110002734596
0.0010544854818022031
0.0012044946234937015
0.001098943009424147
0.0011359271874198384
0.001150327284449304
0.001286141804143881
0.0012141321493004398
0.0016678227117381539
0.00093865476458177
0.0002161067919814741
0.0010397098167231889
0.0010048377694147348
0.001367676781001137
0.0010406817561374737
0.0010565537974116523
7.212547609469766e-05
0.0012809892496079556
0.0013286063644954993
0.001274684253075975
0.0013443077559713856
0.0014648644922772291
0.0014179985055307043
0.0013027508432514878
0.0013817068015669065
0.0009833876968059485
0.0013634134422773059
0.0012910547176261389
0.0011303493718060054
0.0011527209439350372
0.0011260866624525079
0.0011285393785556153
0.0011165286364303029
0.0011746670209049626
0.0012619853160913408
0.001225700523264095
0.0013287271733588568
0.001104155845268906
0.0009393014104261965
0.0013381960011429328
0.0012087665138551529
0.0013684349866025514
0.0009219123130606022
0.0012213968460628166
0.0013287282160945324
0.0010612053563363588
0.0009873183006448016
0.0015345002091180504
0.0009847656042438757
0.001167317292356529
0.0008091326720887082
0.0012843362414969306
0.0009990888208903925
0.0009317351396020968
0.0009446610863506066
0.0012117288530362202
0.0012174924579539947
7.163204320193017e-05
0.0013524825653803418
0.001003990641152086
0.0012109552912988875
0.001127645718952408
0.0012795687515563259
0.0011585947647745343
0.0013635181634299443
0.0009619199529424804
0.0011639574150876797
0.0009884187718967041
0.00010403124451840995
0.0013175770257021213
0.00121721750076631
0.0015193814007261608
0.0010171211130227675
0.0012476221164661183
0.0011531560546700348
0.0009290104447927661
0.0007938282107033956
0.0014318802227535343
0.0010340768197920625
7.310792165071689e-05
0.0014060716301855791
0.0010717667757944582
8.498763293118827e-05
0.0011711847563447009
0.0012350029146546149
0.0011659926568654555
0.0012038612326250586
0.0011707909829965502
0.001140455943300367
0.0012343992650585278
0.0010502347213332541
0.0011496153338157455
0.0012004921198922602
0.0010939574168560284
0.0013176893947388635
0.00107453640202948
0.0012748324557492197
0.0011910727941994992
0.001235456356425857
0.0012835110519517912
0.0010399277623491798
0.0011512898993260023
0.00101984277171141
0.001073212609071561
0.001193742828604627
0.00123932016128947
8.400712044931424e-05
0.0012541878510887727
0.0013075323424800445
0.0010614580272658714
0.0010969260520141688
0.0011156566464478601
0.000897553570666787
7.462742178176995e-05
0.0011051845464180587
0.00119652337093612
0.0010851208074598162
0.0011671571426177252
0.0011051786933649055
0.0012182096143646959
0.0012784695919663136
0.0009637316471753365
0.0011945356553724196
0.00010102306578119169
0.0012766274650175546
0.0012732489788049861
0.0012882337803148403
0.0011314697744921887
0.0011129192669159238
0.0011332802347396864
0.0013265374197999336
0.0013529000024163906
0.0015289928500124006
0.0011981390196069697
0.0008882481508862838
0.0012434640570972988
0.0014413091834057923
0.0012796469194427118
0.0011198264598988317
0.00123223628611413
0.0013740267859247979
0.0011749093833941515
0.001318627353384727
0.0011835461692726312
0.0014523541541962004
0.0011920353132381933
0.0014375855890875755
0.001425118652718993
0.0010142868779894343
0.0011809065482566439
0.0012662176891353738
0.001155687094296809
0.0011644101896308712
0.0013719223677526315
0.0011840285662287897
0.0014466215301354168
0.001376904545850266
0.0011125199650905415
0.0011921669206458319
0.0009478925927624005
0.0012884306590876804
0.0013783320386551168
0.001330974240318028
0.000995736386585122
0.0011969232593287416
0.0011047511339938865
0.0008340123907828456
0.0010035496874252203
0.0012978564049035413
0.000811008114624201
0.00011985767770283928
0.0012264313724017484
0.001054967340451185
0.000965602535529797
0.0009530802483368461
0.0013663444566418548
0.0011186869903667684
0.0009349502932991527
0.0010333764640790832
0.0011484027588721801
0.0009600322771348146
0.001426626755687721
0.0012421116732639348
0.0009989172240238986
0.0014873417505896214
0.0009844423664162605
0.0014502852918667486
0.0011063686583270282
0.0010928349292953499
0.0011029501006305509
0.000878007140840964
0.0011744372961857152
0.0013660117500648994
0.0014060986250115093
0.0010618345399961981
0.0012648501501644205
0.0011526909593158052
0.0009087538904282155
0.0009996139551731176
0.0010667357695410828
0.0009364851549094055
0.001170009086877144
0.0014774618462070066
0.0010910788398632576
0.0011947123630307033
0.0011313425820844714
0.0011063896798759743
0.0011785100558086015
0.0011102611720161804
0.001067957271288833
0.0010996101484579412
0.0011446463778383986
0.0013103836898835652
0.0011812720249508857
0.0012134940266150807
0.0008900246559733205
0.0010202657874742727
0.0012919665933281976
0.0012759880254407108
0.0013987676376245872
0.001158227840278414
0.0010788540846533579
0.0008384629676356781
0.0009924233334004384
0.001239469451320474
0.0010150060921887416
0.0016401277310933438
7.730381958026555e-05
0.0012488327628261686
0.0012581602956629467
8.440779549800936e-05
0.0011553373043398096
0.001189310186646253
0.0011838906924594994
0.00032659296522297154
0.0011678739330136523
0.0014010800732648931
0.0009442359561262492
0.0012900296649149823
0.001278453220152187
0.0010207183563579747
0.0013133547246297894
0.001256693657978758
0.000955707349135082
0.0009248282186717915
0.001051373816665091
0.00114153243760029
0.001119391701308814
0.001206244904324194
0.0008864721411327992
0.0010498981647515393
0.001318838778843201
0.0008886719043630364
0.0012753454496987615
0.0008202685012292932
0.0011322918494443002
0.0008913217116059968
0.001155378766782178
0.0011330323295624112
0.0009186965476146725
0.0010892308874304035
0.0013745520039947223
0.0008800845029099946
0.0008502459676265062
0.0013521137011593964
0.0012332757356716684
0.001320627355880788
0.0012304227160484515
0.0011786333901682156
0.0011691074772670618
0.0008635281953957019
0.0010560338422465065
0.0010111507574492862
0.0010668279412584525
0.0012132493817489376
0.0012235996857725695
0.001198016979969907
0.00042381895275411807
0.000949573510524715
0.0010669733609347531
0.0012226034194782187
0.0012137417140820617
0.001227107129579963
0.0011901059652359436
0.0009945259553205688
0.0012066549386418046
0.0010835096819619139
0.0009060566247853785
0.001178097731667549
0.0009073809401343169
0.0011761756355781472
0.0010744981157131406
0.0010513567451653216
0.0011903066003924323
0.001226823718752712
0.0013060135249816085
0.0011666772095395572
0.0011559147201865017
0.0013318111434159619
0.0013856516538908181
0.001314092276743395
0.0012580439600924365
9.8918068488274e-05
0.0013841192695736027
0.0014939655956140996
0.00109248223020586
0.0009921926583871254
0.0011497661434987094
0.0012447706340026343
0.0014989923723760512
7.339622516155941e-05
0.0008448902769941924
0.0011063454863915467
0.001342426839755717
0.00128090685711868
0.0010265034370604553
0.0010212402717115765
0.0008626235471638211
0.0012422937902556441
0.0009022210094826733
9.483633903073496e-05
0.0009738737098814454
0.0012358213571133092
0.0009650705802641824
0.0010135217477227343
0.001206932701165897
0.0010846342177046608
0.00013443023109971364
0.0013426703824279684
0.0013426040304693743
0.000887736466950173
0.0008809755645415862
0.0010134352203579056
0.0011834495509219778
0.0008841342323080426
0.001215946373577026
0.0011506130213092547
0.0013720249321522715
0.0012563481511733698
0.0011847020620052717
0.0013849835106611863
0.0008810634246856353
0.0012318943890932132
0.0009627973541910251
0.00145539487368751
7.831525203982892e-05
0.000888019637841353
0.0010599220998983583
0.0008943693882201842
0.0011332465320492702
0.0009721516282752418
0.0012666848127764752
0.0011017104649226894
0.0011989654626631818
0.0010789609289076907
0.0013156965131884135
0.0012300860056484453
0.0007608095411342219
0.0009173058653004773
0.0013614179604246601
0.0015070472750267072
0.0009931903261986008
0.001087939897729484
0.001038939842601394
0.0013091162483078733
0.0013539662760422289
0.00114075891315224
0.0013448038456544964
0.001225726551410844
0.0011973974579859714
0.0011420865057516494
0.0009585458426499827
0.0012433745618523062
0.0010395126410003286
0.0011153490546575995
0.0008688608004376874
0.0014250586770003792
0.0009008968779653515
0.000893233850206343
0.000994052434407422
0.001156091231280243
0.001436268892859971
0.0012282512864203454
0.0009584527106767382
0.0012031217620460666
0.001097626749697156
0.0010100835221464877
0.0011043995958743835
0.0012325951641969368
0.001291022490136129
0.0011866143299812393
0.001295857129207434
0.001007676275889935
0.001157396215035078
0.0014985055567819927
0.0008121500613924582
0.0011190454852112452
0.0013907899092373555
0.0008442703164064369
0.0010226043502825632
0.001196944429125324
0.0014442164038541705
0.0010589555135993578
0.0012203256935663376
0.001342325919722498
0.0010379386665135826
0.000997221395437009
0.0010294080245785153
0.001213546982853586
0.0012407107769263348
0.0011821319962450616
0.0009513458255696605
0.0011724057173978508
0.0011573436607932308
0.0009557235941883846
0.001231583857077112
0.0012732499544654274
0.0009675046719621605
0.0013945556977432716
0.0011156491506199018
0.0009825995225583029
0.0014236293088742968
0.0013475778546307993
0.0011827600070546396
0.0009627595575238956
0.0010859775006792916
0.000934546934104219
0.0012925744943004247
0.0009007210314848635
0.0010701364587930584
0.001268026307798209
0.00131645468923125
0.0012244302574799804
0.0011301724310897043
0.001247582916448664
6.779041586923995e-05
0.0014185847239787108
0.0011932367729059479
0.0012714541804825785
0.0013974186721270598
0.0011143973054004164
0.0011494133497080838
0.0011024561758858908
0.001053149246445173
0.0011974879267881988
0.001023672175278989
0.0010057435633825662
0.0010890345156440162
0.0011874056576743897
0.0011056093387651345
0.0009251430225276636
0.001301949340813735
0.001349633006498152
0.0012248339821780974
0.000345184087564121
0.0010343374508465786
0.0010264564533599696
0.0014864396700886573
0.0011247718018125852
0.0010527610703832124
0.0011477074192498549
9.667102892763069e-05
0.0009372825090849801
0.0009383671246041558
0.0009452116872807892
0.0010569052458322403
0.0011059633770855726
0.0009041947110972615
0.0012870348833757816
0.0010572508816721893
0.000949818892422627
0.0007978960570653726
0.0001685430031557189
0.0010357933631439664
0.0010678659707537008
0.0010652362863652343
0.0010222973223221743
8.464804970209627e-05
0.0011267517241435598
0.0010030013819459782
0.0013098183931674612
0.0013121438837515598
0.0012469221669135777
0.0011103331052026988
0.001053620891866558
0.0012492356740381183
0.0010317302597968592
0.0012254207351816149
0.0013824231996295566
0.0012200704972542553
0.001155727394348105
0.0012057935167604228
0.0013883587050713686
0.0009722029224121798
0.0010988652712740077
0.0010339087314150675
0.0011300471460344852
0.0011586460441321833
0.0012415408575634501
0.0011522097270244558
0.0014066576734421687
0.0013592280454304273
0.0012270955137410056
0.0010109483341693704
0.0009426635047020682
0.0009469339491943174
0.0009288463160146421
0.0010934647424392097
0.0010653664098754234
0.0012249144715497096
0.001213544966333302
0.0012175654651400691
0.0014635187188787313
0.0013372014630022022
0.0012386476334995677
0.0012565275053475489
0.0012969394992978778
0.0011951628991937469
0.0009708825225516193
0.0009789879827621917
0.0009405864789187035
0.0011229956564875465
0.0009810283644355877
0.0011989393866542741
0.0010284220930998345
0.0012039854528325122
0.0011828826299051798
0.0011191042071914126
0.0014201648575635772
0.001498158499202873
0.0010279264255359521
0.0008342078238001704
0.0010629543746745185
0.001086533417606006
0.0010744287434363287
0.0012986116647653034
0.001036643340739829
0.0008371308493906326
0.0011360269382976185
0.000854391602956639
0.0011477655351086469
0.0011807865050741384
0.0011599884364841273
0.0011987309670757895
0.0008242249382419686
0.0009613959629177771
0.0010055525760890305
0.0009738574788116239
0.0010885872798098717
7.64868818805553e-05
0.0010233372022412368
0.0013309381879480497
0.001187338455565623
0.0013831035811335823
0.001086329081886106
0.00010328233361178718
0.0008638435022589874
0.0011205266057459085
0.0013710498224099865
0.0011400286969092122
0.0012198730929640078
0.0011388040745714534
0.0013158196757103724
0.0008843103934168539
0.00090635717879195
0.0013021442016452056
0.0012457538420562742
0.0010947751070489176
0.001104721057572533
0.0011886729823800124
0.0012912141722836168
0.001046735380100472
0.0013544804419325374
0.00013824094776282436
0.001026864016239415
0.001053469307407795
0.0010540109181533808
0.000808795181910682
0.0009755335497629858
0.001428903224905298
0.0009985619382177902
0.001296213321097639
0.0013079133464088954
0.0011062607020448922
0.0010782401218421
0.001001704875420728
0.001009534983722915
0.001043216633661359
0.0013331304696748703
0.0009392773794729692
0.0009711759049650937
0.001467373291916374
0.0011373154152352072
0.0009391474334279337
0.0011989171782715857
0.001211713126849645
0.001383691101864315
0.0011538503865722305
0.0008789727502289679
0.0010480573478162114
0.0013202580992128787
0.001186824578667256
8.296425994558376e-05
0.0012826557316998333
0.0013084637955671496
0.0012256677327968646
0.0011301638506893141
0.0009941361859091558
0.0009960350106439364
0.0012124079931936649
0.001359217569302018
0.0009625235948078625
0.0011111699027424038
6.044028054930095e-05
0.0010413768941361923
0.0012111971670947241
0.0011966342162850196
0.0010607762606014148
0.001168499813957169
0.0011517567820646946
0.0012931886154774475
0.001165579895200608
0.0012638813782359648
0.0012410579431616497
0.0016002482232124748
0.001081257811733849
0.0011260358337494836
0.0012169945177902264
0.0013969959672976984
0.0012681424539096042
0.0008999502643973756
0.0010325650981712897
0.0011547399611799847
0.0012383548519210308
0.0009508890058214092
0.0008547683801225503
0.0011408873597247293
0.0012275585650058929
0.0011823490484630383
0.001273327868375418
0.0009923815529191415
0.0009082350094331559
0.0010939271971892595
0.0014404604249875774
0.0010553913947433102
0.0015822077089069353
0.0015007529810873166
0.0008252426773651678
0.0013299781369369157
0.001162096830057635
0.0009763677098817425
0.001319731693229187
0.0009079664000637422
0.0011082683054155495
0.001071060248136746
0.0011665757295986623
0.0009536350686403239
0.0014249436590034747
0.0011867918506140995
8.935651862884697e-05
0.0010678356320568128
0.0010841214095762552
0.0012088334597137873
0.0009933117811442571
0.0010813540762910634
0.0011106248615533332
0.00124307775752186
0.0012421792675922916
0.0009838726839461742
0.0012909280699204828
0.0012692028060428129
0.0011585336970938442
0.0010687107480862323
0.0009662261509220116
0.0014479970049023905
0.00010318616079985077
0.0011848688153577314
0.0006916408190136281
0.0013022679272580717
0.001078749089288067
0.0010720005149664757
0.0011893252843719893
0.000922636932500609
0.0014211852042080864
0.000973152494907481
0.0012164550973920996
0.001521409723409306
0.001088033715632264
0.0011113778740536873
0.0010742790640279054
0.0010232649835870689
0.0009505055843419541
0.0010415847327749361
0.0009825061160313453
0.001447010063657217
6.89960868385242e-05
0.0008245328195926049
0.0012427362424887178
0.001161628312161156
0.00011677898305606504
0.001159715751555268
0.0009597634823421686
0.001208463974080587
0.001278840110899182
0.0009629146670704358
0.0010856547388584659
0.001084467356577079
0.0011048664279087461
0.0010835231742589713
0.001125409881296946
0.0009412039333938083
0.0010783531942024638
0.0014582793656927606
0.0009817523478545809
0.001216685456029154
0.001452069996616956
0.0009653371855620207
0.0009055726064843839
0.001171801174450593
0.0011859770653472879
0.0011118178548485957
0.0009774193279099563
0.0010670525215914495
0.001125861418245222
0.0009273128997620006
0.0012369609464712994
0.0009663721699553207
5.846671538733972e-05
0.001117565207550797
0.001061978945131159
0.0011474475653585614
0.0007187908963146583
0.001253073789996506
0.0011910806765627058
0.0012187389735345278
0.0006958908508067907
0.001209468099204969
0.0013703275144507643
0.0007863537315131452
0.0009971628334142224
0.001329709868059581
0.0014597691459812268
8.737573205053195e-05
0.0010496851207335567
0.0009692973947039718
0.0009211200371055384
0.0008169028370730302
0.001133936418000303
0.0012533467067896709
0.001113138135792724
0.0009776918032002868
0.0009490654765613726
0.0008130786214906038
0.001059379284242823
0.0010245647654301138
0.0014836859521665247
0.0010397717331898093
0.001455472416637349
0.0011765035351345432
0.0012733441929526634
0.0008285102206855299
0.0010631566922256752
6.72290025249822e-05
0.001398115178972148
0.0010641492059448865
0.0009459814345973427
0.001409682433177295
0.0009572612616466358
0.00108357769011036
0.001319998646295062
0.0011856672733756568
0.0010752263372069137
0.00113210694053123
0.0009912587140661344
0.0011354376524650434
0.0011209136275738274
0.0010002373012412136
0.000765761873253723
0.0012031547300921375
0.00114195473156542
0.0012063021958965692
0.0011918946365767624
0.0010451919245042518
6.292779772820722e-05
0.001156473948412895
0.0008241051701816104
0.0009550270599447686
0.0011931658315234017
0.0010715682390696202
0.0008338461769881178
0.0008850187665530029
0.001377882006750042
0.0012357544637779938
0.0010763372062001508
0.0010246759428582664
0.0012795783400179062
0.0011425989451936402
0.0010427726419948158
0.0010119537707851123
0.0010704598136044297
0.0010649646040974403
0.001097737367786067
0.0010167846488684518
0.0011703954821769003
0.0012152857225373737
0.00014283010307281074
0.0012126510921461886
0.0012837941400221098
0.001097872298942093
0.0010443262937087638
0.0011338132392211264
0.001081899638734285
0.0011440268374371954
0.001267021613784891
0.0012491330785451282
0.0010521674086021449
0.0011397222335745028
0.0013392872937174616
0.001363057882826979
0.001006846101518022
0.0009865905178116918
0.0013720932979879308
0.001019673537257404
0.0011072758720729325
0.0010236843764914738
0.0011598783862041273
0.0008658748201924027
0.0015317052022965072
0.0008704118988589471
0.0013004628143562513
0.0009316510324879346
0.001061671694742472
0.0012334345797171409
0.001010137149592083
0.0010356319520496982
0.0005770336857722214
0.0009930062015541807
0.0013171677644550073
0.000836127154514088
0.0012384112195604757
0.000792250278038864
0.0008351161662858431
0.001233071695878607
0.0012159618065652467
7.806308462932066e-05
8.773284935159609e-05
0.0009788258528260485
0.0008894128180827465
0.0011680971115310967
0.001137650726263928
0.001063650155401774
0.0011151090175189893
0.0012549325890631735
0.0010366305277784704
0.0011791449131237641
0.0010929739331686505
0.0012627935509499366
0.0002786133765653176
0.0010442195072073446
0.001084963272433015
0.0014776841046568734
0.0009107746484460222
0.0009754485130315516
0.0011633428694040049
0.0011469396283700917
0.001299347021927133
0.0010738157674836657
0.0010022665139786113
0.0011148934459015436
0.0010443744160966162
0.0009742774259393627
0.0009543657464519129
0.0010626516760794402
0.0009633292514763525
0.001067890667059146
0.0010513862132484064
0.0010365613202338864
0.0012388099461304591
0.0010882440121804393
0.0010680300156309386
0.0007673720140246587
0.0008671929331285355
0.0012197840616181566
0.00017862263030110626
0.0012930298706805843
0.0011307308461709908
0.0008432577374151151
0.0010067554391071099
0.0010059976201546306
0.0012626649943285884
0.00126839929862399
0.0009525494575086668
0.0010286081483172893
0.0010034598928996274
0.0012209422573050688
0.0008267034536402207
0.0011638617212383906
0.0011985217585106511
0.0012411752965135747
0.0009861609428298834
0.0011150489843885225
0.0010398736569641187
0.0010215728349294295
0.0011730347002298913
0.0013368125085548854
0.0011269203727124477
0.0011334407211052167
0.0011756062223184927
0.0011652714297269995
0.0007474495507722168
0.0013393930875054139
0.001102731888749986
0.0009922815577851907
0.001112705102173095
0.001286339651585422
0.0013042881452065558
0.0013387048104505084
0.001192445968172251
0.001182827598086078
0.0013427684559701447
0.0009697546237248389
0.0012074276015709984
0.0009339059392914351
0.0011658929649911443
0.0011843165344771478
0.001018308518041522
0.0009464428460432828
0.0010593465362376264
0.0009894268280277174
0.001136590274199989
0.0011668001803855077
0.0009550921038794513
0.0014389114664936642
0.0010736182947539419
0.001202922273250806
0.0012985629562081158
0.0010068403671539272
0.0010339794657738821
0.00118545807913506
0.0012793696092785467
0.0010710780656495444
0.0012506956086326682
0.0011772631129360889
0.0012021570844353846
0.0010052923117882528
0.0010621296463568797
0.0010751938100383995
0.0009602254880292094
0.0008682744338557313
0.0011338327470866716
0.0009804990404518321
0.0012805225186411917
0.001153349093556244
0.0011741174494090956
0.0009944529435870209
0.0008974403971251377
0.001012680525604992
0.0010300969896661627
0.000994373457956499
0.000816121750176535
0.0012494296471459165
0.0012977281754160686
0.0008275275138203142
0.0012640031602586532
0.0008881484106950666
0.000760365026621912
0.001350176058508623
0.0014278887182399558
0.0010972081345244078
0.0010844224683523862
0.0010953833967732862
0.001148090482047337
0.0012771740573498391
6.476505259911391e-05
0.0009610856848212279
0.000894617131848463
0.0011854165110776194
0.0010250476265127872
0.0010794213725375812
0.0010430237198306713
0.0012622347923070265
0.001250713359013389
0.0011796146934557328
0.0014141643633820422
0.0011436577589734043
0.0011984449172359746
0.0011908274063898716
0.001095621268063951
0.0009583460138173905
0.0012362817860775976
0.0007951102354581963
0.0008722890196395383
0.0010698384012357565
0.0011639185889862347
0.0011052127612174445
0.0012889517871030876
7.860021651140414e-05
0.0012642653255170444
0.0008996882695555541
0.0010718845862243143
0.0010066907487384924
0.0007748857036631307
0.0009720289207280075
0.00010911203571595252
0.0012461953584192997
0.0011161633897245338
0.0015031600519250787
0.0010885097996151671
0.0008646481323353328
0.0010236819742885928
0.0010313129640735497
0.0010003791176131926
0.0012241562819781393
0.0012752742541692896
0.0009369878356437766
0.0009403604011595235
0.0011619622391663142
0.001253664104751806
0.0012597448612723383
0.0012889240938420699
0.0012267234292266949
0.0013138190928998483
0.0010032224830922587
0.0008592813426275825
0.0008839442048156343
0.0008391791170652141
0.0007206647210296069
0.0008806031144104054
0.001406579395393237
0.0013208878953037129
0.0013231769776211877
0.000942184025007009
0.0012258714233439605
0.0011510669660310668
0.0009371134459570385
0.0011002355799973884
0.0012491475248452844
0.0010557012485890027
0.000944529462231003
0.0012259831015057898
0.0010493276654983674
0.0010480982550689077
0.0010677120295099485
0.0010389648441559984
0.0009453935444980743
0.0011350428521836875
0.0010132692158322243
0.0010505091506729514
0.0012850074421066893
0.001175320106426625
9.104383525482262e-05
0.001142548924235598
0.0012432250888423368
0.0010990492978635302
0.0011039379544399708
0.0010717144441514392
0.0012083402226608086
0.0007101664421043097
0.001097901709499638
0.0014040697751624975
0.001554327393478161
0.001026728333954452
0.0011398335176409091
0.0011576286935905955
0.0012822846822473366
0.0010008069330069702
0.00105016560905824
0.0011913532091512025
0.0010408660708662865
0.0010707745626632459
0.00011447766434002915
0.00122736593024797
0.001377717271225265
0.001095137598895235
0.0008494374951624195
0.00010752255877832795
0.0013315211880353672
0.0010761705285631251
0.0012481969293958173
0.0010076948005917075
0.0013496022139634078
0.0011812326642939297
0.0013214670315164767
0.0012493588990309945
0.0013206092346536025
0.0012064688340842622
0.0012708967408343597
0.0011245130770021206
0.0010656030295876917
0.0008688253267337132
0.0001078991036251864
0.000898879033115918
0.0011025506146324915
0.0012672054760969331
0.001650014665301569
0.0011605157548046918
0.0012940085238142274
0.0011018141465228837
0.0012794944161669264
0.0010471098739799345
0.0011719471696096662
0.001063407381025172
0.0013524000096367672
0.0010849105216266253
0.00127623858725201
0.0011853898099616345
0.0014465822831084552
0.0012774060896845185
0.0011118714407984953
0.00123789555118492
0.0010124647872089554
0.001092750636303208
0.0013541237153731345
6.641999220846628e-05
0.0011254224306185279
9.03716073707983e-05
0.0009772356104349456
0.0009476179889134073
0.000907661584278685
0.000987758427299923
0.0011682162141255503
0.00101591285010727
0.001127737869410339
0.0009600633121067403
0.0009265345551625614
0.0012745199290975506
0.0010178381396599434
0.001048481573832305
0.0009372644857421619
0.001163684127959641
7.054841762510478e-05
0.0008649284911825816
0.0009026400323364214
0.0009879960445005054
0.001192440475335843
0.001186116718372432
0.0011398889170095572
0.000988460547091563
0.0009880307363800966
0.0010484272273743045
0.0013335757678305526
0.0011130293115684253
0.0013122426994982561
0.0008475164324863727
8.307833087428662e-05
0.0010447796768175976
0.0009393737962000159
0.0011409920438154586
0.0010884739363064
0.0013465976944644353
0.0013794642167113125
0.0013139425254848902
0.0008794322383209874
0.0009609000105683663
0.0009431768272634145
0.0011088235062288732
0.0008144006423549399
0.0011595194305300538
0.0011059146913794393
0.0009761844222566651
0.0010593270673098232
0.0011249203528223006
0.0011373649434744948
0.00127980240870329
0.0012172568822279572
0.0010109881823154865
7.074027212183864e-05
0.0010257796602672897
0.0010565272914391244
0.0012196493693750199
0.001186523961223429
0.0013021644567743351
0.0011715263522091846
0.001382261336857482
0.0011093950184886125
0.0014978327389485457
0.0011483504055149751
0.0012513597593510895
0.0010000250731536653
0.0009467340423725545
0.001401793019113029
0.001011138578178361
0.0010036690380275104
0.0010573178418553653
0.001126948422836449
0.0009759089466001569
0.0009254206547666399
0.0012739522306901563
0.0010008500041749357
0.0010070608736896247
0.001170901372802291
0.0009676813826899888
0.0010648546190168418
0.0012387798567488062
0.000991202139402958
0.0008743871894694166
0.0010204929476458346
0.001305024581881753
0.0014069688533027147
0.0009330265106655133
0.0009721579316419593
0.0008169968746187806
0.0009452720200329168
0.0011310642369153356
0.0012258637154900498
0.0012183133447365435
0.001794823861587247
0.0011976269997830968
0.0011223231181247684
0.0008119327515032637
0.001291032595759134
0.0011110471372148822
0.000873936385687557
0.0013134602845639165
0.00131432675425458
0.0009328194989848271
0.0014812342985806026
0.0011403102832900913
0.0008636036841380701
0.0008829332641653309
0.001207187666182108
0.0009526195630087386
0.0009017945919822523
0.0010414150834776592
0.0011407655796347171
0.0011811803501586837
0.0009312035370498961
0.0011930049813599908
0.0008947478811478504
0.0012401957170595779
0.0013117315949671138
0.0010885327064897865
0.0012700536102556725
0.0010525272459744883
0.0006419587417667572
0.0013088326505794612
0.0012474550860588351
0.0011757903096167865
0.0010186776439695677
7.912612051086398e-05
0.0011198184026852687
0.0013535962463038231
0.0010540193935639763
0.0010718247931436053
0.0010982175908225145
0.001430862730330773
0.0009403843904465248
0.0010155131379860904
0.0011256017559162501
0.0012288912241729122
0.0011963597573299012
0.0009988092515413882
0.0011665441829791234
0.0012339199984126026
0.0011007475934547983
0.0008632134513391065
0.0012736793134990876
0.0010843835214018327
0.0009909313889693294
0.0009327848797511251
9.824736832797498e-05
0.0011152182827345314
0.0011151630392305378
0.0009161934150370143
0.0014340038786713194
0.00013290665799559065
0.0009741330371753065
