0.0013220676810306031
0.001124203674578439
0.0012416535175532317
7.079846977831039e-05
0.0014138536830614612
0.0011933734862168421
0.0012705817466098779
0.001399741914610786
0.0011137242269114722
0.001149605412820165
0.0011053303539938497
0.0010537278256492755
0.001199671483163911
0.0010223679648788675
0.0009995839885732494
0.0010888167245184377
0.0011864565498171942
0.0010961527999029386
0.0009235003710728051
0.0012995285862302808
0.0013466073229437825
0.001225233715615559
0.00034210815601909417
0.0010294410488995709
0.0010276976753402778
0.0014819419849914084
0.0011223205941064407
0.0010510879603202739
0.0011448276532064483
0.00010017494071234978
0.000934254454477923
0.0009377586330856502
0.0009404891807776039
0.0010608847539970157
0.0011023585964267113
0.0009075242387552862
0.0012874303370153939
0.0010558547671735141
0.0009496463544564904
0.0007984906546880666
0.00016711678586034395
0.0010320129359229213
0.0010696232022837648
0.0010615414354333552
0.0010222499803376195
8.458955015377967e-05
0.0011303428779001479
0.0010052874731627526
0.001306388992219354
0.0013140240231450662
0.001247224956273385
0.0011069757250083967
0.00105676284601941
0.0012536930141777702
0.0010369183285092731
0.0012280005388447535
0.0013911468229252932
0.0012242783750480157
0.0011552028445294127
0.0012035875486162695
0.0013836111425575837
0.0009688439190540521
0.0010959859699823937
0.0010360481492739382
0.0011297919315893523
0.0011606991111534626
0.0012419551886750924
0.0011470128922610456
0.0013982907747163154
0.0013639848036746116
0.001220944671331381
0.0010093559499182447
0.0009441252520900889
0.0009522902701064595
0.0009347840223199455
0.0010916580090452044
0.0010644561583603718
0.0012213489430337177
0.0012132969292224516
0.0012186911178559967
0.0014673178288830968
0.0013406468442553887
0.0012307772233270953
0.0012515201676706056
0.001299126870321743
0.001192454749798344
0.0009686743824204314
0.0009810781692749515
0.0009368746252107485
0.0011228710515069906
0.0009773553157401693
0.0011952546170164169
0.0010290105915373715
0.001205195914565138
0.0011822752774719447
0.0011149300946726726
0.001411857440359654
0.0015021863048332307
0.001026327436079555
0.0008376931241400598
0.001063941993379558
0.0010871884045400293
0.0010658199982458427
0.0012974857812650953
0.0010364462710015232
0.0008325271808189427
0.0011341175602979092
0.0008541370445414032
0.0011503373325467692
0.0011813597218406358
0.0011586214238832326
0.0011967811590807287
0.0008202091554494473
0.0009612108003125286
0.0010006277251477513
0.0009697343122070379
0.0010789117363856349
7.294661872947472e-05
0.0010256579444103409
0.001330290445935134
0.0011844055145502352
0.0013856132590035486
0.001085240678548871
0.00010352485196563066
0.0008705951604497386
0.001114545305995307
0.0013713998386037929
0.0011379415105920998
0.0012165282679461598
0.0011422080001466384
0.0013123370238190546
0.0008805741883293194
0.0009008156649770171
0.0012995769352528441
0.0012439729810580502
0.0010947353312076302
0.0011072059695607095
0.0011862378045179867
0.0012882127253988074
0.0010449778105794394
0.001366067177059449
0.0001393086512280206
0.0010265702687775047
0.001047832854283115
0.0010524677588250597
0.0008106612476694863
0.0009751191078635202
0.001424960393933361
0.0009983209169490692
0.0012959857224927873
0.001313160107429212
0.0011030984247781817
0.0010796737935834244
0.0010024733412592468
0.0010054808565200801
0.0010452354570134048
0.0013340143891582557
0.0009395619410952349
0.0009693841882381093
0.0014625174192133272
0.0011357893201875413
0.0009371073990678269
0.0011988360572559031
0.0012059272477813465
0.0013882338103030634
0.0011516439517436083
0.0008772666751610814
0.00105299579649909
0.001321530749237354
0.001187090093480947
7.949633936732425e-05
0.0012798254339259074
0.0013102526895636402
0.0012219794142538376
0.0011313898830849212
0.000984755295036166
0.0010045361077573034
0.0012188784661475438
0.0013661272078024922
0.0009631450998313085
0.0011095924527353418
5.9855153267562855e-05
0.0010420837198239497
0.0012095175386548362
0.0012007147549866204
0.001066633478330914
0.001162981144943842
0.0011443816081566638
0.0012918365753193939
0.0011656217303652738
0.0012608420840933832
0.0012415402478609394
0.0015952846358686656
0.0010780845545639295
0.001122638962556266
0.0012174041012258385
0.0013884338206082703
0.0012663591013506448
0.0009038474056524137
0.0010275074781418425
0.0011543887951006582
0.0012363297170168153
0.00095106210483209
0.0008451777709694852
0.0011496766098844091
0.0012328565348980192
0.0011725491865490767
0.001280613892731708
0.0009860287359515496
0.0009075113854351002
0.001094625477662703
0.001440043803086155
0.001063770941527764
0.001578897064746343
0.0014978986465621347
0.0008266524494047189
0.001328897529333517
0.0011551968394769574
0.0009767015151282976
0.00131558532177678
0.0009094552790429589
0.0011055031973228324
0.0010716891947595286
0.0011637946533085142
0.0009473211863166853
0.001422753028691659
0.0011843170407246362
8.483955798510578e-05
0.001066835391384302
0.0010822575616771246
0.0012075983247541444
0.0009878858817273795
0.0010809239847731078
0.0011078753734636848
0.0012416599539051276
0.001239390973864829
0.0009900647326048784
0.0012854361390282065
0.0012645829425537158
0.0011572857404189563
0.0010608600348973596
0.0009583733133808892
0.0014469681335640416
0.00010370828545092081
0.0011825395666846816
0.0006885624487722453
0.0013025627496290326
0.0010842220565336902
0.0010722815554800036
0.0011939924193029583
0.0009191874906946396
0.0014183408324015545
0.0009671870786860381
0.0012116196700162618
0.0015216164068760918
0.001084666408985413
0.0011108471992429259
0.0010760346856386604
0.001021094403540701
0.0009493839957031014
0.0010482735769983265
0.0009808997001528041
0.001447628671712664
7.400940876323148e-05
0.0008176656722298503
0.001240567441584517
0.001156839013788158
0.00011930929383652256
0.0011575521393751842
0.0009626585001569765
0.001203360757642713
0.0012773750614769597
0.0009681896486881669
0.00108049537496413
0.00108262829121486
0.001104453691255003
0.0010800133666180045
0.0011304246345389402
0.0009395609718581
0.0010864043090350606
0.001451758919358781
0.000983745551593529
0.0012142641855916736
0.001454139900147311
0.0009694539319298201
0.0009035150694671756
0.001180002413548209
0.0011826469397533401
0.0011105731462066615
0.0009718141346866105
0.0010642500606650174
0.0011295506274109357
0.0009250634615227682
0.0012349782865612724
0.0009646484266454536
5.614332809500411e-05
0.001114412955644184
0.0010533572659028323
0.0011476479861585176
0.0007167633700646547
0.0012500171424107975
0.001189139519510718
0.001228350653718735
0.0006978367377996619
0.001205099170874746
0.001368527683098364
0.0007928051511498779
0.0009977675366599215
0.001332405477114662
0.001459960848251285
8.32917907018782e-05
0.001056437437682689
0.0009713704820910607
0.0009219750113516056
0.0008171761058406446
0.0011346261545099878
0.0012544988861691309
0.0011154443624263877
0.0009760474450217771
0.0009444318392297646
0.0008120573544374565
0.0010533839844129034
0.0010198180464158213
0.0014840026733509148
0.0010386691679968862
0.0014543746405593083
0.0011749089968589033
0.0012724242315016454
0.0008287460175324668
0.0010704157614327414
6.46465653062478e-05
0.001401267377559634
0.0010614313432597555
0.0009418930036986239
0.0014142531251764012
0.0009586220284631963
0.001082601467828681
0.0013192825580290446
0.0011883130373462336
0.0010768096624360624
0.001125864912637553
0.00098902456960559
0.001126512617076969
0.0011142195738216287
0.0010044884425042255
0.0007664259408102225
0.001198879108642359
0.0011429609703554888
0.001205401192237332
0.0011893989224063262
0.0010434010976609898
6.53508844834505e-05
0.0011515004713373855
0.00082648167995103
0.0009484421042884605
0.00119679898512004
0.0010731362278875167
0.0008292745605444907
0.0008840882578624587
0.001379459508484615
0.0012402665711306327
0.0010777288471217616
0.0010214461492523697
0.001281826384456508
0.0011468853588212369
0.0010404864028856764
0.0010125327758032654
0.0010763131595012965
0.0010706326590934623
0.00109671727290106
0.0010109336503774102
0.0011712120071933896
0.0012154872412679651
0.00014015607422379617
0.0012174574153505091
0.0012819532491903374
0.001095463721753731
0.0010444530823860987
0.001128067106662911
0.0010824870795431707
0.0011432238192981004
0.00127252670154121
0.0012410910900371164
0.0010517011307911162
0.0011403022828062603
0.001339634512930843
0.0013664600594438525
0.0010037374382250164
0.0009887137875921326
0.0013708792662043834
0.0010142125121319623
0.0011021278007774526
0.0010227199722976366
0.0011562273220988573
0.0008657150970066141
0.0015311067925267707
0.0008767826639086707
0.0012966220971293296
0.0009257173622927439
0.001064594209083225
0.001234033298032955
0.001005767586661932
0.0010402841653558426
0.0005744617013476727
0.0009993107814807445
0.001316931709425262
0.0008354368558229908
0.001235380149211096
0.0007998012106327224
0.0008330758404326843
0.0012406131511397689
0.0012150094926255406
7.523440206114174e-05
8.611708150851882e-05
0.0009816629385568376
0.0008981113232948701
0.0011736000785731449
0.0011372812497256746
0.0010532360640809202
0.001114040542006478
0.0012506667784464298
0.0010377825244631822
0.0011846384472846694
0.001089672892277349
0.0012604122714492405
0.00028201601844557445
0.0010426333121813514
0.0010787787741151078
0.0014801182992414397
0.0009007064052752867
0.0009705133033151014
0.0011603490137304107
0.0011427197895272911
0.0013008670377985254
0.0010711866935935177
0.0010006269384348343
0.0011139350764324263
0.0010452822887145885
0.0009718789140151785
0.0009533453330163866
0.0010624091852378115
0.0009588992876388147
0.0010622488589433488
0.0010442921176831987
0.001030115079117877
0.0012357882218623217
0.0010859457725018729
0.0010645844492955803
0.000765675929869758
0.0008678252509071172
0.0012181496927041735
0.00017683409605240286
0.0012907840158504769
0.0011383097751149762
0.0008445986874221489
0.001002578653128694
0.0010014386757575267
0.0012577826841493334
0.0012748923534218193
0.0009534358144946964
0.0010319490172605583
0.0009993869570052993
0.0012179422557210273
0.0008201360770954125
0.0011644106609765004
0.00119483236267115
0.001236842750984124
0.0009839582053245977
0.0011209682478465766
0.0010360547775007944
0.0010253550183279003
0.0011701732137794352
0.0013278814492423408
0.0011235535080231784
0.0011301318178880138
0.0011760724931946243
0.0011686906386785267
0.0007409802253732778
0.0013414718823696603
0.001101554986348674
0.0009967429502921732
0.0011101294915647486
0.0012836217326821497
0.0012977670866973767
0.0013353244415270638
0.0011859528452191626
0.0011873103171637922
0.0013398953129808433
0.0009724858682602644
0.001208393272804642
0.0009307571474437282
0.0011629118131395444
0.0011758440714970675
0.0010148856051444
0.0009450125048715563
0.001060106627278401
0.0009882579288387205
0.0011392450076073146
0.001165993078188876
0.000954920071876586
0.0014347141943744646
0.0010776409944810439
0.0012063463364029303
0.001298531829206695
0.001007713507817698
0.0010369529373974729
0.0011827379958049278
0.0012836151990995859
0.0010718655451000814
0.0012498590062932635
0.0011773073169933923
0.0012028964210912818
0.0010078739289838268
0.0010646858307268303
0.001078468114315001
0.0009641323256346368
0.0008712863086657308
0.0011393590630177641
0.000978482161372085
0.0012761465791299997
0.0011563199507236277
0.001172133450580759
0.0010021037685419287
0.0008949173245582642
0.001012164506391855
0.001034171545143181
0.0010053813343802176
0.0008144064634052484
0.0012523416135081789
0.0012984580948796065
0.0008282698773882657
0.001261401650026528
0.0008881620858574024
0.0007665276496027218
0.0013499091287485498
0.001429976084637019
0.0011001828504504374
0.0010819581627856678
0.0010885835233693797
0.0011455162813263087
0.0012784382242898573
6.516988079852126e-05
0.0009621563303880976
0.0008915116361549735
0.0011912264668580974
0.0010299693551587552
0.0010805355764773594
0.0010462978507348453
0.0012585062199832464
0.0012486146715673385
0.0011792587778245434
0.0014102028208071715
0.001150343961398903
0.0011963598508373252
0.0011929238855827862
0.0010969630882300407
0.0009573760270313869
0.0012438014475719683
0.0007941142315530669
0.0008762890682874058
0.0010675740622332341
0.0011697639861267817
0.0011110932580322697
0.001291869756869346
7.946316009110888e-05
0.0012632012883386778
0.0009029036368701782
0.0010678591838768625
0.001012891099890112
0.0007719547681972472
0.0009741141134327336
0.00012147828783781733
0.0012539775840423317
0.0011232657138862123
0.0015065442059949419
0.001095503929491315
0.0008718657340978098
0.0010273059438077325
0.0010283727922342223
0.0009965045740045753
0.0012273415190975356
0.0012817280264698638
0.0009309503293479793
0.000946582663573281
0.0011707921405559318
0.0012567464341373125
0.001261775567741097
0.0012943342369453603
0.001222724283138632
0.0013178666188196075
0.0010099882811118732
0.0008652820486076962
0.0008865330380558589
0.0008434591129571345
0.0007201167734365299
0.0008826175671856618
0.0014164661913582677
0.0013234102431169958
0.0013237845632829703
0.0009447915713280963
0.001229195869200339
0.0011506653636388364
0.000938955314040868
0.001103136470874233
0.0012494744703417382
0.0010572989585853065
0.0009373400746426341
0.0012325691981232012
0.0010467945229777342
0.001053134091762331
0.0010752479875009158
0.0010410027368834562
0.0009460543532213705
0.0011388820439606206
0.0010164076700220903
0.0010506468402127211
0.0012902782715400463
0.0011722437096750582
9.320127583123394e-05
0.0011457267736432186
0.0012452531534563605
0.0010939931598841213
0.0011127175646379328
0.0010739887884483323
0.0012130614513807814
0.0007045639138141269
0.00109158763382311
0.0014073256998017314
0.0015545919161468191
0.0010288336800385878
0.0011420720747992164
0.0011598488483173242
0.0012828601448973131
0.0010065909552849917
0.001052670018225399
0.001194933206306814
0.0010425260873034858
0.0010757890674994997
0.00012161323297732451
0.0012378945907585148
0.0013778495322185336
0.0010951722925938157
0.0008523717599473457
0.00011039347430141788
0.0013322437970373358
0.0010759872942571747
0.001247914512191528
0.0010038893484534128
0.001351663686818938
0.0011864637281178148
0.0013187264800080811
0.0012508504012203048
0.001318631543540505
0.00120468631496351
0.0012739143409135067
0.0011269238000295445
0.001066673165382781
0.0008687544700478611
0.00010851351817109389
0.0009011263691718341
0.0011050555458496092
0.0012724490209166106
0.0016507038977806587
0.0011614493198521814
0.0012932718070715055
0.0011040770838235403
0.0012823394376937358
0.0010525363716169522
0.001169932041989341
0.0010625500061678395
0.001359868118470331
0.001093065744953492
0.0012748280410050938
0.0011881689829351672
0.0014485637277630303
0.001277944341836701
0.0011170104464781616
0.0012396210158840404
0.0010086161229310164
0.0010964597454403702
0.0013514776900365177
6.755872936992091e-05
0.0011265035186625028
9.500742100954085e-05
0.0009762247748312802
0.0009489173698966624
0.0009148796279987437
0.000986938577170804
0.0011697058407662553
0.0010187285163283377
0.0011313072479879338
0.0009665478521583282
0.0009309296968922354
0.0012770766388712218
0.001015436479519849
0.001047790682264349
0.0009434623391371133
0.0011640771301699715
7.152528201004316e-05
0.0008703963012521854
0.0009026224411172734
0.000982550733226617
0.001186487854738516
0.0011902430057944002
0.0011413090687710792
0.0009930510434514872
0.0009936388189544232
0.0010441609692861675
0.0013351057202726224
0.0011182167636434315
0.0013155084334357525
0.0008499161201598326
8.14392957408927e-05
0.0010481605465884059
0.0009388076173308946
0.001143866474421884
0.0010934011273775468
0.0013495614441580983
0.0013820599347127427
0.0013196701047490933
0.0008829505109133606
0.0009622306065466546
0.0009431638345631654
0.0011048135929740965
0.0008181196959640147
0.001164231106713487
0.0011090288862760644
0.000974084728568414
0.0010593821801876402
0.0011315487909087096
0.0011421361662087293
0.0012766416191709595
0.0012161521667621855
0.0010137327983557043
7.355398679464997e-05
0.0010284621096161572
0.0010571860575510073
0.001223543622586476
0.0011870195983192389
0.0012988532288886745
0.0011812877280590328
0.001387790229955499
0.0011082625483140873
0.0014959206661160351
0.0011503214561798814
0.00125314512206387
0.0010001072055274562
0.0009543286803364026
0.0014061242263778695
0.0010104376503932144
0.001007559037361716
0.001059017445641075
0.0011308070735367437
0.0009741742005644483
0.0009248611978591725
0.0012774877393439965
0.0009999748165228084
0.0010134743381513545
0.0011760721481550718
0.00096604142936485
0.0010644123703968944
0.0012418470989814523
0.0009905921392601158
0.0008734758268928999
0.0010187423627598946
0.001307271617861261
0.001403345906510367
0.0009374371466037701
0.000976054011857741
0.0008132759521686239
0.000945439003771753
0.001139218532898667
0.0012222151663081604
0.0012288100317618955
0.0017895811156449781
0.0011986827853434079
0.0011269511978753144
0.0008067840963121853
0.0012919394445134458
0.0011123507306365354
0.000875120502541904
0.001311016521071906
0.0013124368576882262
0.0009362749007095772
0.0014808654714215663
0.0011365555914153447
0.000863074222479554
0.0008817180936375735
0.0012120338942622766
0.0009557596318927608
0.0009016697024435416
0.001041359966507116
0.0011358466758792929
0.0011814839720045711
0.0009379802913827007
0.0011927144264518574
0.0008904437470391713
0.0012371788969858244
0.0013156264697045117
0.001088115366655984
0.001268876083372561
0.0010535956271269242
0.0006465875770800267
0.001305010952705743
0.0012449055579963897
0.0011832418263111322
0.0010226883998711855
8.509853978466708e-05
0.0011238140355089854
0.0013583277012685357
0.0010522403608774766
0.0010666581413261156
0.0011024918371731474
0.001430168015531308
0.0009370746433887689
0.001009460665613915
0.0011253582582639865
0.0012236672341714439
0.0012000735548554076
0.0010014155525936985
0.0011670032565689326
0.0012359456641206634
0.0011090555981354555
0.0008653787579078198
0.0012774514918874047
0.0010833381801376163
0.0009853042644181187
0.0009340847063299407
0.00010787811424961546
0.0011181570055214252
0.0011118657010911193
0.0009221338798965917
0.0014305150785958176
0.000140808455739716
0.0009742088245729974
0.001060408523244405
0.0010163040656152589
0.0012094428533373502
0.0012113148204662139
0.0013321646794111075
0.0013949907433925546
0.0009652289351151921
0.00018223406323158997
0.0009667753747635288
0.001081750739274412
0.0010165224880438473
0.0011821576467809791
0.001227557645052002
7.236179386893582e-05
0.00020443635833089502
0.0010744417854198218
0.0012606486968707031
0.001263343950995477
0.001004924775827476
0.0013255517162633623
0.001099531783893326
0.0008112989412438765
0.0012130776358389994
7.212963419078733e-05
0.001023993047397198
0.0011299015717440852
0.0010258778625029663
0.00126792200046566
0.001607788102774066
0.0010707304213610769
0.0010894158485825756
0.0011051531234897993
0.000978096758672109
0.0011355208207532996
7.692634062550496e-05
0.0011224137124372646
0.0009668775131785878
0.001452107109116696
0.0013275059707211767
0.0011219098768151525
0.0014104863267334622
0.0009242736141459318
0.0011202178588973766
0.00152498374939114
0.0011630741398676037
0.0014734663757280941
0.0010435755283424442
0.0011763746235828876
0.0011777474765040097
0.0010809443992911838
0.0009803843179270189
0.00013520792555254957
0.0013050765791149388
0.0010907928453889326
0.00010478384011758379
0.00116840957457498
0.0009925826501557822
0.0013002662083181349
0.0011009778877451026
0.001260814168063007
0.0009508882112641004
0.0007362193787230353
0.0014914982015170608
0.000991795695995279
0.001567260237834489
0.0012809213922082563
8.35014191125083e-05
0.001217231463101598
0.0015954845079022562
0.0009965178076072334
0.0010278494554540885
0.001131877310854179
0.001296056737373874
0.0008785275310856377
0.0013082889672659803
0.0012193205582207156
0.0009592521562353795
0.001349231314861754
0.001223227492573642
0.0016324237776643713
0.0012358758278878668
0.0013026695747839767
0.0012340665414285468
0.0009729535004225909
0.0010443244136695284
0.0011921452746719297
0.0012833592552397022
0.0010824056050751096
0.0016143984616974194
0.0012608592617198155
0.0010374836556366063
0.0013467825876887218
0.001190461709597912
0.0014581461396119266
0.0010310527184174134
0.0011868030835557875
0.0012036205669119227
0.001188068245028262
0.0009780371738088434
0.0016040809764490405
0.001014910072171915
0.0013242279800351753
0.0010293993025243253
0.0011423563666994596
0.0013811064542323948
0.001500901572399016
0.0013640557227176942
0.00011440550110819458
0.001214974312688355
0.001258149581417456
0.0009711865922099605
0.0012129139636272157
0.0009150934741342098
0.001141830656251841
0.0010979466876506194
0.0010421184208553314
0.0009376807819307942
0.0009014019649384863
0.00019605728277838352
0.0010306877985613028
0.0011935351158172125
0.0013952240396974958
0.0010848720563672032
0.001399576329959018
0.0010643749357086563
0.0010443578610193072
0.0010225154819636373
0.0013155831700260023
0.0011163079818743427
0.001192453167845997
0.0012586257579982885
0.0010954411732200242
0.0012792127147349674
0.0012279479954031558
8.84877717908239e-05
0.0014785899136313674
0.0012576656945384457
0.0013207353738380334
0.0014998831906041232
0.001096941359946868
0.0009581120731354531
0.001161833067499174
0.001127593573755803
0.0012756299804550508
0.0011421343026540853
0.0010728538863986614
0.0011024896101616832
0.0011354483143577454
0.0011619076716442578
0.0011945023941279942
9.545532006427493e-05
0.0012619682835293133
0.0009105391245611827
0.0012585111770704316
0.0011572677890399063
0.0013621916871215944
0.001004304913070797
0.001410096819881801
0.0012649278667140607
0.0011517270177137107
0.0015064089689644788
0.0010141803097667434
0.0011379894798437817
0.0009715802623304626
0.001536930307906914
0.00147212222645976
0.0012835547139502523
0.001037556638834758
0.0014395721884739032
0.0011891672965020916
0.0014303767817409607
0.001137857359708505
0.0012696906157998455
0.0013636780279284721
0.001171527047517884
0.0009624436906960909
0.0013885697510431783
0.0008800355682296868
0.0011717823489334478
0.00108683100916096
0.0014844709533008427
0.0011622306333265442
0.0009702836912310886
0.0010771329060617063
0.0015447072322558597
0.001458611542602739
0.001047787039965442
0.000990075480331143
0.0010243173920798654
0.0013064485626728128
0.000966028590823953
0.0011204823847492662
0.0011108869013014555
0.0012934368005517172
0.001182427635512795
0.0010447195591041236
0.00019317198928092694
0.001011718241898052
0.0012843570834775164
0.001195996691876644
0.001130947491446932
0.0012099240095722053
0.00123362044064379
0.001315247425054622
0.0013153094841982238
0.0013488585339018755
0.001170224686347865
0.0015477478349339435
0.0013062929440366133
0.0011887716827914119
0.001238863895537179
0.0011241319373311853
0.001146531134054385
0.001354878294705486
0.0011527942787097345
0.0012386283660816844
0.000978413730081229
0.0013692823388282704
0.0012564850574108277
0.0012298383278448455
0.0009890156029541686
0.001364960465252807
0.0007949400960569619
0.001155821095835563
0.001493958226376435
0.0009709303810723213
0.001509223349671629
0.0014366144184805307
0.0010424837601021864
0.0010879320421963712
0.0010244612694805255
0.0011080145245614403
0.0014149845550264217
0.0009450352703197495
0.0010153123288318966
0.0011633169139031452
0.0014362404763232917
0.0012712174020634848
0.0009278373397592077
0.0011166696650661834
0.0012640301156352507
0.0010379819872810003
8.378384745810763e-05
0.0011923746466209195
0.0012571639024372416
0.00013085007890367706
0.0011941011871385854
0.0009294036344726919
0.0012684988196269842
0.0009203155666455132
0.0010674295597254968
0.0013130262318554742
0.0011347311251483916
0.0012053907497602268
0.0014595393058698392
0.0011171535438734281
0.0012060064431125284
0.0010747914242301704
0.0001003048082566238
0.0011095826612290693
0.0015723160938705405
0.0010101389971168828
0.0008656166426135314
0.0013597921074506303
0.0006152703617772204
0.00010710785021217362
0.0011998393631529325
0.0007993390524916322
0.0010946656041141978
0.0013617310307836306
0.0012985140915589
0.0008125669004357405
0.0009432968129772235
0.0011552631556241977
0.0010749611228675349
0.0011589828351361575
8.55089607689763e-05
0.0013600336528725165
0.0012688264785083447
0.0008205965282286343
0.0012860262346521267
0.0014138839387669577
0.001351065568087506
0.001176075084003969
0.0012540696570795262
0.0010889856591802527
0.0012238035919835966
0.0011338541692111903
0.0009793901842840569
0.0014474623876594706
0.001492498587595037
0.0012152253007116087
0.0013408227989657462
0.0008954057600476517
0.0014853492461952555
0.0012207510086454931
0.0012032834515594004
0.0009333177006283222
0.001138512854822693
0.0011720986827867819
0.00119197464437093
8.294935702224393e-05
0.0011181194822711404
0.001001121582930864
0.0010398064295031872
0.0012818035791042348
0.0009145039308577907
0.001298410814001727
0.001170077460074026
0.0011246357978507149
9.514384487374627e-05
0.0011590157030241244
0.0010129988384051103
0.00117320272897814
0.0008592240131974904
0.0011908904160691236
6.943464654796117e-05
0.001229658215265772
0.0011974016867952741
0.0012193191016649507
0.0012836886999139097
0.0011334921426850997
0.0010770924052110331
0.0013268242836375066
0.0009754105836918825
0.0011520615507834009
0.0012546204248451431
0.0013940739910367483
0.0012746121952886824
0.0010442039822464722
0.0011535439771250822
0.0010758846838143654
0.0011113675939213863
0.001338038084213622
0.0011825669664631278
0.001249540059006904
0.0010817372198062003
0.0011577547256820253
0.0008614495302481373
0.000980538923158747
0.0011537429046484249
0.0010152153409990206
0.0014647122941369162
0.0013853693660621502
0.0002010816516531122
0.0008202294114880715
0.0013181818319480954
0.0012525475220854787
0.000989766916973167
0.0012566985186595048
0.0011324593841663955
0.0012752275822549564
0.0011204950235423894
0.0012147017521328962
0.001285968210709143
0.001035320709320331
0.0008910195671205656
0.0012353729262031266
0.001165202634729967
0.0012044877703374368
0.0011517047108213774
0.0010633002930262592
0.0014631087678935728
0.00010758592100046371
0.0009672826092810283
0.0011779807284710841
0.0012725687668080354
0.0012224198646890727
0.0011683914409559293
0.0011581056591012384
0.0009751828792445849
0.0012357953340824679
0.0009451389623791329
0.0011517959653701837
0.0010516802906295197
0.001148034634979922
0.0013689101692762051
0.0011905097667295195
0.0011267729598785081
0.0010920569804966362
0.0010477234820882586
0.0014008432074206212
0.0014390340982117777
0.0012416486749771138
0.0008673881774257097
0.0011471841003185546
0.001076772629971856
0.0010576860720448167
0.001206182702503611
0.0011008658917717185
0.0011357174206523268
0.0011560410323454562
0.0012892239315078768
0.0012142538686248372
0.00166502669867441
0.0009468667278724752
0.00021879953737879987
0.0010372539192076147
0.0010086614623787682
0.0013733469745602633
0.001045855038796617
0.0010612092025894526
7.174517890007337e-05
0.0012783139984549052
0.0013238809073072844
0.0012789591492037289
0.0013434123710567292
0.0014673392161057563
0.0014217715959148336
0.0013049349120137776
0.0013806635000719325
0.0009879527083285211
0.0013661178727488732
0.0012965012979293533
0.001133762622202994
0.0011469075610079926
0.0011357264324942662
0.001132655735773369
0.0011104058080491086
0.0011824572179648385
0.001265198878627416
0.001227238609089909
0.0013321487140274257
0.0011015469374342501
0.0009421127019777487
0.0013406532762019197
0.00121278886467735
0.0013690278542526357
0.0009288913822729228
0.0012231708279841769
0.001334358090389287
0.0010610436021352143
0.000986793065862912
0.0015349998271858567
0.000985649319886761
0.0011677666479954496
0.000811754140386256
0.0012873381260760652
0.0010021777302426926
0.0009369358713229303
0.0009432057215690293
0.001211843506155219
0.0012165276887117216
7.171573702180467e-05
0.0013537225215713988
0.0010077460906359192
0.0012170694848236963
0.0011263367831020332
0.0012789020703394272
0.0011564662873979614
0.0013616057842682494
0.0009575134406532015
0.0011619383383276727
0.0009912917396377452
0.00010801435246321489
0.0013170452726285475
0.001218507023395432
0.0015185541234359334
0.0010229193985651364
0.00124992518703948
0.0011552562777978892
0.0009247206949112297
0.0007968438803800382
0.0014283328910096316
0.0010324743672072145
7.681800025238772e-05
0.0014019971764582806
0.001080789618754352
8.814984016680683e-05
0.0011727838862043427
0.00123367424839671
0.001163824569857752
0.0012024104732972773
0.0011694485519910813
0.0011387018864752463
0.001236726439742597
0.0010525679854254122
0.0011552305667237306
0.0012042028109817693
0.0010979796381889173
0.0013222386987763457
0.0010743648635980207
0.0012806900100486018
0.0011886570702017707
0.001233648454899594
0.0012810270891350228
0.0010417137887088757
0.001149820729779094
0.001017248636117074
0.0010764282701529737
0.0011998040552043676
0.0012407754984451458
8.634910909677274e-05
0.0012595117050295812
0.0013143759213107842
0.0010607095459818083
0.0010985044061726512
0.001116951063295346
0.000896902672025135
7.593923697868377e-05
0.0011075250210978993
0.0011970693860803294
0.0010892587250737051
0.001167859933048021
0.0011077777751324902
0.0012260440305453812
0.0012795591115946081
0.0009631577518121048
0.0011998236741419532
0.00010412498204459553
0.0012780584161191655
0.0012741996881686646
0.0012855740785653325
0.0011404806687096425
0.0011142096523144573
0.001140940528784995
0.0013267922727209225
0.0013578832042639988
0.001527262982335742
0.0012050846007696236
0.0008845844387224133
0.0012440831683306897
0.0014392940838661161
0.0012835020136208186
0.0011194749736205267
0.001233641125622853
0.0013786677166081063
0.0011712566522419365
0.001315650585752337
0.0011857619150532628
0.0014558633912429286
0.001198339832626516
0.0014370124422384833
0.0014318619639652752
0.001016587848994277
0.001181454997322362
0.0012676864442937585
0.0011618535147590592
0.0011699003355261084
0.0013751048204539984
0.0011911673193480965
0.0014552030036156793
0.0013761215204795008
0.0011070361754264013
0.0011947366292588413
0.0009496363102243777
0.001281806108750061
0.0013780427257188421
0.0013289541390122395
0.0010022465353358712
0.0012057093370003713
0.0011111676011523741
0.0008379297601095459
0.00100640524112805
0.001302247260355216
0.0008108109194608915
0.00012392880705647258
0.0012259546415407385
0.001056248529948789
0.0009686971648079634
0.0009501875376827229
0.001364754956057368
0.001122015386727071
0.0009368947332859534
0.0010392535923529067
0.001151394536918815
0.0009553990842050553
0.0014332440171074268
0.0012393112942845619
0.0009963293241526117
0.0014886366674318197
0.00098563012716113
0.0014515495697651204
0.0011071961592961088
0.001096847810458712
0.0010996479488767363
0.000885732543792983
0.0011661482407134827
0.0013621206428524602
0.0014041024014659342
0.001057109882253826
0.0012638200853416492
0.0011525903204301358
0.0009097938229842839
0.001005433868954242
0.0010679225772491918
0.0009423448248071509
0.0011730157975762268
0.0014800981064126972
0.0010938641880784417
0.001194055033352015
0.001134764161406565
0.0011093061658584702
0.0011793798625490126
0.001106994630617919
0.0010687581433330706
0.0010992459303906799
0.0011456073229965114
0.0013125227721957344
0.0011843071121120374
0.001216965353478372
0.0008883782463726675
0.001021486267632099
0.0012961964098394674
0.0012810142125090351
0.0013974462976875657
0.001159652961860047
0.001081327550309652
0.0008377355248967433
0.000993293095689296
0.0012379519748719758
0.0010175408925761076
0.0016406706719180875
7.886407229307224e-05
0.0012547804440146137
0.0012581683013195288
8.688112939125858e-05
0.001154906618126006
0.001187690526080587
0.0011850335481540242
0.00033133223780623666
0.0011683623741873816
0.001403081207968171
0.0009484259649070736
0.0012942747284796496
0.0012791349645340233
0.001023598944357218
0.0013165734428639553
0.0012542800176902347
0.0009567577673124106
0.0009266458409911138
0.0010508218806535297
0.0011431893840381235
0.0011188889834556903
0.0012079799172397543
0.0008883122566203383
0.0010511825298635813
0.0013206370025500291
0.0008931288775215762
0.0012770971278541765
0.0008170929152129247
0.001137067324407326
0.0008928566909389701
0.0011599885126543086
0.0011343024805228197
0.0009201943213383856
0.001098113714306237
0.0013806438007577526
0.000878910408118827
0.0008470643392683996
0.0013568802191912255
0.0012384069868858205
0.001318061745905652
0.001228932964068008
0.0011755354911429094
0.0011709351199442608
0.0008707713834610331
0.0010556868157891586
0.0010061871389552834
0.0010728237361945503
0.0012138790153812806
0.0012249970882294292
0.0011951004607908544
0.00042974951281848917
0.0009457880884156111
0.0010706121254315804
0.0012245911109403096
0.0012156189105780868
0.0012325747072736704
0.0011954768474424782
0.000998195916054101
0.0012119598877688986
0.0010792383782245452
0.0009067155564252971
0.0011785128660903865
0.00091090510113645
0.0011745632160113928
0.0010805079014062358
0.001051489578003384
0.0011925996993795707
0.0012298162104116273
0.001299377165878468
0.0011680642228384386
0.0011587891615363333
0.0013330063943612913
0.0013899046116421232
0.0013149211761174229
0.0012626331493947873
9.752659445894096e-05
0.0013843953972809686
0.001495918046771294
0.001085026696728164
0.000991892716280418
0.0011543739315129642
0.001243539108600089
0.0014983149976615096
7.359253652339248e-05
0.0008515937602169288
0.001104648052205448
0.0013405783392954618
0.0012890963776044373
0.0010273319358020672
0.0010197447951441063
0.0008641565032121434
0.0012446094945062214
0.0008989539358026377
9.11419347175979e-05
0.0009716122419831663
0.0012398753299294185
0.0009651550958551525
0.0010118505156242463
0.0012077034928097419
0.0010896095870975842
0.00013370524055744681
0.0013462951607152718
0.0013427513750912112
0.0008897135940060252
0.0008849918742726004
0.0010160853714751283
0.0011871330904682509
0.0008901026451439975
0.0012196569307434402
0.0011514066675317736
0.0013728206664609388
0.0012561497899241658
0.0011911777921795874
0.0013802697142182296
0.0008851716975186719
0.001237111234445365
0.0009632228828877487
0.0014516215323965298
8.08871910749076e-05
0.0008820020256052885
0.0010655431142367888
0.0008983233410617686
0.0011361165672951756
0.0009698319159952007
0.001272118752467577
0.0011050426887777576
0.0011993696630270279
0.0010815773659942352
0.0013129010872034996
0.0012340053200432521
0.0007639333391580294
0.0009190118421429361
0.0013624565473264738
0.0015022525112726726
0.0009923888329694819
0.001090979322725616
0.0010397448900221207
0.0013099236559810379
0.0013554290302408845
0.0011389199430595909
0.0013417366473049697
0.0012260902615253144
0.0012009422023311345
0.0011444418537394085
0.0009593450394049796
0.001249710386332481
0.0010378156889601087
0.00111273173911286
0.0008734373004699592
0.0014247448517608063
0.0009011557649500901
0.0008991768905843855
0.0009922346902158097
0.0011607642748003855
0.0014408815654860518
0.0012310652781479803
0.0009609732403532689
0.001202928332531883
0.0010989250947659457
0.0010139348621578392
0.0011137090032207198
0.0012303220671583404
0.001293472931706674
0.001180019108687702
0.0012919030090188244
0.0010060449923798842
0.0011636660010481137
0.0015046324767808983
0.0008178068993629495
0.0011216878070854364
0.0013912318293023418
0.0008422523580975394
0.0010277474632403027
0.0011986677670847712
0.0014488699200683186
0.0010634395830493304
0.0012186173709096693
0.0013430758424419764
0.0010401681768144044
0.0009998741045365023
0.0010251654632611462
0.0012146259925316372
0.001245796170792346
0.0011835990101758398
0.0009482162464564681
0.001177353895855049
0.0011571805124503953
0.0009612458852643613
0.001236071373341474
0.0012728222748137341
0.0009694983443750971
0.0013873955949748051
0.001116102278501785
0.0009858718124178267
0.0014254092227474757
0.0013502192402938817
0.001185724473089067
0.0009674461737176898
0.0010861372791168833
0.0009356735599794774
0.0012941720835897286
0.000899689508287338
0.0010722413275061626
0.0012638452320743454
0.001319036777204019
0.0014834975202120404
0.0010626577138737048
0.0012919542605231982
0.001064839916807614
0.0011652454616069008
0.0012755165323596884
0.0012994996868656017
0.0010701818519009976
0.0013680312617907475
0.0013484828277796623
0.0009698292514030982
0.0010260654564717697
0.0009957132647286926
0.0009747601025082986
7.430305481648247e-05
0.0012799265564353846
0.0008625580463785809
0.00120007957798407
0.0014740784183686628
0.0017383319662940266
0.001420070436097376
0.001334416774170677
0.001206043286174463
0.0015733110159885655
0.0011791604763402574
0.0013707706689274346
0.0011170620089160366
0.0012226439844198467
5.978610831808458e-05
0.0012471515648257991
0.0011351422177767745
0.0014493043906895764
0.0010425021406490487
0.0011922978280836105
0.0008352864462040088
0.0013184293566155247
0.0010473302206719382
0.001113680821390517
0.0009113229370996123
0.0012438024323273567
0.0014326181865271792
0.0011498792637212318
0.001402183964046344
0.0010585061053234313
0.0008907250504535114
0.0011223403807889554
0.0009613548897959845
0.0013975169296145395
0.0014751226806311024
0.0011012067272986314
0.0013911457676840655
0.0009477782997464601
0.0009884434457489988
0.0011138108670820657
0.0010658332914772473
0.0012834201418172597
9.69124877201466e-05
0.0009701679979912115
0.0012420282591847354
0.0011656209380817018
0.0010786626785943554
0.0010626608261645742
0.0011522483996486699
8.75000575977225e-05
0.00128864315388455
0.001263943350181762
0.001167110295909879
0.0011925316582619416
0.001047748697374118
0.001366956506558381
0.0010964337136556424
0.0010944226620495101
0.0013960181065613142
0.0014795552417581348
0.0008839414163048787
0.0012523566858817503
0.0014727022337410745
0.0009230164729956414
0.00111144501374838
0.0012606449628265182
0.0010450825132011232
0.0010413555961577003
0.0011636462261321867
0.001406236148568496
0.0010226812563587373
0.0010731650439765872
0.0010813499350206257
0.0011002910891306783
0.0014118233923454682
0.0014219838392364181
0.0011405386264868866
0.001266870649772045
0.0010538191027080757
0.0010663087147122496
0.0010603681505472196
0.00129401949845942
0.0010734438810686697
0.001202319329081547
0.001108853159166756
0.0015260702502928325
0.00012152850240454427
0.0010536741897340107
0.001002817231778863
0.001038509366139806
0.0014648781609594153
0.0010247329287267348
0.0010332359518088197
0.0011440316119433191
0.0010191166456934297
0.0014430598309900233
0.0013477526558745012
0.001090885991061441
0.0012061759788366544
0.0013616749623679425
0.0008474808247456167
0.0012283473388379207
0.0016686849482994148
0.0011052591213456253
0.0010928555323062028
0.001120798798638134
0.00012027247851165157
0.0010684102236382387
0.0009372274043926154
0.0010848545575754542
0.0011112397024817255
0.001377715545004321
0.0014041218070133255
0.0011512846476762206
0.0008196427963866881
0.0013106052488183195
0.001697650845926546
0.001119258463972983
0.0011501859460167907
0.0011800262179804122
0.0009964851964241461
0.0010885078405635795
0.001881122016413883
0.0013175171852708445
0.0013872865706616722
0.001105211249068816
0.001248699369455153
0.0010201045218991567
0.0011619339024946385
0.0008825785653243656
0.0012798499828932108
0.001131351424191962
0.0011148815501655918
0.0009811392284291287
0.0013301161120580218
0.001254215836070216
0.0015153086465033994
0.0010521086081780595
0.0009740554596646689
0.0009991045610604488
0.0012976288880963693
0.0010082436402854
0.0016503455509564446
0.0012630219729317105
0.0011965878404680552
0.0013173700641573305
0.0009735635075003302
0.001193900356611266
0.0011237140744242424
0.0011088303422184254
0.0013853421173735114
0.0010926359237828365
0.001098355435715348
0.0010806069626596582
0.0013011590558562602
0.0012409884947146566
0.0013942472476173862
0.0013006157059862744
0.0015256922628452685
0.001317276306963322
0.001429009224807487
0.0010727808125921001
0.0014195400071912445
0.0008837339319143211
0.0014417588205333232
0.0013511918781432541
0.0008971677425506641
0.001122490279158228
0.0011077065498739103
0.00127886261589083
0.001401644442921679
0.0013038374808616027
8.438774318619835e-05
0.0011125810358976196
0.0013841767888607137
0.0015953775666730508
0.0009475957567701698
0.0010085939961754775
0.0010139222848692953
0.0009669049441072275
0.001235832593891928
0.0009775282868531576
0.0013242179717281033
0.0009661343440257042
0.0012420891636111264
0.0013898435541932486
0.001142300997514667
0.0009835195401137753
0.0011817817608061887
0.001450639498102646
0.0012473542236648427
0.0010812245762963357
0.00113232182820866
0.0012312820522311085
0.0008854787685095289
0.0009307709772201633
0.001121693371260335
0.0010337322221403156
0.0011396830993817275
0.001081348869320209
0.0013518052155632176
0.0013429088558041258
0.0010426348633245652
0.0015068638087996078
0.0009286736453759659
0.0013643251089661135
0.0014386162864639118
0.0011998073709946766
0.0009183461286284
0.0010863856232958824
0.0009943960468490332
0.001089618373725898
0.0010163830365854665
0.0011634197373950883
0.0010584519304757123
0.0011120536938733494
0.0009342231161326708
0.0016407536891165364
0.0012486196513918912
0.0010431874926553064
0.001650969436241212
0.001134668651047832
0.0010251722636667182
0.0015263882540921259
0.0010439926940648547
0.001084864280869624
0.0011340696753450175
0.0011749358568522439
0.0010791702891310706
0.0007798293413543433
0.001189874303918259
0.0013051516718860512
0.0013205642178490962
0.001402143922518917
0.001276118722330466
0.001417696127759882
0.0012474572529299621
0.0010336581588035187
0.0010893673884311283
0.0011427233516769775
0.0014200030425399746
0.0009748463785399508
0.0012252515659838537
0.0012417416171501827
0.0005323317082002177
0.0013055889760380524
0.0011511957582115429
0.0010328360384619373
0.0011877611577801872
0.001039575511640578
0.0011171421363087575
0.0010101925871595085
0.0010912042121162813
0.0010325038160772237
0.0010355713976650804
0.0013526794183462698
0.000967594168287178
0.001591696973150647
0.001636412252480568
0.0012674798999796622
0.0011741145069663617
0.0011874108275264916
0.0012504175183494226
0.001131845609620541
6.261899898163392e-05
0.001236908276723625
0.0012870129531847851
0.0011974350469472483
0.0014000709643369191
0.0013721993806825594
0.0011955163248558165
0.0012778191360212077
0.0010687781866636215
0.0010175895251904876
0.001433313073903264
0.0008861335196570508
0.0009631657138697847
0.0015218366146427798
0.0010634370596562803
0.0015506537934015796
0.0009584439637819742
0.001278748838331012
0.0010814830729941605
0.0012745411377181881
0.0011998011830200994
9.492088156548562e-05
0.0013292847713728406
0.0012718835846499132
0.0010743987846808523
0.0011377390419511357
0.0010208149917616538
0.0014990231338742888
0.001380754114506999
0.001228887494562514
0.00108316932210073
0.0008417829262725718
0.0010583899194784863
0.0011033175062493683
0.0011044780300153434
0.001389313041954665
0.00010832959602424808
6.927586174043654e-05
0.001407571232675764
0.0014109924757121917
7.127561320885434e-05
0.0011419737592177626
0.0011899046389771684
0.001432934420336096
0.0008847211329339189
0.001225073593786874
0.0013344206745387055
0.0007770366432851006
0.0014332477485368145
0.0009600053672329523
0.0010382333621237194
7.223028842417989e-05
0.0014272523320641994
0.0010064702518093327
0.0013722470155812516
0.0010723948320787713
0.0009943510654011334
0.0012699593105480744
0.0015876994855261728
0.0009763875128783184
0.0012556168936725953
0.001152836655592182
0.0012378941879660488
0.0011659559431791422
0.0010060956121833442
0.0011099348064362857
0.0012207601981799598
0.0010408409191313694
0.00010458157726134232
0.0011827131128256951
0.0012183354792796308
0.0012597637705766829
0.0010225058890682703
0.0010090568699752112
0.00011241497395531042
0.0010615704584324703
0.0015705509003964835
0.0008917360808027297
0.0010050651292203838
0.0015323928852239987
0.001406915088750793
0.0011575815005926415
0.0008077337438407994
0.0010664015701422613
0.0016087551999817151
0.0015629516187800618
0.0013708440164919011
0.0010531153644137703
0.0010961394384594314
0.001080995930692552
0.001020009454123283
0.0014806022600168944
0.0014426466506165525
0.0011218253426932279
0.001050792818091395
0.001191584303342097
0.0015979744902097082
0.000996979224964889
0.001031173820706499
0.001278271557566768
0.0010164049178911228
0.0010948571012932007
8.555248717811992e-05
0.0011904872404784328
0.0011408872433094075
0.0012400743639773282
0.0013876985378828977
0.0011117260008859375
0.001239341059601884
0.0009570202316808718
0.0011234003698064043
0.001165163956784454
0.0011450186228785242
0.0012466695936836913
0.0010901350817675848
0.0011911831063571299
0.00010521377134864451
0.0008992288522904346
0.0011192238540616017
0.00045668950008348475
0.0010762018125660688
0.0010400304340691946
0.0010994549875249504
0.0011790939831826108
0.0012598983587395196
0.0013257890434488218
0.001246729824401882
0.0009568189343553968
0.0016364494933895912
0.0011807999833308713
0.0011315830151943373
0.0012742330035280247
0.0012072103569380488
0.0011247144626622685
0.0009055453722339735
0.0011210428837102882
0.0011413637201940219
0.0009291136525462207
0.000981490268941343
0.001293003648697777
0.0009021806695272971
0.001518418769364871
0.0013335922773194397
0.0009862166067478029
0.0012461837716273294
0.0011530726810633496
0.0013596719725228468
0.0013950974080216838
0.0012432151969505867
0.0009693453544059594
0.0015246594953168824
0.001222502581072149
0.0014408410651185477
0.001128667513739856
0.001418370618125664
0.0013410083422513708
0.0013051547521172324
0.0016015190050211459
0.0011066638760439673
0.0013349004266274278
0.00127461091983605
0.0009073429458226201
0.0011420581880656755
0.0015033227712137887
0.0010753646675993878
0.0011603234556787356
9.670758026913973e-05
0.0014338529931592348
0.0014608353357061787
0.0001248214146016835
0.001108359939962611
0.0014608908584250457
0.0013536475959199379
0.001228309859016008
0.0011853474321696922
0.0010753600530506446
0.0011151692912108047
0.0010213536156129521
0.0013823783667703538
0.0010683405972713444
0.0011523461625984055
0.0011246777171436406
0.0014449879929543386
0.001004647481295251
0.0010947818011572963
0.0011015501738711464
0.0012599179574976915
8.700308535480872e-05
0.0010641557415738134
0.0009111327337905095
0.0014774104575963065
0.0010742314696017274
0.0011059426896053992
0.0013815424978247393
0.001041965981244175
0.0014127612347465401
0.0014751754921462634
0.001316179349032609
0.0014059167045843424
0.0011168722513730245
0.0012005629544660223
0.0009573734546393098
0.001376442551531909
0.0011480583409024803
0.0010514193820654327
0.0013428098372969544
0.0010955071599028088
0.0013676033929641562
0.0012177958939219025
5.8459243746256107e-05
0.0015269456156374872
0.0010445630709909892
0.0015057904168997993
0.0013255017659048463
0.0011910900269640479
0.0012726450892159846
0.0009123407504603165
0.0010119530575138924
0.0012594081981660565
0.0010400419822644835
0.0011913573496258323
0.0012357491360717177
0.001044792024117669
0.001206634873369694
0.0011927096360295764
0.0011048301843175068
0.0012206256287754513
0.00012774549134064728
0.0012128830517212918
0.0009327579807631992
0.0013766154802397068
0.0010215330769369757
0.0014595463237583317
0.0007753491577204841
0.0015114321828377797
0.0012456995267484672
0.0012430924043655978
0.0011530034449833693
0.0009957872107406729
0.0010822015342455416
0.0011024973370012958
0.0012335223750596924
0.001518409357913697
0.0012740182729658045
0.0012380301941448124
0.0011925272683583898
0.0014882544546708232
0.0013802513683458528
0.0012047791368559047
0.0011715341328226714
0.0010195600898441626
0.0012912760541894386
0.0012978175212765564
0.0008318209089566153
0.0013661180479402901
0.0012342205508275583
0.0014991460956821356
8.086709021881688e-05
0.0004357399481023094
0.0011936533278458228
0.0011174568603564694
0.0011145217267767293
0.0011995774245860957
8.091376048469101e-05
0.0010279904523713412
0.0014195974807762468
0.0009233564336454947
0.0011903902724270665
8.64813155203592e-05
0.0009115168795688078
0.0008954627658113168
0.0008974668189694057
0.0001095342408916622
0.0013805977000629355
0.0013523855775474658
0.0012008716256559637
0.0011743610757548595
0.0009538928300116822
0.0014886229107560212
0.0012541509030370435
0.0009963964884036614
0.001087324021909808
0.0011648366466943116
0.001344329097037189
0.0011400449673146795
0.0010125328340109263
0.0009251993926682189
0.0011261844416594613
0.00139112940769337
0.0013233616070920107
6.588500218640547e-05
0.0010762565311779326
0.0013966717535822681
0.001275021254400599
9.70989508459752e-05
0.0010413848642656376
0.0010779987230762345
0.0011021262785106956
0.0011127529314762796
0.0009372086551593384
0.001234599402778258
0.001128476161625258
0.0014664281409295654
0.0009058876812559902
0.001375119911699585
0.0010120304524434687
0.0010799265032801486
0.0010536992006109358
0.0009981372962215573
0.0011973906091498066
0.0014880529973879675
0.0010060584352231672
0.0013276208555907942
0.0012083090429086951
0.0013108415122360384
0.0011708005690707068
0.0010718117587202869
0.0012341864113523116
0.001328211834902504
0.0009237728351081387
0.000989577296081734
0.0011286147195050944
0.0012442601689599542
8.617689672973938e-05
0.0012410196733299017
0.0011436186715627628
0.0011561898578520413
0.0010006213196902536
0.0012425415561665432
0.0009261875727588631
0.0010847035699725893
7.676608402107377e-05
0.0010125644541858492
0.0011656127303467656
0.0013863135425253859
0.0010559937616108073
0.0013629707605105068
0.0011351372641001944
0.0014115142689661297
0.0011042469348012673
0.0012083940312095365
0.0014222080826584715
0.0012323452064038065
0.0013655060445216805
0.001261726967186405
0.0018193991867292425
0.0013472277443042913
0.0016158570355742086
0.001110808452835954
0.0009391761721531111
0.0012973283232895483
0.001231493152999974
0.0011643669029126613
0.0010214559965788794
0.00022259282508230172
0.0014734779426248679
0.001164461862117605
0.001271566984769379
0.001175377311142256
0.0014072782005314366
0.00113413471245849
0.0012930554495369506
0.0014553930348029098
0.0013580700672264356
0.0011888828751125402
0.0014982169313952909
0.0015524355561638004
0.0012682963383667811
0.0013063672622593003
0.00014212018004400306
0.001256321187725007
0.0012315531662920876
0.0013453920337269665
0.0011523644914177567
0.0012469117477849068
0.00120731508877725
0.001054517471516192
0.001322573605193611
0.0014077651906063693
0.001387149224683526
0.0012138125409251188
0.0011916775476947805
0.0011630937987092693
0.0008927138499075227
0.0010209101747022942
0.001242237754524922
0.0014127911173318353
0.001250811971544863
0.0017237946470913812
0.0011970996737318274
0.0012188004282052134
0.0010656205938630592
0.0012776900870221652
0.0011508054168416493
0.0011552560725931471
7.535965363558716e-05
0.0014336838002009245
0.001328608711673951
0.0010220983830322439
0.0014806411054451019
0.0010255574657094257
0.0011765274362005584
0.0012041535567277606
0.0011583683615299378
7.221234409371391e-05
0.0018869345312850783
0.0010801227342653874
0.0015026183077679889
0.0008710029030680744
0.0010284384808869618
0.0011587977251110715
0.0010193640438274088
0.0011878173588684149
0.0011772482681635665
0.001227887576987996
0.0008951468159921205
0.0010379434269225385
0.0013718117697862908
0.0010595484928899168
0.0013459800917416942
0.001391418516845988
0.0011945481659267898
0.0007942412541979138
0.0009693847337075567
0.0012119303121380653
0.0010621274097957212
0.0012098971590148722
7.86761183917406e-05
0.0011490478952964622
0.0011118369571931908
0.0013998161853123747
0.0011983045175156803
0.0009918421824295365
0.0011811907195351523
0.0010189902061483735
0.0013479679055308225
0.0009261994136977592
0.0010706018720156862
0.0015331871851458345
0.0013006168746869662
0.0011965938414277844
0.0014856801554969934
0.001132064198372973
0.0012769289000971185
0.0009476727055925949
0.0012589072787250188
0.0014011764051247155
0.0012962288046765025
0.0014557068743670243
0.0013904081077953379
0.0011105923194349998
0.0011601493445141386
0.0010901013743023213
0.0008730772115086438
0.001069238555260199
9.01108223843039e-05
0.0009011805395857664
0.0009657872606112505
0.0011352655146765755
0.0010963587825472132
0.0013338340213522315
0.0013166509066877552
0.0011703391893433945
7.438704925277762e-05
0.0012136801552742327
0.0012401799685903825
0.0012849786901369953
0.001073542377071135
0.001151870481635342
0.0009085794522434298
0.0011270770421560883
0.0011335062750958969
0.0011250501113408973
0.0010618008406027002
0.001288658555836264
0.0012657061326990515
0.0012183882683984848
0.0014875629880179986
0.0011217811709229863
0.0016424901139089343
0.0013015915665164357
0.001027457185273306
0.001456615344977763
0.0008765537392037004
0.0011376827087588026
0.0011612283085469244
0.0011101419972874282
0.001046531954443708
0.0012053018954247818
0.0015828319906177057
0.0014660618829793748
0.0017445984565256367
0.0012841952027429215
0.0012508566888982386
0.001466709501414698
0.0011903436434295145
0.0011539068289039278
0.0012116781936128973
0.001191923432202202
0.0013261633605452516
0.0010963439098077288
0.001359075127311371
0.0010769643565708975
0.0011293991403817927
0.001394009796968021
0.001215152711324663
0.0009533307554647763
0.0010379654356711399
0.0011084185105119104
0.0011232724910996694
0.0011194358204420496
0.0012627809710465954
0.0009859400270784136
0.0010837968901569184
0.001294124596824986
0.0013691466882619352
0.00012328594505106594
0.001284500175188441
0.0013989114895593957
0.0011408002480948198
0.0012706565539701842
0.001408335150131279
0.0016662589845282127
0.0011713580092873599
0.0013243187195257633
0.0011453217432517704
0.0011462893771749805
0.0011136513876408571
0.0009017383649734256
0.0010484540109700902
0.001160575192216129
0.001036997939536377
0.0008720276574649688
0.0004097690923003938
0.0010354905230087752
0.0015259159667948552
0.0013226789044438192
0.0010636144950240123
0.0012235108395657335
0.0011101786926701607
0.0015381335675783703
0.001470971776143415
0.0010765700216097684
0.0013037756611993245
0.0014547592884355254
0.0010923849956725462
0.00011417136920499615
0.0011986009753854887
0.00152129507432619
0.0007655184513168933
0.0014002577570408903
0.0012897469621293567
0.0010920660918145586
0.0010641968726758932
0.001224026866566419
7.158868629630888e-05
0.001215632877290318
0.0011111352137049835
0.0011609331714907967
0.0011922930955279298
0.001180039078349182
0.001268785013166962
0.001201328906404342
0.0011530645820130303
0.001257942620668473
0.0010475931615019363
0.0011775936116009689
0.0009949808741112065
0.0010258758711643168
0.0013507971077615366
0.0011466367573120806
0.001008372855608286
0.0010099683581756835
0.0011970614962137915
0.0011086092249570356
0.001080449821529328
0.0009530795524597124
0.0012108973480735585
0.0009635701993602197
0.0012863978261066222
0.0012611787395826468
6.254460221384855e-05
0.0009368633251369829
0.00108955093151053
0.0009098758596906009
0.0013507040487183986
0.0011331425768048575
0.0011417667285513744
0.0013184122519760422
0.0009718849671571661
0.0012937314929786226
0.0011898937224259498
0.0014454470414193565
0.0011008050732925767
0.0014775086768850088
0.0013451266310084975
0.0009287939594742056
0.0012286239792729248
0.0010855171765342675
0.0013201004205711797
0.0008830572709257467
0.0011104875907221867
0.0007952075782213797
0.0008661913311698299
0.0009784900156546428
0.001162570846190647
0.001215429486251196
0.0010097616350321914
0.0009143887950813223
0.0011059005209972383
0.0009606078972410614
0.0009678301414624002
0.0012412044086431706
0.0009284757279601763
0.0011608411546149
0.001258537496369172
0.0008972155799256143
0.0012735718464682577
0.0011356466601455395
0.0011056149628529965
0.0015674454730287835
0.0008789598329030923
0.0010500114058231702
0.0009692466717297066
0.001152159289631527
0.0010134054451782504
0.001161801437547183
0.001304737637838116
0.001119726401270782
0.0013260530794241276
0.0011503470253728665
0.001177345108942518
0.001278328326634437
0.001044176920117934
0.0014301965879894851
0.0010674298382582492
0.00010910057420687735
7.263995964024161e-05
0.0009791065008357691
0.0013647092428072938
0.0011767500925543573
0.0013773051007319737
0.0012727544335575658
0.0007820569660452747
0.00010962308624584693
0.001079669726721022
0.001023071135250575
0.0010260118112910277
0.0009283532875770106
0.0011921357461233129
0.001004429813860952
0.0011024859222743544
0.0013964702372959437
0.0012647004871269019
0.0013236200377377827
0.0011134443451510379
0.0010982697414192444
0.0010519798731820629
0.0009765310212515033
0.0009730284527904587
0.0008890140380799494
0.0009271168706845856
0.001163343764687852
0.0010553440881722054
0.0010141878444756003
0.0011021375410109613
0.0012364181291104615
0.00122604497573775
0.0009387343031903583
0.0010383843851968777
7.177146653702948e-05
0.0011574478266993538
0.0008081430564743641
0.0010310866022109622
0.0010397352966720064
0.0011616042324931186
0.0009582230118212465
0.0009935033260717319
0.001017803978925258
0.0012397131640682346
0.0010560545106272912
0.0013041495706147543
8.144223039785459e-05
0.0010049277168491244
0.0009111239882031441
0.001058143744330664
0.0013235263679689524
0.0010437917228500737
0.0009980350824889683
0.0011029837651221897
0.0010862477241744273
0.0010451269964733
0.0013106510239140334
0.0008961645348790626
0.000921258047782203
0.001182854433409375
0.0008372458530629956
0.001232997624242671
0.001333076796640853
0.0009546968115046184
0.0010315270153569145
0.0009534947496376844
0.0011430411682340491
0.001406509767548414
0.0013436752801680996
0.0009968143277774288
0.0009760876640712013
0.0011873520768403978
7.844630408726516e-05
8.890357048585429e-05
0.001189889946317635
0.0012790205071269156
0.0014393798610399244
0.00101103913902989
6.91841614752775e-05
0.001007938694783661
0.0010282550518923017
0.0009432143491494571
0.0013339900340270106
0.0011608388987838225
0.0012196269005926297
0.0011616095582667185
0.0011026128535149837
0.001355895043388955
0.001018234552134345
0.0010031875032154858
0.0013260546950277785
0.0009271944209103822
0.0015409279094455997
0.0008624738627531769
0.0012238778571145303
0.00043034740673419947
0.0013872071051537205
0.000977481372501643
0.0012800728129604977
0.0010850615519188977
0.0008914644741935263
0.0012017081771205085
0.0010664591477507201
0.0013538682651415002
0.0011282785271760076
0.0009383398430600209
0.0009928479746577068
0.0009926110495825924
0.0009404052442505417
0.0014159696368096775
0.0011119628637743517
0.0009674928256799831
0.0013995882973176776
0.0012179203715732
0.0012473124803591418
0.0013339116463839673
0.0007771810458052641
0.0011721540028020172
0.0011114174910744623
0.001035302967352436
0.0010129435595445102
0.00110837710656142
0.0014698690705472472
0.0009717502156263436
0.0008806760232573652
0.0010467401309597335
0.0012697982326699275
0.0009529193835078331
0.0010955276208051146
0.0010129579324029692
0.0010838060001105987
0.0010920710385562415
0.0008958044063547277
0.0010664546521184093
0.0012322071389689881
0.001308875372728835
0.0012237662011784778
9.759113231666561e-05
0.0009929026783765948
0.0013025683724663395
0.001125258156093878
0.0012913185080378753
0.001117048341939153
9.939502820088819e-05
0.0010485775676443154
0.0009311904364039947
0.0011876470071001677
0.0011758243390431744
0.0011672745972646226
0.0011486927296573413
0.0012141420095304056
0.0010227852990283282
8.272803370346082e-05
0.0013354752537679815
0.0010205305422914535
0.0009878891528387612
0.0012474164777813712
0.0009503824351213552
0.0009154252309144795
9.270373584513436e-05
0.0010580744035451062
0.0009536196770341121
0.0013769668548775371
0.0010540629114075273
0.0010270042744195962
8.646064816275612e-05
0.0008788111582589408
0.0011151188642770649
0.00012217064715969173
0.0012580991350432669
0.001035093079735816
0.001157485741146047
0.0009404072204688418
0.0010496147679077694
0.0012656280234750739
0.0012690705062823326
0.001222257625840939
0.0009173529052759477
0.0011985577814357384
0.001312516313305423
0.0010865144415674877
0.00137884326341009
0.001119152587989447
0.0011118201207409584
0.0009073866683593224
0.0012062558854495364
0.0011212116442038678
0.0009619008767458581
0.001096884953881272
0.0009245804898228016
0.00011331011899073928
0.0009418220118391218
0.0011479374527425534
0.001237565502151483
0.0007729256024049391
0.0012323244928893473
0.0010289585254668054
0.0001161409880978681
7.905435620614298e-05
0.00011632829739482986
0.0012204047616251046
0.0009559067455029435
8.511104556419014e-05
0.0009981763307678193
0.0009351455793193963
0.0009982937485801813
0.001058812423480049
0.001481338001099175
0.0012925931289373693
0.0011713380140463414
0.0013882115467822587
0.0009005607828385109
0.000934920081135715
0.000911778224462978
0.0010578870391668715
0.0011059362425385189
0.0011044798925468058
0.0011134656493823059
0.0011907743510164437
0.0010983224233314104
0.0009333931823221064
0.0008897993398022663
9.277387493966671e-05
0.0012720806923880446
0.0010210661000655818
0.001005383794449699
0.0012177729704490048
0.0008722091467916471
0.0007663201622563065
0.001109218736701223
0.0012826424315335316
0.0009416532951718182
0.0013750052184491324
0.0010997735806768105
0.001049401518457671
0.0013043735619930885
0.0010429005824335036
8.411825217535807e-05
0.0012727625443176294
0.001199859912503598
0.0009078715936539083
0.001081848433614141
0.0010575113822142157
0.0014857028586447996
0.001580619812330042
0.0010616242707328638
0.0010645071149610885
0.0009657767869839518
0.0010188017647578818
0.0011956052869663836
0.0011918527566194825
0.0010455436884058145
0.0011331096663980134
0.0014080186526825855
0.000940896762358534
0.0007744682369548173
0.0009711042625895061
0.0010746876351959145
0.000897688071063385
0.0012899887256025977
0.0011253189936724084
0.0012644897001337085
0.0013805499163481727
9.882012363959802e-05
0.0010890956419871145
0.0009737844890764791
7.961208939377684e-05
0.001104432157944757
0.0013221490012256254
0.0011003036328816052
0.0012555037079664544
0.0010428761489720273
0.00116395713610018
0.0009828435590861773
0.0011309993149097863
0.001135325136829124
0.0012060384966616766
0.0007164145854403614
0.0013016444852382847
0.001126684225482677
0.000955704943407909
0.0009081588079880021
0.0010752859928402358
0.0011300555204343254
0.0007540147756799342
0.001101687265304463
0.0013653029269562467
0.001003828003149465
0.0009667811756344236
0.0011000106608207716
0.00012110225725336932
0.0008969664428377655
0.0011850898746388339
0.0011621723705275144
6.625965340845141e-05
0.0010473385534623958
0.0010909634511335753
0.0012940448314111563
0.0011711467747090865
0.00010113391642363467
0.0011297542325792165
0.0007837808838075944
0.0009310580585406569
0.0012586960147018544
0.0013038319600582327
0.0010544829526679678
0.001015793657870745
0.0011699500909116978
0.0011058186440777718
0.001211030989907158
0.0009863307027444534
0.00013472207405129666
0.001184304764137778
0.001256055003068468
0.001377095754264701
0.0009561558928226077
0.0008679399253423981
0.0009019778982519711
0.00024419793055585615
0.0009595371084287763
0.001261824427956526
0.0011385308778244507
0.0011959739067606279
0.0010448602359929282
0.000927710630094225
0.000953083585955028
0.0008563550962890076
0.0010712909456742636
0.0010115588456756086
0.0010314564181612695
0.0011190725186907002
0.001136980361593487
0.0012141891520514037
0.0018899956713767097
0.0012866773234918583
0.0007819586138566592
0.0009080637726128771
0.0009706898787271712
0.0009455463413132748
0.0012415474400313542
0.0010944805922008527
0.0013888605240026664
0.0009826444136251666
0.0011053671698846301
0.0012063291779895735
0.0013112948565776605
0.0011684765673862785
0.0009399008578157009
0.0012922072340870727
0.0011468772916600756
0.0011154597450513393
0.001083511724800701
0.0013937617941337521
0.0012248238813299395
0.0008727448765739609
0.0010860005359063507
0.0010379687834074502
0.0010794341908422211
0.0013599503344039476
0.0008461761251510325
0.0011666726654766535
0.000803908686179966
0.000812468875437844
0.0010097576282532827
0.0007365665941279076
0.0011288884700206836
0.0009432690719677339
0.0010143969509499584
0.0011772541648724655
0.0011489338129422322
0.0012056125533490558
0.001066393825567502
0.0009956907225614486
0.0009405250245890784
0.0013519162257864537
0.0010654054074166197
0.0009539344548556983
0.0010969641061819857
0.0011625588249444263
0.0011653610628172828
0.001114354779815585
0.0010006562345097336
9.300725662342302e-05
0.0013758485547441524
0.0011654925350512713
0.001578537150635384
0.0008745757102133211
0.0011328891459925217
0.001009570265750881
0.0013741894968006818
0.0009542661064187996
0.0012354126849913882
0.0010655793744263065
0.001089856350631635
0.0008295618291640494
0.0010385121813669684
0.0013898816774826628
7.224689329632383e-05
0.0012475481156570822
0.001259415631864158
0.00126681203789758
0.00088698012984878
0.001362459369033786
0.001178801573587407
0.001015208524705713
0.0010218042342557965
0.000916848992346786
0.001120692205290652
0.0010352275785407983
0.0009834009291580514
0.0010362855919083813
0.0010765370999479273
0.001245318087853775
0.0012964673737769772
0.0010448644632106152
0.0012266958287909802
0.0012251337800535111
0.0009198829710612699
0.0012107293011922593
0.0010488976952274243
0.0011928497324333875
0.0014470405757265326
0.001006286842823556
0.0012940964832068858
0.0016979717970571073
0.00014272825143279988
0.0011405148177345836
0.0011523044454406772
0.0009702394916075718
0.0013943018677764485
0.001057433718642642
0.0012894643230083602
0.0011965478931870166
0.0012956532036696444
0.0010950438137342644
0.001420853350168727
0.0009889785717405175
8.329579424071198e-05
0.0012688756709167137
0.0011010811914502483
0.0012691159145106212
0.0013005123163338794
0.001323546497587813
0.001163790943337517
8.368301364439223e-05
0.001232270466061891
0.0011308959491316273
0.0011711808691643455
0.0011373604484106181
0.0011305416443292415
0.0014140988101871699
0.0012450206106677797
0.0008293065732232208
0.0011416894922149368
0.0009653892126380015
0.001062748379695222
0.0010244187549233175
6.780819489904388e-05
0.0010634065640715562
0.0012986215298269599
0.0010203281660778885
0.0010144577313440095
0.0009550271049647563
0.0013434930915536825
0.0011616697010481403
0.0010299232100123845
0.0010561051337845129
0.0011605232135138976
0.0003356920947226172
0.0014245023160128767
0.0011469612825294462
9.030693979639182e-05
0.0008464067125260044
0.0009711344176821513
0.0012116734694700426
0.000832944918784051
0.0008646761233421785
0.001121957828900122
0.0010326582018365116
0.0010131784304121538
8.850157570350348e-05
0.0010051090304159516
0.0012162170947931372
0.0010931707062127316
0.001251275291224374
0.001202031099069245
0.001045621389266671
0.0013347244151873383
9.202070259561879e-05
0.0009875860888541865
0.0012776610336686645
0.0012731995527701656
0.0008387156260596385
0.0010908695645639455
0.001273167846306933
0.0011641590592716966
0.0009803074316323546
0.0011539217716745043
0.001058637857568101
0.0010667779977211467
0.0011686490972806496
0.0010568831607997708
0.0008492753183872992
0.001064992771262041
0.0012386983960368525
0.0012245016939687048
0.000989029052789192
0.0011199776656098948
0.0011534831191966077
0.001059049111972854
0.0009819528459047433
0.0011201170877939148
0.0010548113707500306
0.0011668734967429373
0.0010210367224772199
0.0010314791832115588
0.0012647809911641161
0.0010847147500498977
0.0012101726538276125
0.0013972786450722197
0.0010375311341022098
0.0001745642441619566
7.495983663829975e-05
0.0008177528144415191
0.0009386997737692582
0.0010364010323655748
0.0014457939240628548
0.0008131388012770913
0.0011206711180875573
0.0011997570785524658
0.0011207257151681915
0.0008173294281732524
0.0012057183425895346
0.0009038052897949456
0.0009869771562307506
0.0009660696426863069
0.0011951998864105917
0.0012174050938256187
8.33443680221535e-05
0.001088748963013586
0.0012292809444716113
0.0008910001311051019
0.001010026111885054
0.0009941259376091693
0.0010730341177804803
0.0011993350799457403
0.000989278959764306
0.0012554097546626508
0.0014519779417696554
0.0015329089271745033
0.001338260946340597
0.0015566892574270241
0.001081680736888302
0.0014056545896892203
0.0006705572809551086
0.000654438652418321
0.0012545056281396683
0.001257968935988174
0.0012193934984452426
0.0014197122227415093
0.0012210630619620133
0.0011598062640132412
0.001331413008756499
0.0009906719324135338
0.001319650755931434
0.0010176495828773113
0.0012956020098044974
0.0012895412252191818
0.0010880544609790377
0.0011041756827125937
0.0015007836648237571
0.0014679824378163175
0.0012549110822419607
0.001023360230419712
0.0009042058788963914
0.0014554093561400805
0.001295502745279009
0.001432569737517042
0.0011094678769723032
0.0011129496515422943
0.0009782872127743758
0.00106295636737741
0.001253897700962625
0.0014672625829916797
0.0008585323002989753
0.0013031580848519297
0.0011576814301861305
0.0010154472013255145
0.0006858948524950392
0.0012744071848374006
0.00118268808864741
0.0011301383970021561
0.001231973552535237
0.0010750706285307388
0.0015741284846626513
0.0011009930383352184
0.0011204514747760186
0.001091222277182169
0.0013995729837006365
0.0010446618695141296
0.001196000745096626
0.0009195737313802965
0.0001554499435769685
0.001387331065188846
0.0011661604994515073
0.0013064089716863236
0.0009466169440202066
0.0010865780595850083
0.0010585531887272737
0.0010885038874448583
0.0011439462067528439
0.0009899579520151747
0.0010517441613728806
0.001103447324339868
0.000918480404152433
0.0009493596000993421
0.0011598615202501605
0.0015613854965295104
0.001256951329196454
0.00116903560387982
0.000849162567192252
0.00114238259288868
0.001203589434908281
0.001148882646475613
0.0011377208643352787
8.152439218633845e-05
0.001031171284012089
0.0008843739567510056
0.0008862031027092598
0.0013003423478039622
0.001250015538602156
0.0013811698656809313
0.0014919780362561141
0.0010795404547252474
0.0010834557785983634
0.001004552169888484
0.001188259909667977
0.0010596751066032084
0.0010635205885591859
0.0010555050621405826
0.0011306595440601086
0.0011027154322391652
0.0012051975236317958
0.000980176637938257
0.0011003417394022108
0.001114737499392504
0.0010980512549849664
0.001474081676633432
0.0010584005247551431
0.001139580505196136
0.0007790561729734691
0.0011146924832701188
0.001103290296157411
0.0011321656932068436
0.0009946131734750452
0.0017621350746139797
0.0007800128780672821
0.0008282134480168679
0.0010494867943862118
0.0012396066192650324
0.0009599251370104867
0.000979745941094734
0.001050011277698104
0.0009563846100490991
0.0010215829212256722
8.879780364168255e-05
0.0010514310208691313
0.0012606917983930543
0.0014683538943245367
8.420214112447866e-05
0.0009838846324328188
0.0012177196548464053
0.0008519721800439584
0.0012426747030076513
0.000904451488736413
0.0012992180621722582
0.0010788288280991765
0.000944731971571855
0.0007369012658955398
0.001132620830730957
0.0012373670053875685
0.0010819371065053929
0.000994200765376263
0.0009877372143591856
0.0008362902322005539
0.0010403094756838982
0.0010317462894136042
0.0011612670846261608
0.0008317422559684928
0.001014503239446185
0.0009669690738292047
0.0010449942176364857
0.000873664092978288
0.0011507409832347548
0.00011802032349805813
0.0012048906050949881
0.001350606493815576
0.0009553035642966279
0.0012279331697300222
0.0011316564482513058
0.0011375399844837375
0.0013830325229946538
0.001120657131423286
0.0011290330537576665
0.0009967528429797312
0.0011092707828765924
0.0012320297598762409
0.0011787654220825061
0.001452388777465785
0.0012537874582676523
0.0009558779119061
0.0009743291736867832
0.0012028024571009155
0.0011866366636468229
0.0012619962785720418
0.0013954004904235262
0.0011061049565341818
0.0015429101304107462
0.0012901747625164717
0.001088213366074342
0.0012665462065797328
0.0008700186050418779
0.0009410474519881973
0.0008798888039791564
0.0008880852287802554
0.001026380458370113
0.0011324042407068191
0.0011035894017368264
0.0008987462465483986
0.0012024232137264335
0.0012162963180344377
0.0009449044662233064
0.0012384692611249193
0.001060777457723816
6.708889092976733e-05
0.0010497053337985562
0.001154919014538791
0.0009830090749574083
0.0009543106792762046
0.0013211827852046554
0.0010512064175145497
0.0009963532282881715
0.0011550965881497177
0.0009027658661580062
0.001065337028421709
0.0008806443354387739
0.0013100041185225564
0.0011602768142893183
0.0009301518787196983
0.0011743952064762198
0.0009047841055007666
0.0008787048936937936
0.00010234056301783312
7.654240209831187e-05
0.0012212116835144116
0.0012095859186160851
8.157476440828759e-05
0.0012408999701847279
0.0010806581457245557
0.0009002228424606074
0.0009443652294294225
0.0010753228436897189
0.0008381257200653636
0.00010993356022481748
0.0011293106219341098
0.001096130788823757
0.00110832103678149
0.0009925957120913154
0.001137820263352296
0.0010097220333591395
0.0009115072292615878
0.0012439437003877174
0.0010053048047211632
0.001297198285669765
0.0011214351231956243
0.0010005064855249657
0.0012180926644305146
0.001012898457929623
0.0013332028556760633
0.00111487766537266
0.001423594678271911
0.001138107125825627
0.0012350593785868114
0.0011333635769688044
0.0008694009915188872
0.001317098890467605
0.0014675598035864823
0.0009287495021226277
0.0011773126246339416
0.001048538270424615
0.000742730506431144
0.0012989893382382434
0.0009417362974772914
0.001242900483930498
0.0010732525515777525
0.0009729067994612706
0.0013741857959530535
0.0011563198878548064
0.000928242377085553
0.0013239050863376178
0.0010467681972841092
0.0013607005632820801
0.001156168979719041
0.0009517794283055991
0.0009369333463276064
0.0009601498439906209
0.0012592085982987555
0.001322606018334227
0.0008626990320408368
0.0009477782757585373
0.001220441069676781
0.001016245622849965
0.0011369532687695028
0.0012721582052108715
0.00117240490385484
0.0011378667441022117
0.0010226294140238679
0.00121022839618945
0.001194537662172479
0.0012934863073041925
0.0011975544759934564
0.000989531765526408
0.0009659534482580057
0.001042605075440406
0.0011292345081983513
0.0011155328796803587
0.000755144495087734
0.0011284817995829144
0.0011321575473175471
0.0009159014319948255
0.0006811454679791495
0.0012069728358028442
0.0012042197938626487
0.0013198526203268557
0.0010746117996802695
0.0014243129635360674
0.001192401596711079
0.0014313344206584588
0.0010708969145980518
0.0014496792092586475
0.0013009985641474486
0.0009790408651042526
0.0011117693120468175
0.0011912926364630039
0.0011699051859750398
0.0009069090929187951
0.0010080088507038454
0.0011537169053781327
0.0011154717576573603
0.000999451795337336
0.0010597792019098051
0.0014410353044240765
0.0012112946640172595
0.0009320973103967845
0.001130021071048759
0.0011868753800854392
0.001191327406218079
0.0008519252568248703
0.001314574976277072
0.00122076820480288
7.47868334656232e-05
0.0010076756163925893
0.0010054047570520197
0.0009683664419526394
0.0010769084281037067
0.0012012007547355097
0.0011249087767737365
0.001210900055411912
0.0011072475469973142
0.0013285212132814195
0.0013553974752085196
0.00156747249207001
0.001038640041429062
0.001228136189183715
0.0010524109709422191
0.0011930528836501253
0.0011751902954983962
0.0013729244199112145
0.0010996983348832146
0.001273740587521388
0.0012319685508828115
0.0011454472419245576
0.0009047543012457027
0.00029583546358935564
0.0011265466883969566
0.001042512359617831
0.0009972624828833432
0.0012188108493091931
0.0010344526175458668
0.0011479860651206764
0.0009700349444301537
0.0011201048353655096
0.0012156416562447703
0.0010707800427098846
0.0008872599192955022
8.39793324303173e-05
0.0012333650220170966
0.00082034952538379
0.0010401363144865172
0.001168947997257419
0.0010707777811376218
0.000678420158692461
0.0014436858582485002
0.001112570895315912
0.0010335021896707985
0.0014022463471974334
0.0008474058907950166
6.088748648380715e-05
0.0010793906036496992
0.0010006510590301332
8.231197864461137e-05
0.0010596344118312118
0.0012048598944716105
0.0015118735219630253
0.0012961748643647297
0.0010564093823859366
0.0011715415091657633
0.0014038880623274963
0.0012189309927634895
0.0012527485728242027
0.0012536396354789758
0.0009972475234008016
0.0008959496038869474
0.0012798875011412747
0.001261618429907685
0.0012522714231408827
0.0015780531516611518
0.0010252165188830986
0.0010133891735222278
0.0012098044887807191
0.0012087169209280546
0.0010189518121705987
0.0009809030474343672
0.001075645989885743
0.00011494716909510316
0.0012270611955500499
0.0013700024575200587
0.0009057108712795525
0.0011268326627487113
0.0012159099890141079
0.0011949222612201993
0.0011193519425205523
0.0014229191140202602
0.000928978066781383
0.0009545700822854997
0.001117193067216249
0.0013257842074381188
0.001110373124902253
0.0012829600011627917
0.0011145791478384126
0.0011327643239837926
0.0013514275592569902
0.0009537215291857137
0.0013700356141725933
0.0011394387117888982
0.0010729437585723645
0.0012471568511500664
0.0010585353029455291
0.0008433937638301359
0.0011288222601706366
0.00098866117889429
0.001047422516876395
0.0008868126419656619
0.0010098055239495807
0.0014024889028405596
7.227799585507455e-05
0.0011368671098352934
0.0010328486926027836
0.0009086856053954762
0.001203289572686117
0.001054977118997158
0.0013604726946141454
0.001168942914659965
0.0010407021225660174
0.0012261293873052637
0.0008399769555644809
0.001392919183331287
0.0010886168599881785
0.0011924205757622985
0.0013110316804159083
0.0012062488081028278
0.0011971036171871674
0.0009844495374409235
0.0010955316661238612
0.001060045092344808
0.001132073114376908
0.0009727927318863294
0.0013262380837204546
0.0011925284001108594
0.0011812336719003724
0.0009400930750871339
9.141115492639074e-05
0.0009351905499670465
0.0012985368075533188
0.0011142366674903315
0.0011238365615326984
0.0014808202006406646
0.0012398694232160778
0.0012223968037687882
0.0011920614070959346
0.001106382560237762
0.00119668779393578
0.001112398230816325
0.0012977365357755843
0.0013307640895163786
0.0011870783552012654
0.0009646456182963448
0.0015323399302360485
0.0007193292965439468
0.00010920241561507282
0.001141707453143681
0.0011408952880174184
0.0010405128682577924
0.0011445851395137652
0.0010157611210388495
0.0008336272176165949
0.0009950020767064416
0.0011043059279245426
0.0009721028492322148
0.0009875322855350532
0.001173862564655792
0.0009974005749882053
0.0012439517951179369
0.0013982233539309163
0.0009816927881729498
0.0012062172405649108
0.0014252495598157111
0.0012451724725224267
0.0008375430998057709
0.0009086016143555753
0.0013082339062293613
0.0008965579190771678
0.00138211426133239
0.0009917453990055947
0.000976963004859499
0.0012555380480989697
0.0015108587713257293
0.00135204434809566
0.0007746485705411033
0.0010726645475642727
0.0014291457151784925
0.0012651411817614644
0.0008633722378590392
0.001401385266831312
0.001030146441735269
0.001308958071717825
0.0014511987833429885
0.0011196473298014098
0.0008802247116364015
0.0010765470190108317
0.0009199509307791232
0.0011081294437076394
8.753160796004522e-05
0.0007948542487383747
0.001109129209794446
0.0010827030265545545
0.0010161909185626428
0.0010145457664521018
0.001082793590512665
9.873083058664633e-05
0.0008491176417919633
0.0012703781485470245
0.001231913182465405
0.0010600075721640678
0.001123287147947849
0.0014966889852985332
0.0009674076561623224
0.001217795567754365
0.0011779821742265995
0.001379515208441262
0.0009889964476315072
0.0010234856201805087
0.000972699046769776
0.0009765304139364162
0.0009847469923442986
0.0009925358168629828
0.0010765704430468759
0.0015374016109035438
0.0013754646211054933
0.0011229073943468393
0.0012348890546718394
0.0011306148167022911
0.001130534659978366
0.0011241767473393338
0.0013511190635426829
0.000985610865882336
0.0010302998989573098
0.0015098270635007793
0.0010570912147613853
0.0010681179121547757
0.001295463910196304
0.0014266536583136258
0.0010693890162656317
0.0013268910093984232
0.0011926287252208567
0.0010908132488793854
0.0010090724406381923
0.0012565761973064582
0.0014080080260328032
0.0011707497910720122
0.0010168921018021138
0.0012099410060955051
0.0010213484176802012
0.0015775654228491476
0.0010624834010286577
0.0008953895379590904
0.0015149409707646555
0.0012685012789006578
0.00011555407843388821
0.0008601001045462908
0.0009571363223699336
0.001260100330455316
7.086264190547809e-05
0.001401270698920598
0.0012477086147555383
0.0010783440826571677
0.0011650298581571406
0.0013220531361639587
0.0011189261441586495
0.0009744002929892304
0.0011722286019448802
0.0013914660494265263
0.0012317325542881008
0.0013160913139245167
0.0013137766186446243
0.0011671946323303928
0.0006770614289735022
0.0008751275476015508
0.0010032443581167172
0.0008506322717494186
0.000970008925150978
0.0008471258615827537
0.0011880175293299544
0.0012210341629952381
0.001272136707257232
0.0011158336020571369
0.001006277387659793
0.0013448502099890902
0.0009008010176785319
0.0012053844125148316
0.0001073177418220439
0.00138509621740468
0.0002914677705803115
0.00125565041810205
8.271872138720937e-05
0.0010855850475763873
0.0010141425480014732
0.0011640136525556954
0.0009302586904595955
0.0016986411226298515
0.0012531042282262206
0.0011790697618607737
0.0009865937404356373
0.00011427606090741449
0.00113657881911422
0.001207151321409583
0.001248088026500227
0.0012664045459587214
0.0009059163539859583
0.0011119766664933195
9.44238191777913e-05
0.0009011760428165871
0.001158725342179423
0.0010592598106313744
0.001346036479048962
0.0009078195247411713
0.0014013187075079259
0.0011069380107073812
0.0010030605749307142
0.001216087242426056
0.0009960165027678158
0.0009841478552061744
0.0010122240842065366
0.0011989996437478112
0.0011155472155905954
0.0014149308227047186
0.001122880513776181
0.0009642783109029551
0.0012380552350350627
7.069931990599798e-05
0.0010220986753211037
0.001076873499073372
0.0010300321984004768
0.0009069371042187413
0.0013315485366547364
0.001416531750237482
0.0012760077900111355
0.0012655848738631903
0.0011035075710879028
0.0011361856038547558
0.0007811756771616274
0.0013110166337355622
0.0010770284018235543
0.0010022045030382287
0.0013163666465061397
0.0012288810714835563
0.0012081729496458138
0.0012345106804332318
0.0012394293262332212
0.0010088126366554206
0.0013135279517655363
6.904946440045023e-05
0.001089190972606957
0.001008601885587268
0.0010006147902004159
0.001223819614324384
0.0010515443814256287
0.0010005339527197066
8.61853297919879e-05
0.0013104946406201634
0.0011759890526263916
0.0015370104271141827
0.001061036902910928
0.001267430759526178
0.001170080678548402
0.0010565828125663757
0.0010848321289813612
0.0011622283855103888
0.0009915713000054893
0.0008943039260884689
0.001027627615712845
0.00112186368392031
0.0012662397032272565
0.0013828448577442032
9.055498662746686e-05
0.0011425563202465128
0.001189234002822559
0.0014574856669469227
0.0007888698335136723
0.0011762402446038323
0.000935134599558296
0.0012404759736455162
0.001155282556965176
0.0012011140956929012
0.001083976146958321
0.00130898882036945
8.838085113893612e-05
0.0001102189942230325
0.0009806364879523244
0.0012567345404477237
0.0011137556352878164
0.0009310546508913831
0.0011794486342751043
0.001029469416835127
0.0014019589794997955
0.001134056548380613
0.0009902084915438536
0.0009258832347427415
0.0009598908884527191
0.0011410005831749004
0.0010564953915945807
0.0010471839138972427
0.000991368436416451
0.001260648528841557
0.001120761852916985
0.0011267077450156648
6.690116615359898e-05
0.0011115060042357072
0.0010978572008752963
0.0009361432809100734
0.0008205341787288489
0.0010212402234515139
0.0009790705080376938
0.0009639961125458285
0.0012628792534314925
0.0008919331581864753
0.0007330533573508546
0.0011062609592045192
0.0001958140750275561
0.0010871049403249344
0.0009244349085975045
0.0011080961140805812
0.0011320968543486742
0.0010683093079251194
0.0008552573324323021
0.0007650637876395194
0.0010185761919956349
0.0011118981395839
0.001369160197441488
0.0015616920046568339
0.0012540706538857194
0.0011132965298656927
0.0009487753703751878
0.00139651664539997
0.0009636520524054504
0.0008518213051047496
0.0010881504548478915
0.001277779712040683
0.0010970985385938548
0.0012878130959279588
0.0011212099519752883
0.00013014794151899878
0.0009999983687976055
0.0016731374200844584
0.0010303165332743447
0.0010132639041557923
0.0011627384612893366
0.001054154529981588
0.0011827187302628772
0.001107356139868898
0.0011251000337324513
0.0012921900955689125
0.0009725459304945616
0.0012460573327643942
0.0013666230111084587
0.0013396674098657968
0.0012343755092842912
0.0011722454876235133
0.0011601956912272726
0.0012724331911613262
0.0012672289674355852
0.0009524061737238299
0.0010729639832334215
0.0009382621110489708
0.0010970996485184514
0.0010908477227076219
0.0011330044735586853
0.0013128287804420324
0.0009926802205200147
0.0014494568343934588
0.001254494011504903
0.001382573553541988
0.0010894906314433683
0.00011269490073573252
0.001319103769674257
0.001096323652063802
0.0012590439371251705
0.0009523371617206067
0.0009625326267723722
0.000968494094649941
0.0010595564285722503
0.0010429682783978933
0.0011256291552399489
0.0009686267516144653
7.462868939001055e-05
0.0010890945405890307
0.0009565100058352982
0.0011168069717086837
0.0009356439085195234
0.0010400372086678544
0.0009344279934566657
0.0012173100810741744
0.0010558547594428092
0.0007709826921882268
0.0009088565035426655
0.001631101177963501
0.0008402406225513914
0.0011341071385686519
0.0010066279264719924
0.0001889109795456534
0.0009534666364743316
0.00113904670138254
0.0012143932418666736
0.0010894213875189962
0.001313655551030024
0.001051830482879268
0.0010371513289442191
0.001106269794149739
0.00010827846790562035
0.0012785081673882814
0.0010457698291475026
0.0011631262062792302
0.0009747344834067917
0.0010698288914454679
0.0013343713640097121
0.0014386495886355988
0.0009204100169881713
0.0011547588253506547
0.0009207360990330926
0.0009955165709243374
0.001240455159972953
0.0011947525572395534
0.00011860569719601699
0.0011685259347586907
0.001223758804371755
0.0009409806737039617
0.0011147403996574212
0.0007862173303010422
0.001088754298848471
0.0009339597359030449
0.0013813002178721945
0.0010693289542587081
0.0011456899111408347
0.0008960334067751319
7.185292406575172e-05
0.0012691394772446074
0.0010237635300427428
0.0010351962944241677
0.0013116946960280984
0.0012452706149588266
0.001166798618669418
0.0009051598228779767
0.000997209220372497
0.0008634411573211764
0.001380482106526415
0.0010010675142666514
0.0014308668756939369
0.0010317493239426767
0.0011456804629688122
0.0009554114640195621
0.0012134914672969899
0.0010442755351505184
0.0012502154880849048
0.000955759446128468
0.0012231010823597899
0.0010644182909800293
0.0012138749871155596
0.0010837690322205162
0.0008118318310152972
0.0008557902831398678
0.0008889901366728736
0.0010961196040852883
0.0012638623820748762
0.0009605419086256006
0.0014116385519855612
0.0009882698151386649
0.0014818543268120266
0.0009846664964925367
0.000896681780147901
0.001001490462840593
0.0008395481224852119
9.384175004045758e-05
0.0012114775094005381
0.0010184269236788168
0.0012964372153874137
0.0010177696674418257
0.001078101206530846
0.0010485101637982552
0.0012145804419105843
0.0016018556787003035
8.363989326198862e-05
0.001101261605867876
0.0012429325024641003
0.0009045388607091809
0.0010045625795100932
0.0010895002444613056
0.001200772563947794
0.0014801446741330437
0.0009365090098754081
0.00105683895844777
0.0010778665161126355
0.0010462907418400391
0.0010222702912869863
0.0013354569696275576
0.00130105004222969
0.0011999242376532493
0.0012242210640351914
0.0012570907374538365
0.0009967787450477772
0.0008135039563512692
0.0010064109267204913
0.001142628211596275
0.0012703136962954886
0.0011060885217375471
0.0012653439242740205
0.0013513434099650112
0.0014000483986364998
0.0012341870451564319
0.001023949394379997
0.0010967116933784382
0.0008865282940178076
0.0011241965147519295
0.0011551486506959918
0.0010775919557772795
0.0009809935148723525
0.0011134669302919065
0.0012456558207531998
0.0013558718519561808
0.0010592299800009641
0.0013870135165916508
0.00013298081267976158
0.0012247818825699142
0.0010620968909051953
0.0009571063608291297
0.0010820793472703372
0.0011060884446578712
0.0013464376760339292
0.0009199846904266451
0.0012612120730182141
0.001001936703573847
0.0010499226040110443
0.0012959778475760686
0.0009104658677188127
0.0008260387606924269
0.0007760688358757761
0.0011461696097967433
0.0012260014204912295
0.0012162949129788103
0.0009826760378928157
0.00024088055909032846
0.0011637288572501348
0.0009470676963019287
0.0010565039090124628
0.0009270674673871326
0.0011094530458422014
0.0010336576989402602
0.0014074407847601833
0.0010048775519635456
0.0010333984397448148
0.0009361317676166436
0.0010313709817637573
0.0013205157802076428
0.0012812955382059954
0.001088034383883496
0.0010119909807144722
0.0011831694241664081
0.0011359436596762862
0.0012876761567781614
0.0012152299826766466
0.0014870430553628466
0.0011029729588472037
0.0010634506353426332
0.0012694675292550528
0.001021146889343072
0.0012792456686838705
0.0014982401767156261
0.0011142758921778295
0.0009941438399891922
0.0010842528029115783
0.0012019942219012592
0.0012454155814793921
0.0013151788552931976
0.0011758844497080645
0.0013346537550660287
0.0012317536413775088
0.0011318496232206599
7.765319151076255e-05
0.0009669596740877751
0.0010356427824262937
9.781764097738233e-05
0.0010850117563450112
0.0011591742991186038
0.0010420704689977356
0.001287424312067742
0.0012426218484051788
0.0009247566192698287
0.0010341343330537711
0.001008751906397265
0.0011516840814920215
0.0013201004851453035
0.0008360617480320798
0.0013963143173896242
0.0014307354256288818
0.0009079362240527189
0.001730864445789848
0.0012080247755648088
0.0012458506822667914
0.0009648867645637438
0.0011953271930451592
0.0012832845792445369
0.0011067030703770797
0.0010936261203369213
0.0011983520716967178
0.0009881687767574476
0.0010284647963771931
0.0009538204681120988
0.0008762678628499998
