F	I	Q
5.336	0.0008244714240134663	0.0014482257632096299
5.336020020020021	0.0008161816463062159	0.0014439123633061535
5.33604004004004	0.0008160474044969332	0.0014334381365100851
5.336060060060061	0.0008113226463846539	0.0014378637504973448
5.33608008008008	0.0008161207531143762	0.0014390050498372877
5.336100100100101	0.0008122208209642878	0.001440669102591928
5.33612012012012	0.0008143479308701378	0.0014400177135202104
5.336140140140141	0.0008126055552218194	0.0014390132606239058
5.33616016016016	0.000815257176939197	0.00144086889839964
5.336180180180181	0.0008189522865349163	0.0014421265172166748
5.3362002002002	0.0008150288274697987	0.0014421169379656203
5.336220220220221	0.0008138192672500763	0.001444223004733212
5.33624024024024	0.0008185343378091084	0.001446489181839861
5.336260260260261	0.0008155311963024751	0.001444691019570455
5.33628028028028	0.0008100549608454486	0.0014438302554399707
5.336300300300301	0.0008118097919193705	0.0014424303163215518
5.33632032032032	0.000811330950001723	0.0014383043960458598
5.336340340340341	0.0008085616937092009	0.0014369140361784956
5.33636036036036	0.0008130553344797253	0.0014424002101039513
5.336380380380381	0.0008114015307468098	0.0014415120766847393
5.336400400400401	0.0008100854074413682	0.0014389982075151057
5.336420420420421	0.0008126193945836011	0.0014408428975753486
5.336440440440441	0.000816672943649467	0.0014384111362718977
5.336460460460461	0.0008123855093694902	0.0014402558263321406
5.336480480480481	0.0008149388716182175	0.001439865813967772
5.336500500500501	0.0008126872074563316	0.001438394714698661
5.336520520520521	0.0008107649201048507	0.001440153191499412
5.336540540540541	0.0008086295065819313	0.0014419198790867813
5.336560560560561	0.000810381569783497	0.001443727620607242
5.336580580580581	0.0008095456723318812	0.001439196634858381
5.336600600600601	0.0008102459440380361	0.0014379075413593091
5.336620620620621	0.0008104715256350783	0.0014371343589527534
5.336640640640641	0.0008139908753361697	0.0014397796007082795
5.336660660660661	0.0008133542646942104	0.0014411480651446618
5.336680680680681	0.0008098183077589811	0.0014411877506133168
5.336700700700701	0.0008144752529985298	0.0014422797852335497
5.336720720720721	0.0008134940422482058	0.001438569878146518
5.3367407407407415	0.0008160972261993475	0.0014405965739767998
5.336760760760761	0.0008132546212893822	0.001437070041124243
5.336780780780781	0.0008103455874428645	0.0014361545384163038
5.336800800800801	0.000810302685421341	0.0014411549074668437
5.336820820820821	0.0008113849235126718	0.0014347395461890846
5.336840840840841	0.0008137902045903346	0.0014387327254144473
5.336860860860861	0.0008155478035366131	0.001440246247081086
5.336880880880881	0.0008132975233109054	0.001441960933019873
5.336900900900901	0.000814742352680917	0.0014415408144379032
5.336920920920921	0.0008159436092835703	0.0014415011289692482
5.336940940940941	0.0008127314934140332	0.0014428435925813391
5.336960960960961	0.0008189024648325021	0.0014450563995749687
5.336980980980981	0.0008163491025837747	0.0014436701451009137
5.337001001001001	0.0008121820707512989	0.001439497697034385
5.337021021021021	0.000812231892453713	0.001439570225649513
5.337041041041041	0.0008117876489405198	0.0014424508432880974
5.337061061061061	0.0008115897460670412	0.0014423098914511502
5.337081081081081	0.0008106721963809133	0.001441889772869181
5.337101101101101	0.0008095512080765939	0.0014388914672890678
5.337121121121122	0.0008133501128856759	0.0014402599317254498
5.337141141141141	0.0008129764501175696	0.0014379212260036728
5.337161161161162	0.0008119772481969294	0.001440680050307419
5.337181181181181	0.0008149125768308321	0.0014405048868595624
5.337201201201202	0.0008110624663831576	0.001440582889332436
5.337221221221221	0.0008152627126839097	0.0014426424283091911
5.337241241241242	0.0008154855264085954	0.0014403913043113425
5.337261261261261	0.0008110181804254561	0.0014395770679716952
5.337281281281282	0.0008106915714874075	0.0014387833585985936
5.337301301301301	0.0008164819604568793	0.0014434443484689107
5.337321321321322	0.0008136476591639831	0.0014456188384583217
5.337341341341341	0.0008120741237294015	0.0014401244537462481
5.337361361361362	0.0008110527788299105	0.0014407977382489478
5.337381381381381	0.0008145444498074383	0.0014409879548056052
5.337401401401402	0.0008129626107557879	0.0014404980445373802
5.337421421421421	0.0008145693606586455	0.0014404186736000702
5.337441441441442	0.00081265814479659	0.0014439588910969906
5.337461461461462	0.0008139106070378357	0.0014415052343625574
5.337481481481482	0.0008103497392513991	0.0014415722891199404
5.337501501501502	0.0008129515392663624	0.0014377583787357434
5.337521521521522	0.0008137985082074037	0.0014440368935698643
5.337541541541542	0.0008091941525426254	0.0014420635678526013
5.337561561561562	0.0008130456469264781	0.0014436769874230958
5.337581581581582	0.0008089782584988306	0.0014407566843158564
5.337601601601602	0.0008069369526360269	0.001439630438084714
5.337621621621622	0.0008102113456335818	0.0014411850136844442
5.337641641641642	0.0008154633834297445	0.0014394593800301661
5.337661661661662	0.0008081036108342259	0.001440347513449378
5.337681681681682	0.0008110721539364049	0.0014403365657338874
5.337701701701702	0.0008154523119403192	0.0014408579506841488
5.337721721721722	0.0008155616428983947	0.0014398959201853722
5.337741741741742	0.0008112769764907743	0.0014377159563382156
5.337761761761762	0.0008106791160618041	0.0014432007617992348
5.337781781781782	0.0008141306528901649	0.0014379554376145825
5.337801801801802	0.0008124380989442606	0.001441679029345978
5.337821821821822	0.0008145029317220933	0.0014400792944198476
5.3378418418418425	0.0008138843122504504	0.001437351944798138
5.337861861861862	0.0008120422931973035	0.001442439895572606
5.3378818818818825	0.0008077797697685338	0.0014402667740476315
5.337901901901902	0.0008107607682963161	0.0014388846249668856
5.3379219219219225	0.0008085976760498333	0.001443871309373062
5.337941941941942	0.0008117198360677894	0.001443182971761562
5.3379619619619625	0.000813020736075271	0.0014382017612131312
5.337981981981982	0.0008132919875661928	0.0014417597687477245
5.3380020020020025	0.0008140808311877508	0.0014372164668189362
5.338022022022022	0.0008081658879622437	0.00144048299142858
5.3380420420420425	0.0008153319094928183	0.0014429448589496313
5.338062062062062	0.0008156778935373613	0.0014409496378013863
5.3380820820820825	0.0008102058098888692	0.001439404641452711
5.338102102102102	0.0008157207955588846	0.0014429120158031584
5.3381221221221224	0.0008129515392663624	0.0014435346671217118
5.338142142142142	0.0008122692587305237	0.0014427176938531917
5.338162162162162	0.0008130760935223981	0.0014397207567375153
5.338182182182183	0.0008128712709680285	0.0014413423870946282
5.338202202202202	0.0008138967676760541	0.0014413519663456827
5.338222222222223	0.0008095802707363354	0.0014383386076567697
5.338242242242242	0.0008197978715397793	0.0014367977167014032
5.338262262262263	0.0008113198785122976	0.0014392636896157635
5.338282282282282	0.0008123149286244032	0.0014416680816304868
5.338302302302303	0.0008127813151164473	0.001436926352358423
5.338322322322322	0.0008140130183150203	0.0014421347280032934
5.338342342342343	0.0008115634512796559	0.0014403995150979608
5.338362362362362	0.0008089962496691469	0.001440347513449378
5.338382382382383	0.0008134995779929185	0.0014402667740476317
5.338402402402402	0.0008116215765991392	0.0014403762512025424
5.338422422422423	0.0008124284113910134	0.0014381182848825118
5.338442442442442	0.0008082558438138248	0.001436499391454272
5.338462462462463	0.0008120201502184527	0.0014398562347167172
5.338482482482482	0.0008125737246897215	0.0014417118724924512
5.338502502502503	0.0008128449761806431	0.0014397426521684973
5.338522522522522	0.000814001946825595	0.0014359451633575375
5.338542542542543	0.0008112742086184181	0.0014401545599638484
5.338562562562563	0.0008135037298014531	0.001439566120256204
5.338582582582583	0.0008120063108566709	0.001438578088933136
5.338602602602603	0.0008126346178815609	0.0014442572163441217
5.338622622622623	0.0008149208804479011	0.001436005375792738
5.338642642642643	0.0008091706256275966	0.0014377487994846887
5.338662662662663	0.0008087997307318464	0.0014358137907716443
5.338682682682683	0.0008109877338295362	0.0014361695915251038
5.338702702702703	0.0008178382179114879	0.0014381716549955307
5.338722722722723	0.0008076953496616652	0.0014394101153104564
5.338742742742743	0.0008106818839341603	0.001438776516276412
5.338762762762763	0.000813293371502371	0.0014416557654505595
5.338782782782783	0.0008141929300181827	0.0014390707361302336
5.338802802802803	0.0008082406205158648	0.0014374203680199572
5.338822822822823	0.0008123426073479667	0.0014387217776989562
5.338842842842843	0.0008122222049004659	0.0014393895883439108
5.338862862862863	0.000812940467776937	0.0014397152828797698
5.338882882882883	0.0008160681635396058	0.0014366485540778374
5.338902902902903	0.000816086154709922	0.0014388079909584484
5.338922922922923	0.0008135092655461658	0.0014419321952667086
5.338942942942944	0.000807871109556293	0.0014309502681647426
5.338962962962963	0.0008135300245888385	0.001437227414534427
5.338982982982984	0.0008156073127922745	0.0014357234721188434
5.339003003003003	0.0008124962242637438	0.0014326197947771289
5.339023023023024	0.000815394186620836	0.0014382811321504412
5.339043043043043	0.0008129363159684026	0.0014353129327879287
5.3390630630630636	0.00081278685086116	0.0014397248621308245
5.339083083083083	0.0008111759491497677	0.0014323556811409069
5.3391031031031035	0.0008141597155499067	0.0014334490842255764
5.339123123123123	0.0008150980242787073	0.0014395756995072586
5.3391431431431435	0.0008141098938474924	0.001439254110364709
5.339163163163163	0.0008138054278882946	0.0014403351972694508
5.3391831831831835	0.0008085672294539135	0.0014381593388156032
5.339203203203203	0.0008115468440455178	0.0014379718591878187
5.3392232232232235	0.0008131425224589502	0.0014399246579385363
5.339243243243243	0.0008119454176648313	0.0014342770052095874
5.3392632632632635	0.0008126290821368484	0.0014400806628842838
5.339283283283284	0.0008140268576768021	0.0014401299276039935
5.3393033033033035	0.0008100549608454484	0.0014407265780982564
5.339323323323324	0.0008143506987424943	0.0014393676929129288
5.3393433433433435	0.0008161511997102961	0.0014356057841773146
5.339363363363364	0.0008100950949946155	0.001436385808906052
5.3393833833833835	0.0008152724002371569	0.0014409291108348405
5.339403403403404	0.0008126927432010444	0.00144245358021697
5.3394234234234235	0.0008128020741591199	0.0014389270473644136
5.339443443443444	0.0008122734105390581	0.0014420416724216193
5.3394634634634635	0.0008117834971319854	0.0014426807453134095
5.339483483483484	0.0008143437790616036	0.001440769000495784
5.3395035035035034	0.0008150648098104311	0.0014371795182791538
5.339523523523524	0.0008056429723094361	0.0014407607897091656
5.339543543543543	0.0008121253293679938	0.0014404337267088702
5.339563563563564	0.0008143534666148506	0.001439196634858381
5.339583583583583	0.0008144807887432425	0.0014383098699036053
5.339603603603604	0.0008129376999045807	0.001437900699037127
5.339623623623623	0.00081341515788605	0.001437527108245995
5.339643643643644	0.0008132906036300145	0.0014394689592812208
5.339663663663664	0.0008156100806646307	0.001439761810670607
5.339683683683684	0.0008141735549116884	0.0014418090334674342
5.339703703703704	0.0008142095372523208	0.0014419855653797276
5.339723723723724	0.0008109420639356567	0.0014384357686317525
5.339743743743744	0.0008124422507527953	0.0014385014549246988
5.339763763763764	0.0008112534495757455	0.001440153191499412
5.339783783783784	0.0008144877084241335	0.0014406677341274917
5.339803803803804	0.0008150731134275002	0.001437975964581128
5.339823823823824	0.0008167808906713644	0.0014408730037929487
5.339843843843844	0.0008142344481035279	0.001439486749318894
5.339863863863864	0.0008120049269204927	0.0014427313784975558
5.339883883883884	0.0008159795916242027	0.0014410290087386965
5.339903903903904	0.0008160224936457261	0.0014432308680168353
5.339923923923924	0.0008153249898119274	0.001436733398872893
5.339943943943944	0.0008151035600234199	0.0014364118097303436
5.339963963963964	0.0008131688172463355	0.001436710134977475
5.339983983983984	0.0008143617702319197	0.0014385329296067355
5.340004004004005	0.0008121959101130805	0.0014401094006374479
5.340024024024024	0.0008142206087417462	0.0014402051931479945
5.340044044044045	0.0008117668898978473	0.0014406143640144726
5.340064064064064	0.0008135480157591546	0.0014407525789225475
5.340084084084085	0.0008144503421473228	0.0014391172639210707
5.340104104104104	0.0008152599448115535	0.0014371357274171896
5.340124124124125	0.00081420261757143	0.0014381566018867307
5.340144144144144	0.0008116340320247427	0.0014393129543354734
5.340164164164165	0.0008135577033124018	0.0014401586653571578
5.340184184184184	0.0008149817736397408	0.001436120326805394
5.340204204204205	0.0008088647757322205	0.001438443979418371
5.340224224224224	0.0008127038146904697	0.0014397248621308243
5.340244244244245	0.0008116893894718697	0.0014407607897091656
5.340264264264264	0.0008123384555394323	0.0014390077867661602
5.340284284284285	0.0008106998751044765	0.0014366143424669282
5.340304304304304	0.0008094916988209324	0.001437610584576614
5.340324324324325	0.0008124713134125369	0.0014419732491998002
5.340344344344344	0.0008129460035216498	0.0014394237999548203
5.340364364364365	0.0008159588325815303	0.0014383098699036053
5.340384384384385	0.0008148489157666363	0.0014375503721414133
5.340404404404405	0.000815394186620836	0.0014405924685834907
5.340424424424425	0.0008138427941651053	0.001441016692558769
5.3404444444444445	0.000813141138522772	0.0014384480848116798
5.340464464464465	0.0008124547061783985	0.0014410016394499688
5.3404844844844845	0.0008131522100121973	0.0014446978618926367
5.340504504504505	0.0008105891602102229	0.0014403940412402152
5.3405245245245245	0.0008166397291811908	0.0014426916930289006
5.340544544544545	0.0008163062005622514	0.0014427163253887556
5.3405645645645645	0.0008162854415195789	0.001439852129323408
5.340584584584585	0.0008132560052255603	0.0014396345434780232
5.3406046046046045	0.0008128574316062467	0.0014388339917827397
5.340624624624625	0.0008134746671417114	0.0014441846877289936
5.3406446446446445	0.0008110195643616343	0.0014402407732233404
5.340664664664665	0.0008109102334035587	0.001436851086814422
5.3406846846846845	0.0008122747944752362	0.0014393170597287825
5.340704704704705	0.0008130830132032888	0.0014383262914768422
5.3407247247247245	0.0008157526260909827	0.0014356304165371691
5.340744744744745	0.000814347930870138	0.0014405130976461805
5.340764764764765	0.0008114278255341951	0.001434131947979331
5.340784784784785	0.0008132172550125715	0.0014393020066199823
5.340804804804805	0.0008146164144887034	0.0014400861367420293
5.340824824824825	0.0008144254312961156	0.0014410290087386965
5.340844844844845	0.0008125405102214454	0.0014380293346941474
5.340864864864865	0.0008102334886124327	0.001439973922658246
5.340884884884885	0.0008130082806496675	0.0014392582157580181
5.340904904904905	0.0008111731812774114	0.0014415380775090307
5.340924924924925	0.0008160335651351515	0.0014396386488713326
5.340944944944945	0.0008143673059766324	0.0014447526004700922
5.340964964964965	0.0008113074230866941	0.001440184666181449
5.340984984984985	0.0008113683162785337	0.0014369810909358783
5.341005005005005	0.0008131148437353869	0.0014437755168625153
5.341025025025025	0.0008130221200114493	0.0014382742898282593
5.341045045045045	0.0008119703285160386	0.0014412082775798628
5.341065065065065	0.0008096702265879166	0.001442578110480681
5.341085085085085	0.0008125488138385144	0.0014428490664390847
5.341105105105106	0.0008100840235051902	0.0014392828481178729
5.341125125125125	0.000811330950001723	0.001439967080336064
5.341145145145146	0.0008118347027705775	0.0014425370565475896
5.341165165165165	0.0008129307802236898	0.0014420676732459104
5.341185185185186	0.0008114222897894825	0.0014428381187235936
5.341205205205205	0.0008109877338295364	0.0014419910392374732
5.341225225225226	0.0008175766539738132	0.0014412164883664809
5.341245245245245	0.0008132352461828877	0.0014418336658272891
5.341265265265266	0.0008127605560737746	0.001437510686672758
5.341285285285285	0.0008144987799135588	0.0014424084208905696
5.341305305305306	0.0008136850254407935	0.0014377843795600348
5.341325325325325	0.0008133404253324289	0.00143763111154316
5.341345345345346	0.0008148364603410328	0.001440436463637743
5.341365365365365	0.0008103843376558533	0.001436227067031432
5.341385385385386	0.0008142524392738441	0.0014385767204686997
5.341405405405405	0.0008147119060849973	0.0014380375454807652
5.341425425425426	0.0008130497987350125	0.0014393389551597647
5.341445445445445	0.0008163712455626256	0.0014391925294650718
5.341465465465466	0.0008162259322639175	0.0014384234524518252
5.341485485485486	0.0008144821726794205	0.0014380238608364016
5.341505505505506	0.0008154052581102615	0.0014389585220464503
5.341525525525526	0.0008135632390571145	0.0014397262305952609
5.341545545545546	0.0008172943309934662	0.0014382099719997495
5.341565565565566	0.0008200165334559305	0.0014360012703994289
5.341585585585586	0.000816062627794893	0.0014380868102004752
5.341605605605606	0.0008155824019410673	0.0014392431626492179
5.341625625625626	0.0008150260595974423	0.0014388640980003402
5.341645645645646	0.0008119232746859807	0.0014404980445373802
5.341665665665666	0.0008159228502408975	0.0014371494120615535
5.341685685685686	0.0008155187408768715	0.0014393156912643462
5.341705705705706	0.0008149610145970681	0.0014398918147920632
5.341725725725726	0.0008146191823610597	0.0014398138123191892
5.341745745745746	0.0008109614390421511	0.0014352020871685818
5.341765765765766	0.0008167435243945537	0.0014397152828797698
5.341785785785786	0.0008116271123438519	0.0014387833585985934
5.341805805805806	0.0008168763822676581	0.0014372876269696279
5.341825825825826	0.0008156986525800339	0.0014373136277939195
5.341845845845846	0.0008105448742525214	0.0014332547622756102
5.341865865865866	0.000817180848226856	0.001438064914769493
5.341885885885886	0.00080995531744062	0.00143662118478911
5.341905905905906	0.0008110776896811176	0.00144141354724532
5.341925925925926	0.0008139977950170605	0.0014411836452200078
5.341945945945946	0.0008145458337436165	0.0014398083384614439
5.341965965965966	0.0008097338876521125	0.0014408483714330941
5.341985985985986	0.0008170050883322282	0.0014373971041245384
5.342006006006006	0.0008154772227915263	0.0014445610154489987
5.342026026026026	0.000812296937454087	0.001435553782528732
5.342046046046046	0.0008150980242787071	0.0014385411403933538
5.342066066066066	0.0008121889904321896	0.0014358028430561534
5.342086086086086	0.0008130304236285182	0.0014382222881796768
5.342106106106106	0.0008101504524417422	0.0014389448374020866
5.342126126126126	0.0008121377847935973	0.0014394237999548205
5.342146146146146	0.0008129473874578277	0.001434242793598678
5.342166166166166	0.0008134566759713951	0.001437460053488612
5.342186186186186	0.0008122305085175349	0.0014369934071158056
5.342206206206207	0.0008087346857314722	0.00143812649566913
5.342226226226226	0.0008130304236285182	0.0014374901597062123
5.342246246246247	0.0008110209482978124	0.0014370768834464252
5.342266266266266	0.0008136019892701032	0.0014376940609072335
5.342286286286287	0.000809375448181966	0.0014389489427953958
5.342306306306306	0.0008166632560962198	0.001437535319032613
5.342326326326327	0.000807999815620863	0.0014366827656887469
5.342346346346346	0.0008110956808514338	0.0014361244321987033
5.342366366366367	0.0008128629673509593	0.0014352540888171643
5.342386386386386	0.0008148904338519814	0.0014384754541004077
5.342406406406407	0.0008124920724552094	0.0014360231658304108
5.342426426426426	0.0008107566164877817	0.0014398589716455897
5.342446446446447	0.0008109725105315764	0.0014358835824579
5.342466466466466	0.0008136019892701032	0.0014363160172197968
5.342486486486487	0.0008132739963958766	0.0014405774154746904
5.342506506506506	0.0008099207190361657	0.0014367333988728934
5.342526526526527	0.000812320464369116	0.0014337583571881985
5.342546546546547	0.0008142302962949934	0.0014352267195284366
5.342566566566567	0.0008131826566081171	0.0014367484519816935
5.342586586586587	0.0008115413083008052	0.0014372931008273734
5.342606606606607	0.0008137334632070296	0.0014362202247092501
5.342626626626627	0.0008139839556552787	0.0014337378302216527
5.342646646646647	0.0008113267981931884	0.0014398767616832628
5.342666666666667	0.0008106043835081827	0.001437828170421999
5.342686686686687	0.0008093795999905005	0.0014361394853075033
5.342706706706707	0.0008142690465079822	0.001436331070328597
5.342726726726727	0.0008077424034917229	0.0014370508826221338
5.342746746746747	0.0008094487967994092	0.0014341264741215853
5.342766766766767	0.0008134885065034931	0.0014368100328813309
5.342786786786787	0.0008135369442697293	0.0014404323582444339
5.342806806806807	0.0008169358915233197	0.0014373998410534114
5.342826826826827	0.0008121405526659536	0.0014395346455741672
5.342846846846847	0.0008120409092611253	0.0014338555181631818
5.342866866866867	0.0008134206936307628	0.0014342975321761334
5.342886886886887	0.000811982783941642	0.001436069693621248
5.342906906906907	0.0008134303811840098	0.0014373505763337015
5.3429269269269275	0.0008148765944901995	0.0014332547622756102
5.342946946946947	0.0008114056825553443	0.001437993754618801
5.3429669669669675	0.0008104258557411984	0.0014385096657113174
5.342986986986987	0.0008125100636255254	0.0014348928142059593
5.3430070070070075	0.0008130013609687767	0.0014374901597062125
5.343027027027027	0.0008161885659871068	0.001437892488250509
5.3430470470470475	0.0008127370291587457	0.001435832949273754
5.343067067067067	0.000816052940241646	0.0014377255355892701
5.3430870870870875	0.0008126346178815611	0.0014380361770163289
5.343107107107107	0.0008173233936532078	0.0014353977775829843
5.3431271271271275	0.0008129127890533736	0.0014335900360625234
5.343147147147147	0.0008155381159833659	0.00143628454253776
5.343167167167167	0.0008118609975579629	0.0014389557851175777
5.343187187187187	0.0008153955705570143	0.0014348476548795587
5.343207207207207	0.0008156391433243725	0.0014386697760503738
5.343227227227227	0.0008115385404284488	0.0014398493923945353
5.343247247247247	0.0008151090957681326	0.0014380443878029472
5.343267267267267	0.0008167269171604156	0.0014387724108831026
5.343287287287287	0.0008092522778621086	0.0014377200617315246
5.343307307307308	0.0008143922168278396	0.0014350474506872705
5.343327327327327	0.0008132712285235203	0.0014364446528768167
5.343347347347348	0.0008136255161851322	0.0014342236350965685
5.343367367367367	0.0008169441951403887	0.0014356194688216783
5.343387387387388	0.0008153844990675887	0.001436997512509115
5.343407407407407	0.000810301301485163	0.0014348627079883592
5.343427427427428	0.0008159837434327374	0.0014377652210579254
5.343447447447447	0.0008144544939558573	0.0014375052128150127
5.343467467467468	0.0008148073976812912	0.0014388887303601952
5.343487487487487	0.0008127564042652402	0.0014397864430304615
5.343507507507508	0.0008141624834222629	0.001435908214817755
5.343527527527527	0.0008138414102289272	0.0014381743919244035
5.343547547547548	0.0008129321641598679	0.0014400409774156288
5.343567567567567	0.0008112257708521818	0.001436842876027804
5.343587587587588	0.0008134027024604465	0.001438627353652846
5.343607607607607	0.0008182935329141063	0.0014373601555847562
5.343627627627628	0.0008113627805338211	0.0014378432235307994
5.343647647647648	0.0008102321046762543	0.001436643080220092
5.343667667667668	0.0008102805424424904	0.0014357070505456064
5.343687687687688	0.0008121709992618735	0.001438168918066658
5.343707707707708	0.0008122111334110403	0.0014387710424186662
5.343727727727728	0.000812666448413659	0.0014382948167948053
5.343747747747748	0.0008140088665064859	0.0014382154458574949
5.343767767767768	0.000810229336803898	0.0014393033750844187
5.343787787787788	0.0008151353905555178	0.0014378664874262173
5.343807807807808	0.0008138746246972032	0.0014393143227999098
5.343827827827828	0.0008124339471357262	0.0014374751065974124
5.343847847847848	0.0008147285133191353	0.0014401162429596298
5.343867867867868	0.0008105559457419467	0.0014409989025210962
5.343887887887888	0.0008119620248989694	0.001436742978123948
5.343907907907908	0.0008163864688605853	0.001437528476710431
5.343927927927928	0.0008171780803544997	0.0014417050301702694
5.343947947947948	0.0008148696748093088	0.0014385151395690627
5.343967967967968	0.0008081880309410945	0.0014389311527577232
5.343987987987988	0.0008133777916092393	0.0014372096244967543
5.344008008008008	0.0008109157691482714	0.0014374819489195942
5.344028028028029	0.0008111565740432735	0.0014375216343882494
5.344048048048048	0.0008105684011675504	0.0014427341154264286
5.3440680680680686	0.0008111039844685028	0.001441169960575644
5.344088088088088	0.000810204425952691	0.0014401080321730115
5.3441081081081085	0.0008112783604269525	0.0014433526613516733
5.344128128128128	0.0008108036703178396	0.0014401627707504665
5.3441481481481485	0.0008118001043661233	0.001439648228122387
5.344168168168168	0.0008110873772343647	0.0014375476352125407
5.3441881881881885	0.0008071569984883563	0.001437885645928327
5.344208208208208	0.0008096563872261349	0.001436370755797252
5.3442282282282285	0.0008147907904471531	0.0014404214105289428
5.344248248248248	0.0008108285811690465	0.001438365976945497
5.3442682682682685	0.0008156931168353212	0.001438924310435541
5.344288288288288	0.0008092135276491199	0.001438229130501859
5.3443083083083085	0.0008116423356418118	0.0014379800699744376
5.344328328328328	0.0008100881753137246	0.0014411508020735345
5.3443483483483485	0.0008072386507228685	0.0014371535174548626
5.344368368368369	0.0008122125173472186	0.0014401723500015212
5.3443883883883885	0.0008158979393896907	0.0014441190014360472
5.344408408408409	0.0008127051986266478	0.0014380744940205477
5.3444284284284285	0.0008154398565147158	0.0014422989437356591
5.344448448448449	0.0008127259576693204	0.0014404063574201427
5.3444684684684685	0.0008174797784413412	0.0014420143031328915
5.344488488488489	0.0008095996458428298	0.0014382496574684043
5.3445085085085084	0.0008106694285085568	0.001445100190436933
5.344528528528529	0.0008148641390645961	0.0014440437358920462
5.344548548548548	0.0008154979818341989	0.0014415654467977582
5.344568568568569	0.0008142455195929532	0.0014435989849502218
5.344588588588588	0.0008142856537421203	0.0014437125674984417
5.344608608608609	0.000808860623923686	0.0014406923664873465
5.344628628628628	0.0008117807292596289	0.0014392198987537995
5.344648648648649	0.000816111065561129	0.0014414190211030655
5.344668668668668	0.000810913001275915	0.0014390009444439783
5.344688688688689	0.0008101947383994437	0.0014423659984930416
5.344708708708708	0.0008154135617273304	0.0014438015176868066
5.344728728728729	0.0008105019722309979	0.0014401641392149031
5.344748748748749	0.0008106029995720045	0.0014390488406992516
5.344768768768769	0.0008125612692641179	0.0014445185930514707
5.344788788788789	0.0008147990940642221	0.001439734441381879
5.344808808808809	0.0008160930743908129	0.001438465874849353
5.344828828828829	0.0008140490006556528	0.0014416858716681598
5.344848848848849	0.0008147146739573536	0.001444905868486967
5.344868868868869	0.0008154412404508939	0.0014418925097980538
5.344888888888889	0.0008085298631771028	0.0014406608918053096
5.344908908908909	0.0008155519553451477	0.0014421470441832206
5.344928928928929	0.0008117309075572148	0.001440560993901454
5.344948948948949	0.0008137902045903346	0.001441918510622345
5.344968968968969	0.0008127411809672804	0.0014401997192902488
5.344988988988989	0.0008159546807729956	0.0014418281919695434
5.345009009009009	0.0008128934139468791	0.0014431487601506525
5.345029029029029	0.00081241595596541	0.0014432034987281075
5.345049049049049	0.0008129280123513336	0.0014435456148372031
5.345069069069069	0.0008109642069145075	0.0014413191231992094
5.345089089089089	0.0008099926837174307	0.0014388504133559764
5.345109109109109	0.0008121972940492586	0.0014380525985895655
5.34512912912913	0.0008122775623475928	0.0014393074804777278
5.345149149149149	0.000810567017231372	0.001437617426898796
5.34516916916917	0.0008173607599300185	0.0014382017612131312
5.345189189189189	0.0008194961734529378	0.001440877109186258
5.34520920920921	0.000813655962781052	0.0014393800090928561
5.345229229229229	0.0008162757539663316	0.0014416051322664134
5.34524924924925	0.0008086779443481673	0.001441362914061174
5.345269269269269	0.000813141138522772	0.0014402777217631228
5.34528928928929	0.0008137251595899607	0.0014386150374729187
5.345309309309309	0.0008139715002296752	0.0014393430605530739
5.34532932932933	0.0008145126192753405	0.0014418213496473617
5.345349349349349	0.0008170009365236936	0.0014352020871685818
5.34536936936937	0.0008167532119478009	0.0014371494120615535
5.345389389389389	0.0008126166267112449	0.001438742304665502
5.34540940940941	0.0008153083825777893	0.0014380580724473108
5.345429429429429	0.0008128505119253559	0.0014407785797468386
5.3454494494494496	0.0008142607428909132	0.0014363105433620512
5.34546946946947	0.0008114984062792818	0.0014359875857550652
5.3454894894894895	0.0008129432356492935	0.001438237341288477
5.34550950950951	0.0008128006902229415	0.0014380047023342922
5.3455295295295295	0.0008136255161851322	0.0014433663459960371
5.34554954954955	0.000814050384591831	0.0014379513322212733
5.3455695695695695	0.0008100618805263393	0.001436421388981398
5.34558958958959	0.000815241953641237	0.0014414874443248846
5.3456096096096095	0.0008133791755454176	0.001442865488012321
5.34562962962963	0.000813166049373979	0.0014424645279324613
5.3456496496496495	0.0008128795745850975	0.0014399684488005003
5.34566966966967	0.000814670387999652	0.001441539445973467
5.3456896896896895	0.0008162024053488885	0.0014393882198794742
5.34570970970971	0.0008131798887357608	0.0014415955530153587
5.3457297297297295	0.0008133556486303886	0.0014416913455259056
5.34574974974975	0.000814098822358067	0.0014380129131209105
5.3457697697697695	0.000815063425874253	0.0014405623623658904
5.34578978978979	0.0008125764925620779	0.001446052641684655
5.3458098098098095	0.0008133584165027451	0.0014415695521910671
5.34582982982983	0.0008118111758555487	0.001438545245786663
5.34584984984985	0.0008099262547808785	0.0014378815405350178
5.34586986986987	0.0008099027278658494	0.001440496676072944
5.34588988988989	0.0008110513948937322	0.0014411590128601528
5.34590990990991	0.0008108175096796211	0.0014386670391215012
5.34592992992993	0.0008137985082074037	0.0014368921407475134
5.34594994994995	0.0008145084674668059	0.0014423208391666413
5.34596996996997	0.0008117295236210366	0.0014415120766847393
5.34598998998999	0.00081291555692573	0.0014427327469619924
5.34601001001001	0.0008124810009657839	0.0014397043351642787
5.34603003003003	0.0008137071684196444	0.0014407484735292381
5.34605005005005	0.0008157290991759536	0.0014399260264029727
5.34607007007007	0.0008120851952188268	0.001435460726947058
5.34609009009009	0.000816326959604924	0.0014417967172875067
5.34611011011011	0.0008137223917176044	0.0014420786209614015
5.34613013013013	0.0008096840659496984	0.0014419349321955813
5.34615015015015	0.0008106597409553096	0.0014387258830922656
5.34617017017017	0.0008157457064100918	0.0014432199203013444
5.346190190190191	0.0008154398565147158	0.001440299617194105
5.34621021021021	0.000815611464600809	0.0014379951230832375
5.346230230230231	0.0008158785642831961	0.001437878803606145
5.34625025025025	0.0008166162022661619	0.0014375038443505764
5.346270270270271	0.0008128366725635741	0.0014428764357278122
5.34629029029029	0.0008208372076095866	0.0014422811536979859
5.346310310310311	0.000816350486519953	0.0014410550095629879
5.34633033033033	0.000811692157344226	0.001439826128499117
5.346350350350351	0.0008133888630986647	0.0014416776608815417
5.34637037037037	0.0008144088240619777	0.0014418377712205985
5.346390390390391	0.0008120090787290274	0.001443906889448408
5.34641041041041	0.000817244509291052	0.0014413300709147005
5.346430430430431	0.0008134068542689811	0.0014377227986603976
5.34645045045045	0.0008152364178965244	0.0014450536626460964
5.346470470470471	0.0008185703201497407	0.001439304743548855
5.34649049049049	0.0008132075674593242	0.0014410522726341151
5.346510510510511	0.0008152474893859498	0.0014414833389315752
5.34653053053053	0.000813125915224812	0.0014432103410502895
5.346550550550551	0.0008158495016234547	0.001439390956808347
5.346570570570571	0.0008138414102289269	0.0014393061120132914
5.346590590590591	0.0008158785642831961	0.001440567836223636
5.346610610610611	0.0008137348471432079	0.0014401559284282846
5.346630630630631	0.0008119329622392279	0.0014424398955726063
5.346650650650651	0.000816447362052425	0.0014437481475737875
5.346670670670671	0.0008147644956597677	0.0014398357077501714
5.346690690690691	0.0008138026600159381	0.0014377446940913796
5.346710710710711	0.0008138815443780941	0.0014388120963517576
5.346730730730731	0.0008181800501474963	0.001440851108361967
5.346750750750751	0.0008115150135134198	0.001438942100473214
5.346770770770771	0.0008112506817033891	0.0014362380147469227
5.346790790790791	0.0008170549100346424	0.0014396920189843512
5.346810810810811	0.0008153526685354908	0.0014410440618474966
5.3468308308308305	0.0008155242766215842	0.001440515834575053
5.346850850850851	0.0008159048590705815	0.001441887035940308
5.3468708708708705	0.0008164432102438905	0.0014390269452682694
5.346890890890891	0.0008173303133340987	0.0014398671824322083
5.346910910910911	0.0008151021760872417	0.001439759073741734
5.346930930930931	0.0008163629419455565	0.001440038240486756
5.346950950950951	0.0008171088835455912	0.001443596248021349
5.346970970970971	0.0008126207785197794	0.0014398329708212988
5.346990990990991	0.000816286825455757	0.001441889772869181
5.347011011011011	0.0008121571599000917	0.0014405527831148355
5.347031031031031	0.000815765081516586	0.0014418624035804533
5.347051051051051	0.0008165345500316498	0.0014422551528736945
5.347071071071071	0.0008131881923528299	0.0014416585023794323
5.347091091091091	0.0008134995779929185	0.0014402790902275592
5.347111111111111	0.0008132504694808476	0.0014413478609523736
5.347131131131131	0.0008137915885265128	0.0014438535193353893
5.347151151151151	0.0008139867235276352	0.0014451549290143883
5.347171171171171	0.0008141860103372918	0.001441464180429466
5.347191191191191	0.0008139991789532387	0.0014413109124125913
5.347211211211211	0.0008123647503268176	0.0014401956138969396
5.347231231231231	0.0008114250576618387	0.0014420293562416918
5.347251251251251	0.0008144088240619775	0.001442194940438494
5.347271271271271	0.0008140434649109401	0.0014422099935472942
5.347291291291292	0.000818354426105946	0.0014407594212447292
5.347311311311311	0.0008151423102364089	0.0014401436122483573
5.347331331331332	0.0008120215341546309	0.0014380594409117474
5.347351351351351	0.0008093159389263047	0.0014400286612357013
5.347371371371372	0.0008142192248055681	0.0014394799069967121
5.347391391391391	0.0008105850084016883	0.0014426643237401729
5.347411411411412	0.0008104992043586418	0.0014406034162989816
5.347431431431431	0.0008117226039401457	0.0014414696542872116
5.347451451451452	0.0008089962496691469	0.0014350050282897428
5.347471471471471	0.0008110278679787033	0.0014388654664647764
5.347491491491492	0.0008164252190735741	0.001441267121550627
5.347511511511511	0.00081341515788605	0.0014429051734809763
5.347531531531532	0.0008157830726869022	0.0014419951446307823
5.347551551551551	0.000815812135346644	0.0014385082972468808
5.347571571571572	0.000814274582252695	0.001437134358952753
5.347591591591591	0.0008141126617198488	0.0014423687354219144
5.347611611611612	0.0008129390838407589	0.0014393280074442736
5.347631631631631	0.0008144517260835009	0.0014395688571850768
5.347651651651652	0.0008116118890458919	0.0014358042115205898
5.347671671671672	0.0008129889055431731	0.0014387669370253568
5.347691691691692	0.0008172555807804773	0.0014415367090445943
5.347711711711712	0.0008099691568024017	0.0014392103195027448
5.347731731731732	0.0008094363413738055	0.0014410851157805882
5.347751751751752	0.0008165082552442645	0.0014461771719483658
5.347771771771772	0.0008102265689315417	0.001439845287001226
5.347791791791792	0.0008131480582036629	0.0014350693461182527
5.347811811811812	0.0008154204814082213	0.0014421771504008211
5.347831831831832	0.0008131356027780592	0.0014395113816787488
5.347851851851852	0.0008139258303357955	0.0014412055406509898
5.347871871871872	0.0008146814594890774	0.0014406882610940375
5.347891891891892	0.0008126387696900956	0.0014379239629325456
5.347911911911912	0.0008114914865983909	0.001441278069266118
5.347931931931932	0.0008123301519223632	0.00144207177863922
5.347951951951952	0.0008153637400249164	0.0014385821943264452
5.347971971971972	0.0008118180955364396	0.0014411480651446618
5.347991991991992	0.0008159546807729956	0.0014414381796051747
5.3480120120120125	0.0008161290567314455	0.0014386259851884094
5.348032032032032	0.0008142579750185569	0.0014409674278390593
5.3480520520520525	0.0008119551052180786	0.0014432527634478172
5.348072072072072	0.0008131785047995827	0.001441338281701319
5.3480920920920925	0.0008162826736472224	0.0014410851157805882
5.348112112112112	0.0008137569901220586	0.0014405924685834907
5.3481321321321325	0.0008169912489704466	0.0014381347064557485
5.348152152152152	0.000813799892143582	0.001441962301484309
5.3481721721721724	0.0008164612014142065	0.001441757031818852
5.348192192192192	0.000811155190107095	0.0014400656097754835
5.348212212212212	0.0008135618551209362	0.0014409961655922233
5.348232232232232	0.0008155990091752056	0.0014381442857068032
5.348252252252252	0.0008148890499158032	0.00144370572517626
5.348272272272272	0.0008152128909814956	0.0014413054385548456
5.348292292292292	0.0008150385150230459	0.0014409605855168774
5.348312312312312	0.0008107621522324944	0.0014392212672182361
5.348332332332332	0.0008087706680721048	0.001440389935846906
5.348352352352352	0.0008143797614022359	0.0014424467378947882
5.348372372372372	0.0008151713728961503	0.0014378664874262175
5.348392392392393	0.0008131522100121973	0.001441356071738992
5.348412412412412	0.0008141444922519467	0.0014393074804777278
5.348432432432433	0.0008173718314194438	0.0014393663244484922
5.348452452452452	0.0008125294387320199	0.0014361408537719397
5.348472472472473	0.0008177980837623208	0.0014404487798176705
5.348492492492492	0.0008153194540672148	0.0014387833585985936
5.348512512512513	0.0008130940846927141	0.0014400272927712649
5.348532532532532	0.0008147797189577277	0.001438520613426808
5.348552552552553	0.0008145693606586455	0.0014383960831630975
5.348572572572572	0.0008163228077963893	0.0014431514970795253
5.348592592592593	0.0008127647078823092	0.0014412246991530992
5.348612612612612	0.000816803033650215	0.001440773105889093
5.348632632632633	0.000812892030010701	0.0014382168143219315
5.348652652652652	0.0008158467337510981	0.0014408456345042214
5.348672672672673	0.0008149333358735048	0.001436682765688747
5.348692692692692	0.0008166881669474268	0.0014416475546639412
5.348712712712713	0.0008110555467022668	0.0014364911806676536
5.348732732732733	0.0008114555042577585	0.0014352007187041452
5.348752752752753	0.0008144614136367482	0.0014381210218113846
5.348772772772773	0.0008129709143728568	0.001435343039005529
5.348792792792793	0.0008139341339528645	0.0014359875857550652
5.348812812812813	0.000815740170665379	0.0014402722479053773
5.348832832832833	0.0008134206936307628	0.0014391542124608532
5.348852852852853	0.0008132477016084913	0.00144170092477696
5.348872872872873	0.0008155256605577625	0.0014408990046172402
5.348892892892893	0.0008198961310084297	0.0014421620972920209
5.348912912912913	0.0008128242171379707	0.0014418733512959444
5.348932932932933	0.0008167296850327719	0.0014401477176416667
5.348952952952953	0.0008163906206691198	0.0014405787839391268
5.348972972972973	0.0008166231219470529	0.0014395236978586763
5.348992992992993	0.0008155076693874461	0.0014378623820329086
5.349013013013013	0.0008189605901519853	0.0014358220015582629
5.349033033033033	0.0008198933631360731	0.0014406964718806556
5.349053053053053	0.0008202587222871106	0.0014394785385322755
5.349073073073073	0.0008145319943818349	0.0014379417529702186
5.349093093093093	0.0008105836244655101	0.0014346560698584652
5.3491131131131135	0.000812955691074897	0.001433952679138165
5.349133133133133	0.0008167656673734046	0.001440035503557883
5.3491531531531535	0.000815715259814172	0.0014390036813728508
5.349173173173173	0.0008146814594890774	0.0014381771288532765
5.3491931931931935	0.0008154744549191701	0.0014412110145087353
5.349213213213213	0.0008162494591789464	0.0014396783343399873
5.3492332332332335	0.0008177537978046193	0.0014414682858227754
5.349253253253253	0.0008163975403500107	0.0014411453282157888
5.3492732732732735	0.0008151713728961503	0.0014361258006631394
5.349293293293293	0.0008162757539663316	0.0014355784148885869
5.3493133133133135	0.0008151436941725869	0.001440622574801091
5.349333333333333	0.0008150648098104311	0.001438651986012701
5.3493533533533535	0.0008140960544857107	0.0014421853611874392
5.349373373373373	0.0008149305680011486	0.0014410153240943327
5.3493933933933935	0.0008169441951403887	0.0014382811321504412
5.349413413413413	0.0008145527534245074	0.0014358343177381903
5.3494334334334335	0.0008097906290354176	0.0014376598492963238
5.349453453453453	0.0008152765520456914	0.0014383605030877512
5.3494734734734735	0.0008152599448115535	0.0014371083581284619
5.349493493493494	0.0008158411980063857	0.0014396810712688601
5.3495135135135135	0.0008170341509919698	0.0014361682230606674
5.349533533533534	0.0008162549949236592	0.0014414491273206658
5.349553553553553	0.0008165802199255294	0.0014382031296775676
5.349573573573574	0.0008182686220628993	0.0014403091964451595
5.349593593593593	0.0008193826906863277	0.0014393129543354734
5.349613613613614	0.0008158301265169601	0.001442316733773332
5.349633633633633	0.0008149444073629301	0.0014418651405093258
5.349653653653654	0.0008172791076955063	0.0014394881177833305
5.349673673673673	0.0008140932866133543	0.0014386875660880468
5.349693693693694	0.0008191086713230497	0.0014438713093730619
5.349713713713713	0.0008121336329850628	0.0014374805804551578
5.349733733733734	0.0008140517685280091	0.0014382564997905865
5.349753753753753	0.0008114721114918965	0.0014370508826221338
5.349773773773774	0.0008168459356717385	0.0014413040700904094
5.349793793793793	0.0008164888801377699	0.0014395045393565669
5.349813813813814	0.0008132823000129456	0.0014421634657564573
5.349833833833834	0.0008173150900361387	0.0014385041918535716
5.349853853853854	0.0008135743105465398	0.001442287996020168
5.349873873873874	0.0008149623985332465	0.0014430078083137049
5.349893893893894	0.0008162895933281133	0.001439945184905082
5.349913913913914	0.0008133431932047851	0.00143984391853679
5.349933933933934	0.0008183447385526987	0.001439802864603698
5.349953953953954	0.0008116478713865245	0.0014402161408634856
5.349973973973974	0.0008165331660954715	0.0014395346455741672
5.349993993993994	0.0008189882688755488	0.001438268815970514
5.350014014014014	0.0008175780379099916	0.0014413519663456827
5.350034034034034	0.0008143686899128106	0.001438669776050374
5.350054054054054	0.0008140157861873768	0.001437194571387954
5.350074074074074	0.0008179558524866325	0.001441596921479795
5.350094094094094	0.0008158951715173343	0.001436362545010634
5.350114114114114	0.0008121211775594592	0.0014389694697619416
5.350134134134134	0.0008159214663047195	0.0014427053776732645
5.350154154154154	0.0008205036789906471	0.0014428983311587946
5.350174174174174	0.0008135839980997871	0.0014413287024502644
5.350194194194194	0.0008135839980997871	0.0014394716962100938
5.350214214214215	0.0008160999940717039	0.0014427409577486103
5.350234234234234	0.000815208739172961	0.001439741283704061
5.350254254254255	0.0008163214238602112	0.001439783706101589
5.350274274274274	0.0008119246586221589	0.0014421785188652575
5.350294294294295	0.0008124394828804387	0.001439479906996712
5.350314314314314	0.0008108258132966902	0.001440476149106398
5.350334334334335	0.0008137929724626911	0.001440829212930985
5.350354354354354	0.0008163643258817344	0.0014437549898959692
5.350374374374375	0.0008145444498074385	0.0014353704082942567
5.350394394394394	0.0008136269001213105	0.001435479885449167
5.350414414414415	0.0008150329792783332	0.0014421730450075118
5.350434434434434	0.000818202193126347	0.0014391076846700162
5.3504544544544546	0.000816616202266162	0.0014422715744469314
5.350474474474474	0.0008157761530060116	0.0014392500049713998
5.3504944944944945	0.0008140974384218889	0.001436955090111587
5.350514514514514	0.0008177150475916305	0.0014344357470842076
5.3505345345345345	0.0008168833019485492	0.001438709461519029
5.350554554554555	0.0008151436941725869	0.0014398822355410085
5.3505745745745745	0.0008153568203440253	0.001438684829159174
5.350594594594595	0.0008144240473599375	0.0014368100328813306
5.3506146146146145	0.0008159186984323633	0.00143952232939424
5.350634634634635	0.0008118637654303193	0.0014400792944198476
5.3506546546546545	0.0008169095967359343	0.0014367881374503487
5.350674674674675	0.0008198227823909866	0.00144114122282248
5.3506946946946945	0.0008132504694808476	0.0014357741053029893
5.350714714714715	0.0008174645551433812	0.0014380443878029472
5.3507347347347345	0.0008161857981147504	0.0014421142010367473
5.350754754754755	0.0008151852122579321	0.001437828170421999
5.3507747747747745	0.0008160695474757839	0.0014412725954083725
5.350794794794795	0.0008176998242936706	0.001439697492842097
5.3508148148148145	0.0008174327246112835	0.0014385329296067355
5.350834834834835	0.000821339576442263	0.0014377830110955982
5.3508548548548545	0.0008189910367479051	0.001441353334810119
5.350874874874875	0.0008184222389786764	0.0014396003318671135
5.3508948948948944	0.0008185108108940794	0.001440013608126901
5.350914914914915	0.000816367093754091	0.001438917468113359
5.350934934934935	0.0008177247351448777	0.0014417734533920886
5.350954954954955	0.000817252812908121	0.0014410454303119332
5.350974974974975	0.0008163435668390621	0.001439952027227264
5.350994994994995	0.0008137223917176042	0.001439770021457225
5.351015015015015	0.0008154744549191699	0.0014400218189135191
5.351035035035035	0.0008150661937466092	0.001437903435966
5.351055055055055	0.0008130608702244381	0.0014385862997197548
5.351075075075075	0.0008196843887731694	0.001438870940322522
5.351095095095095	0.0008120146144737399	0.0014342085819877685
5.351115115115115	0.0008142289123588153	0.0014380265977652744
5.351135135135135	0.0008168085693949278	0.001437015302546788
5.351155155155155	0.0008128159135209015	0.001440110769101884
5.351175175175175	0.0008167864264160769	0.0014386177744017915
5.351195195195195	0.0008156266878987688	0.0014417241886723784
5.351215215215215	0.0008142302962949934	0.0014397754953149708
5.351235235235235	0.0008144863244879552	0.001438727251556702
5.351255255255255	0.0008155920894943147	0.0014430789684643968
5.351275275275276	0.0008174894659945884	0.0014366841341531835
5.351295295295295	0.0008107981345731268	0.0014398028646036983
5.351315315315316	0.0008140974384218888	0.0014419568276265635
5.351335335335335	0.0008142524392738441	0.0014384412424894978
5.351355355355356	0.0008161124494973073	0.0014413369132368825
5.351375375375375	0.0008169815614171993	0.0014405089922528713
5.351395395395396	0.0008192996545156374	0.001440332460340578
5.351415415415415	0.0008154149456635085	0.00144178029571427
5.351435435435436	0.0008180942461044496	0.0014383221860835328
5.351455455455455	0.0008166632560962199	0.0014387669370253568
5.351475475475476	0.0008150094523633042	0.0014356536804325877
5.351495495495495	0.0008147575759788768	0.0014371849921368993
5.351515515515516	0.0008159200823685414	0.0014440943690761923
5.351535535535535	0.0008166051307767365	0.0014443133233860135
5.351555555555556	0.00081637539737116	0.001440751210458111
5.351575575575575	0.0008166231219470527	0.0014441094221849923
5.351595595595596	0.0008190242512161813	0.0014415202874713577
5.351615615615615	0.0008147561920426987	0.0014452534584538078
5.351635635635636	0.0008164833443930574	0.0014423988416395147
5.351655655655656	0.0008165220946060462	0.0014433184497407638
5.351675675675676	0.0008159657522624212	0.0014457597902952691
5.351695695695696	0.000813624132248954	0.001442105990250129
5.351715715715716	0.0008133155144812217	0.0014463810731493868
5.351735735735736	0.0008136116768233505	0.0014379841753677466
5.351755755755756	0.0008129515392663624	0.001438953048188705
5.351775775775776	0.000819988854732367	0.001444674597997218
5.351795795795796	0.0008142385999120623	0.00144324044726789
5.351815815815816	0.0008151478459811214	0.0014387409362010657
5.3518358358358356	0.0008165234785422243	0.001443233604945708
5.351855855855856	0.0008186671956822128	0.0014414477588562296
5.3518758758758755	0.0008182893811055718	0.0014422182043339125
5.351895895895896	0.0008183793369571531	0.001441798085751943
5.3519159159159155	0.0008123702860715302	0.0014392677950090726
5.351935935935936	0.0008194311284525637	0.0014408360552531667
5.3519559559559555	0.0008135134173547004	0.0014377159563382154
5.351975975975976	0.0008136102928871724	0.0014444912237627431
5.3519959959959955	0.0008139756520382097	0.0014380457562673836
5.352016016016016	0.0008160916904546348	0.0014394730646745302
5.352036036036036	0.0008135826141636087	0.0014396030687959863
5.352056056056056	0.0008140822151239289	0.0014342674259585327
5.352076076076076	0.0008145236907647659	0.0014386574598704463
5.352096096096096	0.0008141237332092741	0.001438731356950011
5.352116116116116	0.0008101117022287535	0.0014393416920886373
5.352136136136136	0.0008114222897894824	0.0014376981663005424
5.352156156156156	0.0008142219926779243	0.0014351829286664722
5.352176176176176	0.0008180292011040755	0.001436663607186638
5.352196196196196	0.000816576068116995	0.0014386328275105913
5.352216216216216	0.0008125100636255254	0.001440554151579272
5.352236236236236	0.0008123702860715302	0.0014393006381555463
5.352256256256256	0.000814001946825595	0.0014391104215988888
5.352276276276276	0.0008171697767374309	0.0014433827675692735
5.352296296296296	0.00081894951866256	0.0014397084405575876
5.352316316316316	0.0008151976676835356	0.0014396140165114776
5.352336336336336	0.0008110403234043069	0.0014358178961649535
5.352356356356356	0.0008175462073778934	0.001440046451273374
5.352376376376377	0.0008129363159684026	0.0014363693873328156
5.352396396396396	0.0008192193862173035	0.0014368456129566765
5.352416416416417	0.0008143686899128106	0.0014428709618700666
5.352436436436436	0.0008148046298089347	0.0014367840320570395
5.352456456456457	0.0008148281567239635	0.0014384836648870258
5.352476476476476	0.0008132753803320547	0.001436782663592603
5.352496496496497	0.0008113752359594246	0.0014421347280032934
5.352516516516516	0.000816697854500674	0.001437316364722792
5.352536536536537	0.0008151367744916961	0.0014366020262870003
5.352556556556556	0.0008179793794016614	0.0014402613001898864
5.352576576576577	0.000815168605023794	0.0014410331141320057
5.352596596596596	0.0008119772481969294	0.0014374983704928308
5.352616616616617	0.0008201770700525985	0.0014429366481630132
5.352636636636636	0.0008152820877904041	0.0014373806825513018
5.352656656656657	0.0008143340915083563	0.001437993754618801
5.352676676676676	0.0008165580769466785	0.0014438466770132071
5.352696696696697	0.0008118983638347735	0.00143884904489154
5.352716716716716	0.0008176596901445034	0.0014452767223492263
5.352736736736737	0.0008148655230007744	0.0014409099523327313
5.352756756756757	0.0008145236907647657	0.0014404583590687252
5.352776776776777	0.000818387640574222	0.0014440054188878276
5.352796796796797	0.0008157028043885685	0.0014429366481630132
5.352816816816817	0.000814371457785167	0.0014415148136136123
5.352836836836837	0.0008125640371364742	0.0014375804783590138
5.352856856856857	0.00081484614789428	0.0014395305401808582
5.352876876876877	0.0008174977696116574	0.0014422168358694761
5.352896896896897	0.000817493617803123	0.0014410796419228426
5.352916916916917	0.0008142496714014876	0.0014379061728948728
5.352936936936937	0.0008141085099113143	0.0014404843598930163
5.352956956956957	0.0008173400008873459	0.0014429599120584318
5.352976976976977	0.0008144683333176391	0.0014401162429596298
5.352996996996997	0.000816624505883231	0.0014390775784524155
5.353017017017017	0.0008139756520382097	0.0014396277011558415
5.353037037037037	0.0008176472347188999	0.0014420088292751462
5.353057057057057	0.0008130982365012488	0.001440744368135929
5.353077077077077	0.000812602787349463	0.0014392664265446364
5.3530970970970975	0.0008118360867067558	0.001437767957986798
5.353117117117117	0.0008165982110958456	0.0014320628297515214
5.3531371371371375	0.0008158439658787419	0.0014412548053706995
5.353157157157157	0.000817582189718526	0.001443687935138587
5.3531771771771774	0.0008212551563353944	0.001439484012390021
5.353197197197197	0.000816398924286189	0.0014385671412176452
5.353217217217217	0.0008202670259041796	0.0014425740050873718
5.353237237237237	0.0008183765690847966	0.0014348859718837773
5.353257257257257	0.0008182049609987033	0.0014380088077276013
5.353277277277277	0.0008217450697424674	0.0014402311939722856
5.353297297297297	0.0008175794218461697	0.001435507254737895
5.353317317317317	0.0008202033648399837	0.0014422551528736947
5.353337337337337	0.0008154550798126757	0.0014402831956208683
5.353357357357357	0.0008192622882388268	0.0014403434080560691
5.353377377377377	0.0008166591042876852	0.0014407635266380382
5.353397397397397	0.0008134995779929186	0.001435073451511562
5.353417417417417	0.0008163006648175386	0.0014399985550181008
5.353437437437437	0.0008156003931113837	0.00144088395150844
5.353457457457457	0.0008195432272829958	0.0014393416920886375
5.353477477477478	0.0008167545958839793	0.0014395168555364944
5.353497497497497	0.0008105158115927797	0.0014402489840099587
5.353517517517518	0.0008204566251605893	0.0014388736772513947
5.353537537537537	0.0008160224936457261	0.0014386547229415737
5.353557557557558	0.0008157872244954369	0.0014383755561965515
5.353577577577577	0.0008162425394980556	0.001442704009208828
5.353597597597598	0.000819545995155352	0.001439433379205875
5.353617617617617	0.0008121073381976775	0.0014383673454099334
5.353637637637638	0.0008170978120561658	0.0014394402215280567
5.353657657657657	0.0008146233341695941	0.0014393608505907467
5.353677677677678	0.0008088550881789733	0.0014362243301025593
5.353697697697697	0.0008155602589622166	0.0014427696955017744
5.353717717717718	0.000814814317362182	0.0014403310918761417
5.353737737737737	0.0008129902894793514	0.0014415804999065587
5.353757757757758	0.00081262769820067	0.0014422072566184216
5.353777777777777	0.0008175406716331809	0.0014403885673824697
5.353797797797798	0.0008151644532152595	0.0014371685705636627
5.353817817817818	0.0008150620419380747	0.0014386150374729183
5.353837837837838	0.0008140157861873768	0.0014382797636860048
5.353857857857858	0.0008186256775968676	0.0014365910785715096
5.353877877877878	0.0008193951461119311	0.001441521655935794
5.353897897897898	0.000820293320691565	0.0014414764966093933
5.353917917917918	0.0008188817057898294	0.0014435948795569128
5.353937937937938	0.0008128076099038327	0.0014381210218113846
5.353957957957958	0.0008189287596198874	0.0014365897101070732
5.353977977977978	0.0008143548505510289	0.0014426520075602456
5.353997997997998	0.0008169428112042105	0.0014390584199503063
5.354018018018018	0.0008179890669549085	0.0014416489231283776
5.354038038038038	0.0008153443649184218	0.0014375312136393039
5.354058058058058	0.0008129432356492935	0.0014458213711949063
5.354078078078078	0.0008144683333176391	0.001439786443030462
5.354098098098098	0.0008157041883247466	0.001437940384505782
5.354118118118118	0.0008189135363219274	0.0014387395677366293
5.354138138138138	0.0008135383282059074	0.001442513792652171
5.354158158158158	0.0008169040609912215	0.0014411768028978257
5.354178178178178	0.0008143506987424943	0.0014424782125768251
5.3541981981981985	0.0008175102250372611	0.0014406335225165823
5.354218218218218	0.0008174244209942144	0.001437469632739667
5.3542382382382385	0.0008189329114284219	0.0014391706340340896
5.354258258258258	0.0008130677899053289	0.0014368305598478762
5.3542782782782785	0.0008162882093919352	0.001436102536767721
5.354298298298298	0.0008133168984173998	0.0014390077867661602
5.3543183183183185	0.0008157083401332811	0.001442549372727517
5.354338338338338	0.0008168957573741526	0.0014409291108348407
5.3543583583583585	0.0008156599023670452	0.0014405911001190543
5.354378378378378	0.0008156709738564704	0.0014381182848825118
5.3543983983983985	0.0008148364603410328	0.0014392527419002728
5.354418418418418	0.0008171683928012525	0.00143730952240061
5.3544384384384385	0.0008148392282133891	0.0014377022716938518
5.354458458458458	0.0008165470054572534	0.0014369167731073684
5.3544784784784785	0.0008139867235276352	0.0014357056820811702
5.354498498498498	0.0008124256435186571	0.0014357453675498252
5.3545185185185185	0.0008158010638572187	0.0014397713899216616
5.354538538538538	0.0008188498752577315	0.0014416201853752135
5.3545585585585584	0.0008106223746784989	0.0014348093378753401
5.354578578578579	0.0008157498582186262	0.0014373738402291203
5.354598598598598	0.0008137445346964549	0.0014379568060790189
5.354618618618619	0.0008140697596983255	0.0014382948167948053
5.354638638638638	0.0008197092996243763	0.0014387450415943748
5.354658658658659	0.0008153263737481055	0.0014384781910292803
5.354678678678678	0.0008154357047061811	0.0014391596863185985
5.354698698698699	0.0008158384301340294	0.0014344275362975893
5.354718718718718	0.0008171296425882637	0.0014386588283348827
5.354738738738739	0.0008143257878912871	0.0014332342353090641
5.354758758758758	0.0008163629419455564	0.0014376051107188688
5.354778778778779	0.0008130830132032888	0.0014359930596128106
5.354798798798798	0.0008165594608828568	0.0014375448982836677
5.354818818818819	0.0008107220180833273	0.0014394675908167846
5.354838838838838	0.0008177787086558263	0.0014367498204461298
5.354858858858859	0.0008150011487462353	0.0014385493511799724
5.354878878878878	0.0008195764417512719	0.0014396537019801326
5.354898898898899	0.0008167532119478009	0.0014418500874005258
5.354918918918919	0.0008142579750185569	0.0014395113816787488
5.354938938938939	0.0008107538486154253	0.0014336516169621608
5.354958958958959	0.0008164058439670797	0.0014403830935247241
5.354978978978979	0.0008176942885489579	0.0014358781086001545
5.354998998998999	0.0008164778086483446	0.001440414568206761
5.355019019019019	0.0008146565486378704	0.0014403242495539597
5.355039039039039	0.0008168058015225714	0.001443605827272404
5.355059059059059	0.0008118955959624172	0.0014453232501400635
5.355079079079079	0.0008133155144812217	0.0014395373825030402
5.355099099099099	0.0008135466318229764	0.0014403735142736697
5.355119119119119	0.000814381145338414	0.00144120554065099
5.355139139139139	0.000817961388231345	0.001439529171716422
5.355159159159159	0.0008151796765132193	0.0014408661614707672
5.355179179179179	0.0008103442035066863	0.0014396085426537318
5.355199199199199	0.000811378003831781	0.0014405048868595621
5.355219219219219	0.0008166383452450127	0.0014426834822422825
5.355239239239239	0.0008110057249998524	0.0014411631182534618
5.355259259259259	0.0008185606325964937	0.0014425220034387895
5.355279279279279	0.000817187767907747	0.0014415011289692482
5.3552992992993	0.0008120505968143725	0.0014392636896157637
5.355319319319319	0.0008141998496990736	0.001441295859303791
5.35533933933934	0.0008112963515972687	0.00143703719797777
5.355359359359359	0.0008130484147988344	0.0014386903030169198
5.35537937937938	0.0008179226380183563	0.0014417447156389244
5.355399399399399	0.0008163906206691198	0.0014413300709147005
5.35541941941942	0.0008175448234417153	0.0014409031100105492
5.355439439439439	0.0008184014799360039	0.0014399561326205732
5.35545945945946	0.0008171351783329763	0.0014397029666998425
5.355479479479479	0.0008182298718499105	0.0014445144876581617
5.3554994994994995	0.000819584745368341	0.0014406061532278543
5.355519519519519	0.0008112437620224981	0.0014414723912160841
5.3555395395395395	0.0008116575589397716	0.0014407895274623297
5.355559559559559	0.0008187059458952018	0.0014417022932413964
5.3555795795795795	0.0008162300840724519	0.0014418405081494709
5.355599599599599	0.0008100978628669718	0.001440862056077458
5.3556196196196195	0.0008097947808439521	0.001441260279228445
5.35563963963964	0.00081444480640261	0.001438186708104331
5.3556596596596595	0.000814862755128418	0.0014388586241425945
5.35567967967968	0.0008172998667381789	0.0014405089922528713
5.3556996996996995	0.0008143064127847929	0.0014388298863894306
5.35571971971972	0.0008136310519298447	0.0014359451633575375
5.3557397397397395	0.0008100771038242993	0.0014411726975045165
5.35575975975976	0.0008095982619066517	0.0014399506587628274
5.3557797797797795	0.000811041707340485	0.001440686892629601
5.3557997997998	0.0008129792179899258	0.0014370111971534786
5.3558198198198195	0.0008148281567239635	0.0014388942042179405
5.35583983983984	0.000810695723295942	0.0014427395892841741
5.3558598598598595	0.0008113254142570104	0.0014430132821714506
5.35587987987988	0.0008102570155274617	0.0014372739423252642
5.3558998998998995	0.0008139604287402499	0.0014388079909584484
5.35591991991992	0.0008147326651276698	0.0014418678774381988
5.355939939939939	0.0008134400687372572	0.00143878472706303
5.35595995995996	0.0008145361461903693	0.0014389051519334316
5.355979979979979	0.0008107538486154253	0.001440722472704947
5.356	0.00081343038118401	0.0014427081146021373
